40.4971984347,-73.8997292519
40.5251603258,-73.9492321014
40.5254294472,-73.9497256279
40.5254783783,-73.9502620697
40.5072654061,-74.0535271168
40.5025747444,-74.0777850151
40.499580707,-74.094543457
40.4774353675,-74.2281389236
40.487464505,-74.2533195019
40.4973697654,-74.2590808868
40.502403427,-74.2590916157
40.5080321961,-74.25822258
40.5153652025,-74.2547571659
40.5209928838,-74.2461419106
40.524752564,-74.2464637756
40.5334944326,-74.2488884926
40.541876422,-74.250562191
40.549197574,-74.2473435402
40.5535915114,-74.2395114899
40.558441627,-74.2315614223
40.5570477642,-74.2184829712
40.5602919147,-74.215285778
40.5764858617,-74.2089986801
40.5791586679,-74.2082691193
40.5885533861,-74.2062628269
40.592488509,-74.2038166523
40.5974417092,-74.1996109486
40.5980038091,-74.1995036602
40.600219577,-74.1994714737
40.6058564202,-74.2037200928
40.6062881242,-74.2037844658
40.6139768744,-74.2031407356
40.6182851198,-74.201939106
40.6187330311,-74.2019176483
40.6243683128,-74.2036879063
40.6283664685,-74.2024862766
40.6308417851,-74.2022609711
40.6358328517,-74.1970145702
40.6378031211,-74.1954910755
40.6440961954,-74.1885495186
40.6458789895,-74.1858136654
40.6464406819,-74.1811144352
40.6422238032,-74.1439282894
40.6421993803,-74.1427481174
40.6436321726,-74.1341650486
40.6440147881,-74.1257750988
40.6455126658,-74.1204535961
40.647995487,-74.1099393368
40.6482396939,-74.0939319134
40.6515201204,-74.0869367123
40.6515933787,-74.0863573551
40.6518131531,-74.0713691711
40.6517561746,-74.0560054779
40.6519840882,-74.0555870533
40.6552480519,-74.0534627438
40.6600907959,-74.0506732464
40.6616941144,-74.0495467186
40.6860321492,-74.034923315
40.7000483212,-74.0262651443
40.722599788,-74.0221452713
40.7275433368,-74.0210831165
40.745070461,-74.0167915821
40.756774317,-74.0136802197
40.7632918213,-74.0093886852
40.7740662435,-74.0015459061
40.7801433519,-73.997490406
40.7863417547,-73.9928340912
40.7978109298,-73.9847016335
40.8108697305,-73.9748311043
40.8205403575,-73.9681899548
40.8270597242,-73.9631044865
40.848212806,-73.9538776875
40.8584703501,-73.9483845234
40.8888846902,-73.9297485352
40.9115991145,-73.920725584
40.9137882398,-73.9197707176
40.9150287119,-73.9190304279
40.9172663676,-73.9184617996
40.9178663058,-73.9178717136
40.919674195,-73.9176034927
40.9255677324,-73.915361166
40.9418269544,-73.9104473591
40.9514298489,-73.9073038101
40.9745278001,-73.898870945
40.9810806042,-73.8966822624
40.9961682077,-73.8941395283
40.9972046957,-73.8941609859
40.9973018656,-73.9024543762
40.9976095694,-73.9050614834
40.998435504,-73.9069604874
41.0012047387,-73.9117133617
41.0048482913,-73.919416666
41.0074796207,-73.9256179333
41.020828962,-73.9549076557
41.0226583153,-73.9593279362
41.0253132155,-73.9648211002
41.0598495374,-74.0428948402
41.0613784916,-74.0458774567
41.064080366,-74.0524113178
41.0670975975,-74.0591597557
41.068108703,-74.0618526936
41.0708750085,-74.0680539608
41.0729617935,-74.0720880032
41.0844217533,-74.0983736515
41.0906563613,-74.1121923923
41.0970925085,-74.1271698475
41.1042556193,-74.1424262524
41.1054520898,-74.1455590725
41.111838287,-74.1601073742
41.1130427026,-74.1632401943
41.1214568291,-74.1820800304
41.121739706,-74.1831743717
41.12294394,-74.185706377
41.1313002302,-74.2067992687
41.1419339695,-74.2323768139
41.147137086,-74.2441356182
41.1504090208,-74.2509806156
41.1723227343,-74.3013846874
41.1822957721,-74.3208038807
41.2051109537,-74.3708002567
41.2089207823,-74.3787503242
41.2484911295,-74.4581651688
41.2675899331,-74.5001471043
41.3179233428,-74.6076714993
41.3254007139,-74.6246659756
41.3292277002,-74.6329808235
41.3328369465,-74.6414458752
41.3375173899,-74.6514236927
41.352869461,-74.68536973
41.3572505004,-74.694467783
41.3575645709,-74.6958839893
41.3590221605,-74.6936953068
41.360230083,-74.6912384033
41.3614299304,-74.6898972988
41.3618406114,-74.6897256374
41.3640872319,-74.6895861626
41.3662452029,-74.6904551983
41.3674529913,-74.6912384033
41.3703676949,-74.6949076653
41.3752386622,-74.7035014629
41.3789339131,-74.7084367275
41.3822103543,-74.7104215622
41.3862271908,-74.7118592262
41.3896561976,-74.7133505344
41.3926021013,-74.71606493
41.3946705932,-74.720968008
41.395113258,-74.7269439697
41.39560421,-74.730001688
41.3970287547,-74.7337245941
41.3981232988,-74.7356343269
41.3987832357,-74.7364389896
41.401036628,-74.7384238243
41.4046901767,-74.7407090664
41.4077400083,-74.7416746616
41.4097999718,-74.7415781021
41.4105322088,-74.7413742542
41.4113931801,-74.7410523891
41.4135013047,-74.7386813164
41.4139277491,-74.738445282
41.4168725526,-74.7369754314
41.4226491291,-74.7347760201
41.4257946531,-74.7349154949
41.4274116024,-74.7355163097
41.4293985445,-74.7368896008
41.430661468,-74.7385847569
41.4311360635,-74.7409665585
41.4304121029,-74.7444212437
41.4281516851,-74.7503006458
41.4276368458,-74.7512125969
41.4254406887,-74.7539055347
41.4245879484,-74.7553110123
41.4240730809,-74.7562873363
41.4233249067,-74.7584652901
41.4232283675,-74.7608578205
41.4235903889,-74.7635507584
41.4245316349,-74.7669303417
41.4261566602,-74.770513773
41.4263577744,-74.7729814053
41.4259716346,-74.7751164436
41.4251430354,-74.777905941
41.4230352886,-74.7825086117
41.4224238683,-74.7843003273
41.4218204874,-74.7871863842
41.4216595849,-74.7901690006
41.4225686789,-74.793548584
41.4228180742,-74.7940313816
41.4240569912,-74.795447588
41.4256257158,-74.7966063023
41.431570436,-74.7996640205
41.432873536,-74.8001146317
41.4361553017,-74.8004043102
41.437040063,-74.8006403446
41.4382787086,-74.801337719
41.4417371395,-74.8051786423
41.4423483779,-74.8061978817
41.4428470154,-74.8076784611
41.4430400354,-74.8100495338
41.442887228,-74.8124313354
41.4422599095,-74.8143088818
41.4403940034,-74.8181927204
41.4392036559,-74.819984436
41.4365011644,-74.8231494427
41.435302702,-74.8239970207
41.4325356978,-74.8253810406
41.4317795773,-74.8260140419
41.431224547,-74.8269474506
41.4308062603,-74.8282456398
41.4305166755,-74.8306059837
41.4308303923,-74.8347902298
41.4316347872,-74.8369145393
41.4330585419,-74.8390603065
41.4346190056,-74.8410344124
41.4360105214,-74.8433840275
41.4372572299,-74.8451328278
41.439670146,-74.8478257656
41.4402492325,-74.8487484455
41.4430159079,-74.8538661003
41.4439568724,-74.8565912247
41.4443589898,-74.8583078384
41.4443831168,-74.8618590832
41.4439649148,-74.8648095131
41.4433456492,-74.8670625687
41.441946248,-74.870903492
41.4412063225,-74.8745512962
41.4403618321,-74.8766541481
41.4396621031,-74.880130291
41.4382224071,-74.8890888691
41.4382063209,-74.8902797699
41.43862456,-74.8926079273
41.4390186675,-74.8941743374
41.4397264463,-74.8957085609
41.4404985599,-74.8962450027
41.4422840373,-74.8963630199
41.4452195127,-74.8954296112
41.446819894,-74.8943352699
41.4478251385,-74.8932945728
41.4502698281,-74.8897862434
41.4512348118,-74.8891103268
41.4516770912,-74.8890137672
41.4525696822,-74.8891317844
41.4551428489,-74.8902690411
41.4559549835,-74.8907625675
41.4566143328,-74.8915565014
41.4573862454,-74.8930370808
41.4582305142,-74.8952150345
41.4596617259,-74.9035835266
41.4601361093,-74.9051392078
41.4608999397,-74.9066090584
41.461261751,-74.9069416523
41.4638586926,-74.9079287052
41.465201343,-74.9081969261
41.467822245,-74.9081110954
41.4721714224,-74.9090766907
41.4733852811,-74.909838438
41.474116801,-74.9105465412
41.4760621212,-74.9133574963
41.4764158095,-74.9143767357
41.4771071038,-74.9179279804
41.4768739937,-74.9221122265
41.4770910272,-74.9238717556
41.4774447099,-74.9249660969
41.4784494798,-74.9270260334
41.4812547148,-74.9309313297
41.4823799898,-74.9327874184
41.4829104698,-74.9350726604
41.4835373952,-74.9417459965
41.4835373952,-74.9441385269
41.4833284207,-74.9452972412
41.4827738314,-74.9462199211
41.4812064883,-74.9473786354
41.4805715025,-74.9481940269
41.4770588742,-74.955650568
41.4766328445,-74.9567019939
41.4764318862,-74.9578607082
41.4768096874,-74.9655425549
41.4772919836,-74.9690723419
41.4788272692,-74.9756598473
41.4799606243,-74.9817216396
41.4806518808,-74.9829983711
41.4813592054,-74.9837064743
41.4834409455,-74.9848651886
41.4859566271,-74.9855840206
41.4895411037,-74.9851334095
41.4912930851,-74.9845969677
41.4962835615,-74.9825263023
41.4985094632,-74.9821829796
41.5011209832,-74.9824297428
41.5050501178,-74.9837064743
41.5067534723,-74.9844789505
41.5078381322,-74.9855518341
41.5086415723,-74.9871075153
41.5087138814,-74.9876010418
41.5087540531,-74.9937057495
41.5074123049,-75.000025034
41.5074685464,-75.0012266636
41.5079747177,-75.0028789043
41.5093887626,-75.0037050247
41.511975742,-75.0035226345
41.5145867189,-75.0025677681
41.5171413574,-75.0011086464
41.518868493,-75.0009262562
41.5206277139,-75.0013232231
41.5233989924,-75.0033187866
41.5242102717,-75.0040698051
41.5252143163,-75.0054323673
41.5269091081,-75.0072991848
41.5287082697,-75.0099921227
41.5308206144,-75.0138759613
41.5320494372,-75.0164830685
41.532699981,-75.0212037563
41.533286268,-75.023188591
41.5341536417,-75.0242829323
41.5349888794,-75.0247013569
41.5381289556,-75.0250339508
41.5398876529,-75.0247013569
41.5409396362,-75.0235855579
41.5415499392,-75.0225663185
41.5428427991,-75.0174593925
41.5434852043,-75.0166547298
41.5442962317,-75.0161504745
41.5451795174,-75.0160217285
41.5465044233,-75.0163435936
41.5521329631,-75.0187790394
41.5592943909,-75.0245940685
41.5636133438,-75.0274586678
41.5642475152,-75.0283062458
41.5646328315,-75.0293576717
41.5646809958,-75.0317394733
41.5652027743,-75.0333809853
41.5670088977,-75.0369000435
41.5685179755,-75.0391316414
41.5695373858,-75.0403225422
41.5738396015,-75.0435197353
41.5808060148,-75.0456440449
41.5821061148,-75.0461268425
41.5832537121,-75.0468027592
41.5877957503,-75.0529611111
41.589175953,-75.0567376614
41.590909189,-75.060095787
41.5949131073,-75.0637972355
41.5996308326,-75.0671768188
41.6020136341,-75.0697410107
41.6045006396,-75.0731742382
41.6058804851,-75.0746440887
41.607252279,-75.0747191906
41.6079662421,-75.0745260715
41.6086079999,-75.0737214088
41.6094984283,-75.0716292858
41.6098112786,-75.0705134869
41.6101241274,-75.0679707527
41.6096107337,-75.063829422
41.6096508428,-75.0626385212
41.6099556706,-75.0615227222
41.610637517,-75.0599777699
41.6109824484,-75.0596451759
41.6118568009,-75.059773922
41.6147685502,-75.0613296032
41.6157471251,-75.0616407394
41.6166053712,-75.061404705
41.6169663124,-75.0610506535
41.6174716268,-75.0600743294
41.6180571447,-75.0582289696
41.6185544298,-75.0559222698
41.6186185953,-75.0535297394
41.6181373523,-75.0518667698
41.6161401551,-75.0486266613
41.6157952514,-75.047339201
41.6160118191,-75.046030283
41.6165331827,-75.0450861454
41.6172951682,-75.0444853306
41.6181614145,-75.0442171097
41.620848308,-75.0443565845
41.6225646531,-75.0437128544
41.6236794509,-75.0435841084
41.6251150254,-75.0446140766
41.6285153648,-75.0461804867
41.6320438293,-75.0482082367
41.6339122335,-75.0486695766
41.6357084164,-75.0488305092
41.638402597,-75.048712492
41.640832074,-75.0492489338
41.6421710535,-75.049238205
41.6430690362,-75.0491416454
41.6439269186,-75.0488090515
41.6454903199,-75.0476932526
41.6463561874,-75.047929287
41.6475266934,-75.0488197803
41.6483123636,-75.0490880013
41.6568178326,-75.048712492
41.6586053614,-75.0488841534
41.6621321785,-75.0498175621
41.6629657616,-75.0502038002
41.6680952663,-75.053948164
41.6686322376,-75.0548601151
41.6689528154,-75.0572097301
41.6694897797,-75.0581538677
41.6700587966,-75.0586688519
41.6708522061,-75.0590443611
41.6721825477,-75.059312582
41.6736651248,-75.0590980053
41.6745626684,-75.0585186481
41.6783370229,-75.0527894497
41.679010133,-75.0519955158
41.679779393,-75.051394701
41.6811416016,-75.0511050224
41.682327501,-75.0512230396
41.6832088985,-75.0514698029
41.6844668723,-75.0520920753
41.6884729942,-75.0527787209
41.6908765476,-75.0539267063
41.6958035513,-75.0568127632
41.6996888084,-75.0598275661
41.7058246333,-75.06762743
41.7071702712,-75.0684535503
41.7084758334,-75.0688076019
41.7102619277,-75.0685715675
41.7114793268,-75.067820549
41.712504487,-75.0667154789
41.7126566579,-75.0661575794
41.7129369716,-75.0643980503
41.7129449806,-75.0613939762
41.7114232628,-75.0523281097
41.7116475182,-75.0511908531
41.7119438545,-75.0507509708
41.7131291861,-75.0499463081
41.7151393943,-75.0497317314
41.7168932696,-75.0502467155
41.7198082808,-75.0517702103
41.7221546085,-75.0520062447
41.7272473664,-75.0535511971
41.7299056898,-75.0540983677
41.7351099199,-75.054795742
41.7364469387,-75.0546884537
41.7445885418,-75.052832365
41.7519687294,-75.053293705
41.7536415607,-75.0540983677
41.7567549919,-75.0563514233
41.7605725407,-75.0581109524
41.7645659178,-75.0607073307
41.7667585683,-75.065202713
41.767342729,-75.0687217712
41.7687911044,-75.0725841522
41.7690711732,-75.0730240345
41.770575522,-75.0743222237
41.7713996981,-75.0756418705
41.7715837359,-75.0773584843
41.768407008,-75.0925397873
41.7683910039,-75.0955331326
41.7689671478,-75.1002752781
41.7695912978,-75.1018202305
41.7715517294,-75.1036655903
41.7727919715,-75.1043522358
41.7741202042,-75.1046204567
41.7767605852,-75.104008913
41.7795288678,-75.1039552689
41.7820410209,-75.1035261154
41.7863450545,-75.1023674011
41.7880249892,-75.1014125347
41.7898248704,-75.0997924805
41.7920166574,-75.096809864
41.7934804735,-75.0954043865
41.7960080771,-75.0933873653
41.7963840097,-75.092818737
41.7972958369,-75.0900828838
41.7975197924,-75.088301897
41.7973598242,-75.0865316391
41.7966239654,-75.0836992264
41.7965199847,-75.0813174248
41.7973678227,-75.0785493851
41.7985835707,-75.0768220425
41.7996793239,-75.0757920742
41.802166694,-75.0744402409
41.8082607425,-75.072208643
41.8100280681,-75.0717902184
41.8113635261,-75.071747303
41.8130268122,-75.0719189644
41.8138664353,-75.0723052025
41.8145541185,-75.073056221
41.8151138552,-75.0746655464
41.8152657829,-75.076457262
41.8150898666,-75.0782382488
41.8147380325,-75.0799655914
41.8135545766,-75.0823581219
41.8121631883,-75.0843644142
41.8117553618,-75.0853943825
41.811531456,-75.0871539116
41.8116114224,-75.0895357132
41.8121631883,-75.0911343098
41.8135545766,-75.0938057899
41.8159614471,-75.0973677635
41.8180403987,-75.0996422768
41.8188399774,-75.101069212
41.8219342533,-75.111079216
41.8227417787,-75.1132142544
41.8256919582,-75.1148235798
41.8274667975,-75.1151454449
41.8302968449,-75.1149737835
41.8333505974,-75.1140403748
41.8358606409,-75.1134824753
41.8375872379,-75.1133000851
41.8407205728,-75.1133859158
41.8424870026,-75.1138043404
41.843709887,-75.1145231724
41.8447089582,-75.115724802
41.8453483555,-75.1168942451
41.8457799452,-75.1185894012
41.8458678612,-75.1209819317
41.8455721431,-75.1241576672
41.8449647179,-75.1272475719
41.8451405521,-75.1308095455
41.8455801355,-75.1318180561
41.8482735171,-75.1349830627
41.8504872799,-75.1384913921
41.8518858271,-75.1399612427
41.8521095918,-75.140465498
41.8521175833,-75.1416456699
41.8515501785,-75.1445531845
41.848769023,-75.1522135735
41.8483294615,-75.154531002
41.8483294615,-75.1563227177
41.8484972944,-75.1575028896
41.8490727183,-75.1595520973
41.8499038769,-75.161665678
41.850447321,-75.1626205444
41.8520536507,-75.1647126675
41.8533642579,-75.1658499241
41.853827759,-75.1661717892
41.8546988121,-75.1663756371
41.8571281088,-75.1678991318
41.858478566,-75.1685214043
41.860236515,-75.1688432693
41.8614031271,-75.168800354
41.8670441158,-75.1680707932
41.8679309682,-75.1681780815
41.8690814611,-75.1685750484
41.8702638905,-75.1691544056
41.8710148816,-75.1697874069
41.8716220595,-75.1706564426
41.872165319,-75.1722979546
41.8726446618,-75.1746046543
41.8726206947,-75.1757955551
41.8721972753,-75.1768040657
41.871142709,-75.1779198647
41.8699363278,-75.1791322231
41.8692891868,-75.1795506477
41.8653582634,-75.1806342602
41.8620343673,-75.1823830605
41.8605002031,-75.1839923859
41.8599967975,-75.1849687099
41.8600607223,-75.1867389679
41.8611074809,-75.1886701584
41.8622261353,-75.1899683475
41.8628973185,-75.1904940605
41.8649507758,-75.1913523674
41.8663649863,-75.1927900314
41.8671879306,-75.1942169666
41.8687938398,-75.1978325844
41.8693131551,-75.2024352551
41.8698644235,-75.2041947842
41.8696487104,-75.2071774006
41.8692252712,-75.2097845078
41.8674356107,-75.2149236202
41.8671479821,-75.2153635025
41.8660054443,-75.2163076401
41.8631929565,-75.218142271
41.8603723545,-75.2202987671
41.8587023077,-75.2222943306
41.8579271993,-75.2228736877
41.8574797099,-75.2236998081
41.8575756007,-75.2260708809
41.8581589337,-75.2276909351
41.8593815186,-75.2293753624
41.8592057235,-75.230512619
41.8594774066,-75.2315962315
41.8615389642,-75.2345252037
41.8645033355,-75.2373039722
41.865502082,-75.238494873
41.8666925673,-75.2402973175
41.867124013,-75.2413165569
41.8671320027,-75.2425074577
41.8667325161,-75.2435588837
41.8633207995,-75.248054266
41.862569718,-75.2495348454
41.8620663287,-75.2511978149
41.86209829,-75.2573668957
41.8622261353,-75.257935524
41.8636244257,-75.2602636814
41.8646391659,-75.2614331245
41.8661332817,-75.2627420425
41.8682585412,-75.2637076378
41.8695847952,-75.263954401
41.8703198157,-75.2638792992
41.8711746658,-75.2635788918
41.8719655918,-75.2630209923
41.8732997578,-75.2614223957
41.8753209263,-75.2582573891
41.8761357667,-75.2577638626
41.8770145044,-75.2575814724
41.8774538688,-75.2576780319
41.8801938365,-75.2587080002
41.883876232,-75.2607893944
41.8851542373,-75.2632462978
41.8859929143,-75.2677309513
41.8872149669,-75.2709281445
41.8874945181,-75.2713251114
41.8932370282,-75.2725696564
41.8970863773,-75.2727198601
41.9017180667,-75.2680313587
41.9023009969,-75.2677202225
41.9043691584,-75.2673983574
41.9070440941,-75.2675807476
41.9083296204,-75.2680635452
41.9111401218,-75.2696084976
41.9196986139,-75.2754342556
41.9222451824,-75.2765393257
41.9235862811,-75.2766788006
41.9268271532,-75.2765285969
41.929780514,-75.2769899368
41.9333562921,-75.2772259712
41.9358943344,-75.278416872
41.9389270826,-75.2792108059
41.9405631106,-75.2827620506
41.9418080599,-75.2844786644
41.9423188013,-75.2873539925
41.9430450047,-75.2894997597
41.9449123468,-75.2908730507
41.9470509449,-75.2917206287
41.9488224159,-75.2918815613
41.9525168119,-75.291506052
41.9540088723,-75.2927720547
41.954551431,-75.2937161922
41.9547748362,-75.2954757214
41.9545274947,-75.2984583378
41.9537216334,-75.3005826473
41.9526524552,-75.3016126156
41.9516231547,-75.3017306328
41.9492373479,-75.3012907505
41.9488702928,-75.3013980389
41.9482478902,-75.3035974503
41.9482798084,-75.3041768074
41.9491814919,-75.3075563908
41.9490937179,-75.3105175495
41.9500751833,-75.3125989437
41.9521497757,-75.3151845932
41.953968978,-75.3178238869
41.9543200462,-75.318145752
41.9569609743,-75.3186821938
41.9606628766,-75.3199803829
41.9609660401,-75.3203344345
41.9618436105,-75.3225445747
41.9645241145,-75.3257203102
41.9672443916,-75.3277587891
41.9681936691,-75.3287351131
41.9684648887,-75.3291857243
41.9693662866,-75.3325867653
41.9704750683,-75.3357625008
41.9707861619,-75.3393352032
41.9729877036,-75.3422105312
41.9743117827,-75.3424143791
41.9777095945,-75.3403973579
41.9807882064,-75.3396570683
41.9824151847,-75.3386700153
41.9843611238,-75.3378009796
41.9865143477,-75.3376078606
41.992814103,-75.3412127495
41.9938746335,-75.3431332111
41.9953338306,-75.3466629982
41.995923879,-75.3495597839
41.9969285434,-75.3529071808
41.9993364839,-75.3592908382
41.9994401349,-75.3628635406
41.9992328327,-75.3860378265
41.9994241886,-75.4721260071
41.9992408059,-75.484303236
41.9989617442,-75.610742569
41.9983557774,-75.6748580933
41.9978614318,-75.7413768768
41.9979411652,-75.7553672791
41.997797645,-75.7607638836
41.9980208985,-75.7743358612
41.9983238842,-75.8328723907
41.9988341727,-75.8720111847
41.998882012,-75.8884048462
41.998610922,-75.890775919
41.998610922,-75.8925783634
41.999033503,-75.981477499
41.9987863333,-76.0873603821
41.9989617442,-76.1301040649
41.998642815,-76.1496627331
41.9987544404,-76.1588573456
41.9983478041,-76.2497520447
41.9984036171,-76.3736057281
41.998706601,-76.4451026917
41.9993524302,-76.485260725
41.9997032483,-76.523809433
42.0001417682,-76.5517795086
42.000532447,-76.6057133675
42.0004846089,-76.6220855713
42.000652042,-76.6250789165
42.0016885233,-76.7489433289
42.0015689301,-76.749984026
42.0016725775,-76.8148720264
42.0018958175,-76.8158912659
42.0019436545,-76.830214262
42.0021350023,-76.8356001377
42.001576903,-76.9009494781
42.001816089,-76.9026875496
42.0016725775,-76.9327068329
42.0014174452,-76.9412899017
42.0009390693,-76.9950199127
42.0004846089,-77.0181941986
42.0003969056,-77.031583786
42.000596231,-77.0448553562
42.0004606898,-77.0639419556
41.9996235171,-77.10547328
41.999392296,-77.1244525909
41.9994241886,-77.1714019775
41.9997909525,-77.1975803375
41.9996235171,-77.2477054596
41.9997750063,-77.2604835033
41.9997112214,-77.3062419891
41.9999823067,-77.3563671112
41.9998547373,-77.375164032
42.0000700106,-77.3965251446
42.0000700106,-77.505197525
41.999392296,-77.5845050812
41.9994401349,-77.654800415
41.9988501191,-77.7097320557
41.998642815,-77.7414894104
41.9987703869,-77.7512741089
41.9984355102,-77.77384758
41.9985630825,-77.8171920776
41.9982919911,-77.823189497
41.9982600979,-77.8281784058
41.9984992964,-77.8403663635
41.998371724,-77.9056835175
41.998706601,-77.9374408722
41.9987544404,-77.9977798462
41.9994241886,-78.0295372009
42.0002055526,-78.1118488312
42.0004527168,-78.1248092651
41.9989776906,-78.27003479
41.999392296,-78.3029937744
41.9996474365,-78.3591270447
41.9995916246,-78.3932876587
41.9999663606,-78.5507011414
41.9998866297,-78.5952472687
41.9981006318,-78.7504291534
41.9975584439,-78.8742828369
41.9991291813,-78.9999389648
41.9995039201,-79.1225910187
41.9992647254,-79.1379547119
41.9994560812,-79.1483402252
41.9994560812,-79.1788959503
41.9993604034,-79.1934871674
41.9990574226,-79.2068660259
41.9987863333,-79.2544269562
41.998706601,-79.3778514862
41.9985630825,-79.432182312
41.9982521246,-79.4723510742
41.9985551092,-79.5278835297
41.998371724,-79.5376574993
41.9983876705,-79.5520341396
41.9985551092,-79.5536005497
41.9988341727,-79.5750045776
41.9990414762,-79.6169757843
41.9990494494,-79.6255588531
41.9987703869,-79.6311271191
41.998882012,-79.6573162079
41.9993364839,-79.6780872345
41.9992248595,-79.6872711182
41.9988580924,-79.6948564053
41.9988182262,-79.760774374
41.9988341727,-79.7611498833
41.9995836514,-79.7615039349
42.0003490674,-79.7616219521
42.020095211,-79.7618150711
42.1184076857,-79.7617077827
42.1292219917,-79.7620618343
42.1333673841,-79.7619116306
42.1501053256,-79.761954546
42.1509246074,-79.7617828846
42.1555776088,-79.7617292404
42.183567934,-79.7617506981
42.2427520854,-79.762147665
42.2435066271,-79.7618472576
42.2443961804,-79.7618472576
42.374802139,-79.7625660896
42.4448680101,-79.7623300552
42.4998202193,-79.7625875473
42.5148635153,-79.7607207298
42.5149584142,-79.7602915764
42.8282799198,-78.9354211092
42.8783070518,-78.9162325859
42.8811530654,-78.9155888557
42.9002504954,-78.9059725175
42.923953216,-78.9061260223
42.9337727817,-78.9095163345
42.9471248788,-78.9192795753
42.956029903,-78.9326906204
42.9578549485,-78.9617657661
42.9689061421,-78.9752197266
42.9852749639,-79.0117263794
42.9947447025,-79.0201735497
43.0163176996,-79.0234651566
43.0291217095,-79.0118587017
43.0473301147,-79.0053462982
43.0559440087,-78.9997029305
43.0659302506,-79.0073990822
43.07786746,-79.0741348267
43.0816071563,-79.0754270554
43.0885691749,-79.069853425
43.0913995948,-79.0661707521
43.107124162,-79.0579283238
43.1107350131,-79.0586042404
43.11390706,-79.0601491928
43.1160811879,-79.062543869
43.1203567378,-79.0696500648
43.1264213351,-79.059612751
43.1270477647,-79.057059288
43.129287198,-79.0542054176
43.1315578684,-79.0527033806
43.1351716274,-79.0495300293
43.138416347,-79.0436697006
43.1436179778,-79.0423297882
43.1493109326,-79.0428772995
43.1521153423,-79.0443348885
43.15609139,-79.0449786186
43.1622001103,-79.0465996482
43.1628062532,-79.0469741821
43.1676736764,-79.0511584282
43.1739099845,-79.0533578395
43.1843232776,-79.0527033806
43.2001827722,-79.0487241745
43.2103526503,-79.0565872192
43.2234882605,-79.0530788899
43.2386219782,-79.0557718277
43.2398021876,-79.0557718277
43.2487663436,-79.0547096729
43.25468311,-79.0559470653
43.2624718395,-79.0704917908
43.447248608,-79.198486805
43.4499475121,-79.2003375292
43.4506186495,-79.2003571987
43.6311675634,-78.6904013157
43.6311376108,-76.7967111724
44.0939963032,-76.4390516281
44.1343397829,-76.3528543711
44.1990881971,-76.3127260208
44.2038188639,-76.2866990907
44.2038617145,-76.2454267911
44.2149710277,-76.2068796158
44.2155246808,-76.2055492401
44.2214084606,-76.1917133331
44.2397726513,-76.1643719673
44.280650208,-76.1618614197
44.2810188987,-76.1613249779
44.2963482381,-76.1313271523
44.2963482381,-76.1310696602
44.2951400587,-76.1294746399
44.2949133394,-76.1181889261
44.2980823929,-76.111895442
44.2997064368,-76.0969913006
44.331635559,-76.0458469391
44.344123055,-76.0081386566
44.3478288893,-76.0011327267
44.3473455329,-75.9922814369
44.3470885084,-75.9907311201
44.3472074303,-75.9880971909
44.3468698449,-75.9861123562
44.3474606181,-75.982067585
44.3460105278,-75.9802436829
44.3465082394,-75.9784328419
44.3460309879,-75.9750473499
44.3430120263,-75.9729223251
44.3425520328,-75.9700807929
44.3489260168,-75.9497952461
44.3547450526,-75.9407347441
44.3592737357,-75.929582119
44.3687340744,-75.9217205644
44.3678322556,-75.9127664566
44.3961009604,-75.8700084686
44.4320484269,-75.8213710785
44.4717681312,-75.8075657487
44.5153281944,-75.7669115067
44.5438110778,-75.7258844376
44.5461814739,-75.7233953476
44.5481847657,-75.7199835777
44.5657577642,-75.6993484497
44.5926930605,-75.6614398956
44.6188369373,-75.6198620796
44.7052356575,-75.5051279068
44.7207893046,-75.4760527611
44.7559221009,-75.4238677025
44.7568820468,-75.423116684
44.772190267,-75.4137246609
44.7734881102,-75.3965091705
44.7796026398,-75.3878893171
44.7829849369,-75.3699338436
44.7878507889,-75.3695368767
44.8090512921,-75.3444314003
44.8063066995,-75.3334606777
44.826422955,-75.3019380569
44.8366541277,-75.3074598312
44.848414942,-75.2847146988
44.8549409298,-75.2683639526
44.8573594647,-75.2560043335
44.8671694607,-75.2410268784
44.8683195542,-75.2282890677
44.8777532558,-75.218474865
44.8778292817,-75.2028536797
44.8826761523,-75.194208622
44.8831903798,-75.188867569
44.8935644948,-75.1650667191
44.8969618236,-75.1399934291
44.9149787508,-75.1347470284
44.9151914855,-75.1344037056
44.9210667041,-75.1176616124
44.919628344,-75.1048135757
44.9271033718,-75.0962948799
44.9294986187,-75.064637661
44.9345065394,-75.0599527359
44.9466067897,-75.0267291069
44.9584210584,-75.004992485
44.9624800699,-75.0029182434
44.9661035834,-74.9994656018
44.9718158109,-74.9993042512
44.9772611498,-74.99314785
44.9776406207,-74.9924612045
44.9834689781,-74.9726986885
44.9835448642,-74.9718618393
44.9848728558,-74.9469280243
44.9835231825,-74.9080620493
44.992569542,-74.9010872841
45.0000097855,-74.8884558678
45.0014436031,-74.8771691322
45.0004649696,-74.8663973808
45.004549793,-74.86264724
45.0045108914,-74.8561120033
45.0103459077,-74.8460677692
45.0112517738,-74.8419356346
45.0146355064,-74.8348505795
45.0158746098,-74.8266094923
45.0115855103,-74.8170983791
45.0135272114,-74.8133969307
45.013618227,-74.8129677773
45.0145634537,-74.8014758527
45.0107966754,-74.7998785973
45.004425811,-74.7928909694
45.0057144979,-74.7631494999
44.9950044188,-74.760350883
44.990677715,-74.7446250916
44.9904834704,-74.7310574055
44.9906018383,-74.7307634354
44.998234533,-74.7221159935
44.9984731677,-74.7218058326
44.9986897312,-74.7210001945
45.0033035814,-74.7022686221
44.9995394248,-74.6838784218
45.0007684236,-74.6736001968
45.0009353227,-74.6731925011
45.0060937805,-74.6706819534
45.0062303216,-74.670445919
44.9989129938,-74.6630307606
44.9994483868,-74.6610581875
44.9994483868,-74.6280992031
44.9991600989,-74.5808815956
44.9986138651,-74.540476799
44.9972179107,-74.4634330273
44.9963681827,-74.4361925125
44.993105717,-74.3578934669
44.9919979538,-74.3366396427
44.9921648784,-74.2335891724
44.9918613788,-74.1828846931
44.9913606009,-74.1500973701
44.9922255781,-74.1226530075
44.9937127014,-74.0856814384
44.9968992642,-73.9927697182
45.0010263583,-73.8826704025
45.0021794638,-73.8407206535
45.0029684174,-73.7852311134
45.003120138,-73.7647819519
45.0031959981,-73.704829216
45.0028622127,-73.6745738983
45.0030291057,-73.6488246918
45.0083997643,-73.4731936455
45.0101140211,-73.3910107613
45.0106980703,-73.3431816101
44.9993649352,-73.3479130268
44.9969978931,-73.3492219448
44.994076889,-73.3503055573
44.9929008583,-73.3509814739
44.9900099964,-73.3535027504
44.9888111185,-73.3541250229
44.9872707512,-73.3546078205
44.9843113088,-73.3541572094
44.9810102121,-73.3530092239
44.9760240573,-73.350058794
44.9725175518,-73.3470225334
44.9702632565,-73.3444476128
44.9662402197,-73.3391153812
44.9654963066,-73.3385682106
44.9645322415,-73.3382248878
44.960296236,-73.3379352093
44.9512462302,-73.3390402794
44.9434781828,-73.33958745
44.9330204123,-73.3391904831
44.9243763148,-73.3385038376
44.9196967176,-73.3386111259
44.918010146,-73.3389008045
44.9164222923,-73.3395338058
44.9146292564,-73.3411431313
44.9125702352,-73.3448767662
44.9112709625,-73.3478808403
44.9097589063,-73.350455761
44.9072589876,-73.3537173271
44.9044094035,-73.3562600613
44.8971594249,-73.3603477478
44.890227773,-73.3625686169
44.8828771813,-73.3645749092
44.8748717975,-73.3665168285
44.8666067619,-73.369166851
44.8654205141,-73.3698105812
44.8623255088,-73.372117281
44.860447132,-73.3760762215
44.8578538068,-73.3778464794
44.8573138329,-73.3794236183
44.8570020146,-73.3797776699
44.8557547249,-73.3798849583
44.8528645593,-73.3794128895
44.8520126934,-73.3794665337
44.8508185387,-73.380035162
44.8498753671,-73.3812367916
44.8494950516,-73.3815050125
44.8490919145,-73.3814942837
44.8474336981,-73.3804106712
44.8470153332,-73.3803677559
44.8450071394,-73.3813118935
44.8446343987,-73.3812046051
44.8439041244,-73.3797562122
44.8435313766,-73.379509449
44.8426869798,-73.3794128895
44.8405949526,-73.3798956871
44.8395679296,-73.3797991276
44.837909439,-73.3793377876
44.8372779828,-73.3785438538
44.8368062881,-73.3772456646
44.8366084795,-73.3760869503
44.8361063469,-73.3751535416
44.833146719,-73.3728039265
44.8306891233,-73.3712589741
44.8280259756,-73.3682870865
44.8264051997,-73.3655405045
44.823399415,-73.3582985401
44.821375178,-73.3547794819
44.8200890656,-73.3532130718
44.8178211764,-73.3515608311
44.8163294959,-73.3501017094
44.8147692786,-73.3480417728
44.812607737,-73.3445870876
44.811237704,-73.3432352543
44.8083681404,-73.3409178257
44.8065032281,-73.3384394646
44.8045012347,-73.3353602886
44.8037171651,-73.3349096775
44.8020500304,-73.334416151
44.7975964889,-73.3337080479
44.7898457458,-73.3331608772
44.7872949299,-73.3333432674
44.7849115283,-73.3339226246
44.7833200009,-73.3347594738
44.7818502739,-73.3359718323
44.7787888572,-73.3401346207
44.7771895452,-73.3430099487
44.7762680167,-73.3442652225
44.7751560701,-73.3453917503
44.7732900844,-73.346850872
44.7716830034,-73.3476233482
44.768232579,-73.3487176895
44.7653837288,-73.3499729633
44.7638602219,-73.3510458469
44.759601807,-73.3523547649
44.7551526089,-73.3544576168
44.7509240295,-73.3577620983
44.74765524,-73.3616030216
44.7457350256,-73.3633840084
44.7442033804,-73.3644461632
44.7417800975,-73.3655512333
44.7405074523,-73.3657443523
44.7339913749,-73.3650898933
44.7257518681,-73.3650684357
44.7192265045,-73.3655512333
44.7105502904,-73.3652615547
44.7081560972,-73.3657228947
44.7070123394,-73.3657765388
44.7031843989,-73.3653366566
44.6973047384,-73.3659160137
44.6969234169,-73.3656799793
44.6964200686,-73.3647465706
44.6958557031,-73.3618819714
44.6951616787,-73.3612704277
44.6947345825,-73.3612704277
44.69271346,-73.3621931076
44.6897617316,-73.3644032478
44.6884955695,-73.3647251129
44.6877175525,-73.3651864529
44.687069197,-73.3659482002
44.6849486426,-73.3700251579
44.6846358924,-73.3701002598
44.6837967982,-73.369692564
44.6824465937,-73.3682334423
44.681302328,-73.3674502373
44.6804708141,-73.3672356606
44.6787619774,-73.3671712875
44.6783652759,-73.3673429489
44.6781211506,-73.3677828312
44.6776405259,-73.3707118034
44.6771598972,-73.3716666698
44.6767708139,-73.3718490601
44.6759544933,-73.3718490601
44.6734596855,-73.3710765839
44.6726127997,-73.371065855
44.6689504485,-73.3726751804
44.6681187573,-73.3724606037
44.6665163829,-73.3704972267
44.6657838541,-73.3699178696
44.664082215,-73.3697032928
44.6632351922,-73.369756937
44.6628536464,-73.3699822426
44.6625865628,-73.3704435825
44.6627086583,-73.3727824688
44.662441574,-73.3738982677
44.661136659,-73.3752393723
44.6586412133,-73.3767735958
44.6569393646,-73.3788657188
44.6565577773,-73.3790910244
44.6552908895,-73.378983736
44.6537492177,-73.3780181408
44.6529096762,-73.3779966831
44.6521540784,-73.3783400059
44.6492537128,-73.38088274
44.6477195133,-73.3837366104
44.6469943801,-73.3843159676
44.6466279935,-73.3843588829
44.646063143,-73.3834898472
44.6415670424,-73.3786404133
44.6411929878,-73.3787477016
44.6408418322,-73.3790802956
44.6402463897,-73.3799386024
44.6371622052,-73.3858394623
44.6361391969,-73.3868801594
44.6353223042,-73.3871269226
44.6328333826,-73.3862578869
44.6311460468,-73.385925293
44.6302909077,-73.385925293
44.6269084036,-73.3865046501
44.6235409746,-73.3874058723
44.6199060701,-73.389787674
44.618241269,-73.3901846409
44.6170422771,-73.3896160126
44.6151635522,-73.387298584
44.612887617,-73.3836829662
44.6118259926,-73.3826959133
44.6101762355,-73.3820950985
44.6072050271,-73.381601572
44.6053794535,-73.3807861805
44.6029885527,-73.379509449
44.6006051927,-73.3775353432
44.5994363939,-73.3768165112
44.5974425063,-73.3763766289
44.5953492327,-73.3768808842
44.5936990077,-73.3780825138
44.591093696,-73.3812046051
44.5903984171,-73.3817195892
44.5896649271,-73.3818697929
44.5892523348,-73.3817732334
44.5888855837,-73.3814620972
44.5848053217,-73.3775353432
44.5836896946,-73.3766341209
44.5823065929,-73.3758187294
44.5802127742,-73.3752501011
44.5776450687,-73.3752930164
44.5759561292,-73.3749818802
44.5717756018,-73.3701109886
44.567548913,-73.3672571182
44.5641398227,-73.3626651764
44.5634060014,-73.3611953259
44.5624428468,-73.3600151539
44.558337795,-73.3570861816
44.5576421244,-73.356410265
44.5568164825,-73.3548545837
44.5558302838,-73.3509278297
44.5523822795,-73.3438038826
44.5516330187,-73.3426237106
44.549935678,-73.3410036564
44.5483147479,-73.3390295506
44.5479553847,-73.338739872
44.5462502904,-73.3386433125
44.5446292577,-73.3392870426
44.5434363935,-73.3390724659
44.5424346745,-73.3382463455
44.5381217333,-73.3335471153
44.5359727905,-73.3316481113
44.5341067403,-73.3308756351
44.5315522959,-73.330757618
44.5295560803,-73.3297276497
44.5285464739,-73.3286547661
44.5275444987,-73.3250284195
44.5268561088,-73.3235156536
44.526060626,-73.3226144314
44.5249209249,-73.3218848705
44.5245155224,-73.3217346668
44.5219530079,-73.3218097687
44.5211115607,-73.3216166496
44.5201936043,-73.3211767673
44.5193138826,-73.3211123943
44.5163303796,-73.3214128017
44.5146320097,-73.3211874962
44.5137981073,-73.3209192753
44.512084362,-73.3194386959
44.5104394252,-73.3167779446
44.5075472842,-73.313215971
44.503889821,-73.3096218109
44.5005688294,-73.3068859577
44.4972323431,-73.3059096336
44.4932527979,-73.3050835133
44.4880636754,-73.3047294617
44.4855072122,-73.3043646812
44.4842595563,-73.3039355278
44.4779213582,-73.3003950119
44.4766811955,-73.2999122143
44.4727232158,-73.2991504669
44.4684510526,-73.2986569405
44.4639948072,-73.2987320423
44.4557399009,-73.3001697063
44.4548821813,-73.3001375198
44.4528297299,-73.2993650436
44.4505091475,-73.2977986336
44.4460821703,-73.2953202724
44.4423519135,-73.2939147949
44.4404522251,-73.2936143875
44.4391653043,-73.2936251163
44.4340786256,-73.2946336269
44.4281717006,-73.2961463928
44.4195515756,-73.3012533188
44.4028210757,-73.3104157448
44.3977925602,-73.3118212223
44.3944655304,-73.3125293255
44.3888076121,-73.3149111271
44.3857254265,-73.3173787594
44.3824590527,-73.3212947845
44.3761481478,-73.3301997185
44.372528464,-73.3334076405
44.3721450098,-73.3336436749
44.3647208421,-73.3349096775
44.3567127303,-73.3345448971
44.3496932266,-73.3301889896
44.3444146198,-73.3273887634
44.3383912102,-73.3251142502
44.334585017,-73.3241915703
44.333733194,-73.3240199089
44.3254368651,-73.3238482475
44.3193040417,-73.3245134354
44.3101227976,-73.3241915703
44.3018077729,-73.3222818375
44.2959873227,-73.3201575279
44.2875627735,-73.316681385
44.2799512256,-73.3121860027
44.2742131103,-73.3109414577
44.2652937224,-73.3127975464
44.2574871872,-73.3165311813
44.2499332242,-73.3196425438
44.2496411898,-73.3200502396
44.2488803567,-73.3221852779
44.2480349751,-73.322968483
44.2467745654,-73.3233654499
44.2449607576,-73.3232474327
44.2441844923,-73.3237409592
44.2435926792,-73.3245885372
44.2435465636,-73.3251464367
44.2442382932,-73.3292233944
44.2442613507,-73.3304035664
44.2434466465,-73.3317661285
44.2413714054,-73.3340513706
44.2398879475,-73.3362185955
44.2389578849,-73.3389222622
44.238427512,-73.3424305916
44.2380431809,-73.3434069157
44.237082342,-73.3434820175
44.2354680973,-73.3426880836
44.234622523,-73.342795372
44.2336923771,-73.343975544
44.230832663,-73.3495545387
44.2301330882,-73.3502519131
44.229218247,-73.35064888
44.2270809995,-73.3509922028
44.2258662703,-73.3515179157
44.2231445708,-73.3553373814
44.2218913166,-73.3556807041
44.2198922056,-73.3557665348
44.2191848116,-73.3561098576
44.2173932213,-73.3577513695
44.2161782922,-73.3583307266
44.2154324056,-73.3589422703
44.2133715564,-73.3615708351
44.2126102543,-73.3621180058
44.2113337054,-73.3621931076
44.2105031648,-73.361903429
44.2096418511,-73.3618497849
44.2084344525,-73.3623862267
44.207603871,-73.3637487888
44.2067040612,-73.3657872677
44.2057196381,-73.3686518669
44.2046967436,-73.3705723286
44.2036815224,-73.3716666698
44.2010434038,-73.373683691
44.2004357737,-73.3745205402
44.1992204948,-73.3788442612
44.1976744391,-73.3819663525
44.1965975605,-73.3829534054
44.1958129651,-73.3834147453
44.1941129726,-73.3837580681
44.193112954,-73.3848309517
44.1927975601,-73.385925293
44.1927744824,-73.3877170086
44.1925360126,-73.3890151978
44.1919590654,-73.3898949623
44.1912282576,-73.390506506
44.1900589463,-73.3907961845
44.1880587547,-73.3908820152
44.1837965816,-73.3899915218
44.1816576855,-73.389852047
44.1803958543,-73.3902168274
44.1792340224,-73.3910000324
44.1785646121,-73.3917510509
44.1772334635,-73.3947765827
44.1757791684,-73.3960533142
44.1738246625,-73.3971583843
44.1716930999,-73.3975553513
44.1708312188,-73.3974480629
44.1691997665,-73.3967077732
44.1680300182,-73.3959674835
44.1663754005,-73.395806551
44.1648438757,-73.3965575695
44.1634354534,-73.397898674
44.1618653693,-73.3988428116
44.1592946513,-73.3991646767
44.1539296483,-73.400452137
44.1526980149,-73.4009885788
44.1513739804,-73.4024691582
44.1505579908,-73.4028339386
44.1476403509,-73.4021687508
44.146785817,-73.4022760391
44.1455540345,-73.4028017521
44.144761061,-73.4032523632
44.1440373671,-73.4039068222
44.1400414932,-73.4079837799
44.1385631823,-73.4107732773
44.1377316161,-73.4119963646
44.1334889065,-73.4155905247
44.1326803701,-73.4159982204
44.1322722476,-73.4160840511
44.1314405928,-73.4157729149
44.1281908666,-73.414195776
44.1269047882,-73.4139811993
44.1239474716,-73.4139704704
44.1211363434,-73.4124577045
44.1198732175,-73.4120929241
44.1136650237,-73.4112453461
44.1119549599,-73.4115242958
44.1106454182,-73.4120500088
44.1075101034,-73.4140133858
44.1053915532,-73.4145498276
44.1023869338,-73.4149467945
44.1011311117,-73.4153330326
44.0965390442,-73.4186375141
44.0873846647,-73.4242379665
44.0799707366,-73.4291303158
44.0789687831,-73.4295701981
44.0772808386,-73.4300208092
44.0742593747,-73.430031538
44.0720856751,-73.4302139282
44.0684164125,-73.4309649467
44.0641378884,-73.4322845936
44.0617942054,-73.4327030182
44.055880619,-73.4344625473
44.050891776,-73.4361684322
44.048408764,-73.4372091293
44.0454475203,-73.4378421307
44.0437431958,-73.4375739098
44.0433344591,-73.4373915195
44.0426326594,-73.436704874
44.039192949,-73.431404829
44.0377506792,-73.4284114838
44.0368559915,-73.4271240234
44.0342644062,-73.4249675274
44.0326368943,-73.4230148792
44.0318655461,-73.4214162827
44.031233033,-73.4192061424
44.0296825761,-73.414914608
44.0292120315,-73.4138953686
44.0280395104,-73.4121572971
44.0263346851,-73.4103226662
44.0210193269,-73.4076297283
44.0153408561,-73.4059131145
44.0136125179,-73.4058594704
44.0114597406,-73.4060204029
44.0073700199,-73.4070825577
44.0043681399,-73.4075546265
44.0018291562,-73.4082949162
44.0006715288,-73.4088099003
43.9960485114,-73.4090673923
43.9919886031,-73.4103655815
43.9864308639,-73.4111702442
43.9837135576,-73.4122431278
43.9819997379,-73.4125006199
43.979838093,-73.4124362469
43.9776995311,-73.4120607376
43.9752597781,-73.410859108
43.9734530609,-73.4096467495
43.9709668046,-73.4085953236
43.9679630829,-73.4070289135
43.9636541372,-73.4065246582
43.9596074592,-73.4064388275
43.9557458682,-73.4057092667
43.9503392192,-73.4055054188
43.9481764218,-73.4056448936
43.9424678038,-73.4074473381
43.9374076096,-73.4085309505
43.9345180842,-73.4088528156
43.9319297538,-73.4085524082
43.9302453469,-73.4080266953
43.9278654613,-73.4069752693
43.9238472566,-73.4047329426
43.9223094488,-73.4036386013
43.9198751491,-73.402351141
43.9169693149,-73.4011924267
43.9122470317,-73.3996152878
43.9086374398,-73.3980059624
43.9049425988,-73.3968365192
43.9032883487,-73.3961498737
43.8913980405,-73.3838117123
43.8773477183,-73.374735117
43.8761257945,-73.3741664886
43.8752596056,-73.3741343021
43.8739835006,-73.3745312691
43.8728079131,-73.3752071857
43.8694975817,-73.3766233921
43.8648256795,-73.3792626858
43.8627139215,-73.3798742294
43.8598594484,-73.3813011646
43.8572369258,-73.3821165562
43.8559526986,-73.3822882175
43.8542274583,-73.3820092678
43.8530592179,-73.3812475204
43.8516588466,-73.3798635006
43.8475039604,-73.3736407757
43.8463897518,-73.3727931976
43.8455308685,-73.3726215363
43.8451130288,-73.3726966381
43.8430624772,-73.3736729622
43.8406171989,-73.375518322
43.8395570313,-73.3765482903
43.8387676972,-73.3777391911
43.8376533254,-73.3807647228
43.8364073711,-73.3832216263
43.8344339121,-73.3862149715
43.8324294301,-73.3883714676
43.8309666574,-73.3894336224
43.8252158334,-73.3921051025
43.8230949321,-73.3927381039
43.8213842232,-73.3925127983
43.8185742194,-73.3911073208
43.81723497,-73.3897662163
43.8148118585,-73.3856999874
43.8123886488,-73.3822774887
43.8105692413,-73.3805501461
43.8090130233,-73.3795201778
43.806117266,-73.378264904
43.8035543263,-73.3776211739
43.8004569714,-73.3771920204
43.799202497,-73.3767735958
43.7979247645,-73.3751749992
43.7948426064,-73.3705401421
43.7929607081,-73.3674502373
43.7912801151,-73.3641886711
43.7901028973,-73.3624184132
43.7864626695,-73.3581697941
43.7852776113,-73.3574402332
43.7778956416,-73.3553266525
43.7763230791,-73.3543503284
43.772635529,-73.351174593
43.7722481681,-73.3509492874
43.771388218,-73.3507883549
43.7696450378,-73.3513891697
43.7669410712,-73.3532881737
43.7645314162,-73.3546721935
43.7582240143,-73.3593606949
43.7566199374,-73.3602619171
43.7531404153,-73.3627939224
43.7516912005,-73.3641135693
43.7501644496,-73.3651971817
43.7496064396,-73.3660018444
43.7480796355,-73.3666670322
43.7472270884,-73.3672463894
43.7439717968,-73.3698856831
43.7422588223,-73.3703041077
43.7355847301,-73.3707225323
43.7334528947,-73.3702719212
43.7321504997,-73.3703041077
43.7284912383,-73.3699393272
43.7254907874,-73.3705615997
43.7207455814,-73.3747780323
43.7177059709,-73.3777928352
43.7164730238,-73.3793485165
43.7140690915,-73.3829426765
43.7113315932,-73.3858931065
43.7083147718,-73.3882427216
43.7076167709,-73.3885109425
43.7066938461,-73.3886182308
43.7063370815,-73.3888328075
43.705414137,-73.3900666237
43.70359923,-73.3916759491
43.7020402275,-73.3927381039
43.6991858294,-73.3937466145
43.6976189553,-73.3947765827
43.6969053158,-73.3954524994
43.6958581122,-73.3965361118
43.6946712593,-73.3982741833
43.6929180872,-73.4023082256
43.6922897254,-73.4031236172
43.6906606087,-73.4044325352
43.6898615495,-73.404904604
43.6885814811,-73.4052050114
43.6877358452,-73.4050118923
43.686191947,-73.4039282799
43.684935076,-73.4035098553
43.6839574914,-73.4035205841
43.6815057012,-73.4040999413
43.6723804372,-73.4078228474
43.6702075508,-73.4079301357
43.6693538953,-73.4081232548
43.6658227368,-73.4101188183
43.6616549265,-73.4121143818
43.6597843626,-73.4136164188
43.6582009352,-73.4145390987
43.6565165572,-73.4151077271
43.6534892154,-73.4152042866
43.6526353222,-73.4154510498
43.6513001194,-73.4162557125
43.6478532958,-73.4188091755
43.6453068666,-73.4241306782
43.6438239877,-73.4255361557
43.6422634316,-73.4265768528
43.6401282768,-73.4271025658
43.6368050485,-73.4284973145
43.6363779848,-73.428593874
43.6354539639,-73.4284007549
43.6342348557,-73.4277570248
43.6331011406,-73.4268772602
43.6233549674,-73.4183585644
43.6225627787,-73.4178650379
43.6217006792,-73.4176826477
43.6208463341,-73.4178006649
43.6201162478,-73.4181332588
43.6121235528,-73.4237551689
43.6109195076,-73.4237873554
43.6062895353,-73.4221029282
43.6045726261,-73.4217381477
43.6029955125,-73.4216630459
43.6015271282,-73.4224677086
43.5986057915,-73.4250640869
43.5953268882,-73.426823616
43.5915038655,-73.4297096729
43.5894834708,-73.4308254719
43.5882245753,-73.43121171
43.5869967382,-73.4308898449
43.5854191639,-73.4298813343
43.5843156144,-73.4289157391
43.5837094307,-73.4280896187
43.5829788936,-73.4266090393
43.5822017167,-73.4225428104
43.5815955118,-73.4206867218
43.5809893007,-73.4199035168
43.5785721678,-73.4178757668
43.5775928515,-73.4166955948
43.5747558536,-73.4113740921
43.5729059034,-73.4081554413
43.5714445581,-73.4060633183
43.570441806,-73.4040999413
43.5701541918,-73.4030056
43.5695711859,-73.4021365643
43.5681019861,-73.3981990814
43.5679076448,-73.3970296383
43.5680631179,-73.3958816528
43.5684051572,-73.3955490589
43.5692447002,-73.3953237534
43.5696178266,-73.3950662613
43.5696722407,-73.3927488327
43.5700842314,-73.3917510509
43.5708926579,-73.3913433552
43.5713201867,-73.3913111687
43.5727115776,-73.391815424
43.5735121959,-73.3913969994
43.5741884379,-73.3906674385
43.5746703529,-73.3896803856
43.574631489,-73.3866655827
43.5750434457,-73.3849704266
43.575618626,-73.3841121197
43.5772197745,-73.3831787109
43.578898603,-73.3826208115
43.5793183028,-73.3826422691
43.5804841202,-73.383243084
43.5822017167,-73.3848845959
43.5830255239,-73.3852279186
43.5834141083,-73.3850884438
43.584696419,-73.3834791183
43.5854269353,-73.3828246593
43.5862040705,-73.3823847771
43.5870122806,-73.3827710152
43.5876339732,-73.3849918842
43.5885198741,-73.3863437176
43.5892814276,-73.3869552612
43.5905791548,-73.3869123459
43.5909443784,-73.3866763115
43.5913950767,-73.3856785297
43.5913639942,-73.3832752705
43.5916048834,-73.3821380138
43.591931248,-73.3817517757
43.5927626925,-73.3815586567
43.594456628,-73.3820307255
43.5952802675,-73.3824062347
43.596779884,-73.3834576607
43.5971916892,-73.3834898472
43.5981551471,-73.3823418617
43.5984892458,-73.381279707
43.5978832049,-73.3797776699
43.5983105421,-73.3775246143
43.5985591733,-73.3772134781
43.5989709663,-73.3772242069
43.5993516782,-73.377481699
43.6001907897,-73.3775782585
43.6006802659,-73.3767521381
43.6032518934,-73.3735120296
43.6039821845,-73.3728790283
43.604774618,-73.3725142479
43.6056369602,-73.3723533154
43.6060642423,-73.3724284172
43.6072373103,-73.3731901646
43.6078820996,-73.3739733696
43.6086822501,-73.3760976791
43.6090007536,-73.3763444424
43.6103213601,-73.3742523193
43.6107408408,-73.3742630482
43.6119371216,-73.3758723736
43.6123255193,-73.3760333061
43.6130867715,-73.3757436275
43.6146170148,-73.3745849133
43.615937498,-73.3730399609
43.6191376075,-73.3699607849
43.6195570267,-73.3698534966
43.6203647888,-73.3704221249
43.6213667094,-73.3715701103
43.6225394789,-73.3723533154
43.6229511078,-73.3724820614
43.6238131894,-73.3724069595
43.6245199318,-73.3717632294
43.6247451557,-73.3706367016
43.6246907914,-73.368844986
43.6245432309,-73.3682978153
43.623619028,-73.367074728
43.6234481654,-73.3658516407
43.6239374524,-73.3635771275
43.6245354645,-73.3594465256
43.6247373893,-73.3589529991
43.6254518871,-73.3583199978
43.6258712622,-73.3573007584
43.6262129732,-73.354511261
43.626096481,-73.3539426327
43.6257936004,-73.3535671234
43.6241782113,-73.3526551723
43.62235308,-73.3510458469
43.6217395128,-73.3502089977
43.6214754439,-73.3490931988
43.6215608781,-73.3485352993
43.6218560133,-73.3481168747
43.6226326781,-73.3475911617
43.6242869407,-73.3468723297
43.625661575,-73.3454024792
43.6263449973,-73.3441793919
43.6264847873,-73.3429992199
43.6263139329,-73.3424842358
43.6247917536,-73.3415186405
43.624636427,-73.3403921127
43.6253431597,-73.3382356167
43.6260809487,-73.3377420902
43.6263294651,-73.3372807503
43.6268963892,-73.3344054222
43.6272225623,-73.3342444897
43.6276419251,-73.3343088627
43.6279680942,-73.3335900307
43.6272380943,-73.3322060108
43.6261430779,-73.3313047886
43.6259722225,-73.3307790756
43.6259100931,-73.3283865452
43.6261586102,-73.3266377449
43.6275254357,-73.3243632317
43.6275564996,-73.3226466179
43.6272924563,-73.3204257488
43.6273934142,-73.3198463917
43.6279447964,-73.3189451694
43.6280379873,-73.3176469803
43.6272846903,-73.3174753189
43.6269662836,-73.3170998096
43.6265003195,-73.3154582977
43.6256149778,-73.3133983612
43.6245509972,-73.3126580715
43.6241937441,-73.3116388321
43.6241471457,-73.3105874062
43.6243646045,-73.3101046085
43.6251024056,-73.3094716072
43.6280768168,-73.3073794842
43.6283796859,-73.3067893982
43.6268886232,-73.303924799
43.6255140169,-73.3024871349
43.6242481088,-73.3020794392
43.6233782669,-73.3020794392
43.6208618677,-73.3029699326
43.6199997438,-73.3027017117
43.6196269296,-73.3024120331
43.6183919661,-73.3008778095
43.6177006862,-73.3003735542
43.6172657194,-73.3003628254
43.6165588918,-73.3009207249
43.6157200086,-73.3011567593
43.6148578109,-73.3011460304
43.6135761429,-73.3008778095
43.613156682,-73.3010065556
43.6114632729,-73.3023691177
43.6106010142,-73.3024227619
43.6098086575,-73.3027231693
43.6094979265,-73.3024120331
43.6094435484,-73.3018541336
43.6097154384,-73.3014571667
43.6105233327,-73.3010280132
43.6107563771,-73.3006846905
43.6107253045,-73.3003091812
43.6104534192,-73.2999122143
43.6101349233,-73.2982063293
43.6093580971,-73.2977664471
43.6087754708,-73.2969081402
43.6075946642,-73.2963502407
43.6069964837,-73.2954919338
43.6058622548,-73.2947301865
43.6052718258,-73.2938718796
43.6041453334,-73.2934641838
43.6026925155,-73.2922947407
43.6019311317,-73.2926595211
43.6010842751,-73.2924878597
43.5997168485,-73.2911252975
43.5992817517,-73.2910501957
43.5982095354,-73.2919943333
43.5970129816,-73.2926809788
43.5966944146,-73.2927560806
43.595800864,-73.2923913002
43.5953657388,-73.2924342155
43.592840397,-73.2931745052
43.5889395068,-73.2957816124
43.587618431,-73.2968759537
43.5872221025,-73.2968223095
43.5856989337,-73.2939577103
43.5851005355,-73.2923698425
43.5847352764,-73.2921230793
43.584338929,-73.2922947407
43.5826058499,-73.2940757275
43.581649915,-73.2952988148
43.5798623537,-73.2970905304
43.5794737464,-73.2972943783
43.5791628587,-73.296983242
43.5788053359,-73.2958996296
43.578447811,-73.2956850529
43.5771653672,-73.2956635952
43.5768622402,-73.2953202724
43.5769244202,-73.2948160172
43.5772664093,-73.2944726944
43.5776861204,-73.2943224907
43.578113601,-73.2943975925
43.5784167218,-73.2942044735
43.578525534,-73.2918548584
43.5779115197,-73.2910823822
43.577756072,-73.2905352116
43.5779270644,-73.2896125317
43.5782612754,-73.2892370224
43.578634346,-73.2881641388
43.5791706309,-73.2847738266
43.5781680074,-73.2836902142
43.5780669669,-73.2819521427
43.577794934,-73.2815122604
43.5774063133,-73.2812547684
43.5765435665,-73.2810723782
43.5756808073,-73.2809758186
43.574382759,-73.281083107
43.573613244,-73.2807612419
43.5736443357,-73.2802784443
43.5742428479,-73.2795596123
43.5740640721,-73.2787442207
43.5745615337,-73.2780361176
43.5744449416,-73.2769417763
43.574336122,-73.2764804363
43.5735121959,-73.2764053345
43.5729214495,-73.2748603821
43.5725716627,-73.2723712921
43.5718021246,-73.2700431347
43.5722218739,-73.267929554
43.5716699807,-73.2680583
43.5714134653,-73.2683908939
43.5712191347,-73.2680046558
43.5707371921,-73.2679402828
43.5704029393,-73.269238472
43.5700453645,-73.2690989971
43.5697577484,-73.2686805725
43.5699520838,-73.2677578926
43.5698432561,-73.2675218582
43.5691047772,-73.2667922974
43.5698199358,-73.2664597034
43.5691514182,-73.2642924786
43.5688327037,-73.2642388344
43.5685139875,-73.2645606995
43.5680942124,-73.264528513
43.5677288502,-73.2642388344
43.5675733763,-73.2637453079
43.5676822081,-73.2632732391
43.5672002372,-73.2624042034
43.5664150828,-73.26197505
43.5656299181,-73.2619321346
43.5656843358,-73.2614171505
43.5663917612,-73.2608485222
43.566345118,-73.2604515553
43.5650779646,-73.258831501
43.5640906547,-73.2581663132
43.56325104,-73.2583594322
43.5629322942,-73.2580697536
43.5618438815,-73.2559776306
43.5610431082,-73.2556128502
43.5597602938,-73.25543046
43.5584385777,-73.2538747787
43.556945781,-73.2526731491
43.5564326236,-73.252876997
43.5563704225,-73.2540786266
43.5560982915,-73.2544219494
43.5556939804,-73.2544434071
43.5553907452,-73.2515895367
43.5538667712,-73.2487463951
43.5530658918,-73.2486498356
43.5527004385,-73.2484459877
43.5521250394,-73.2491326332
43.5517362531,-73.2490468025
43.5514329981,-73.2486927509
43.5510830865,-73.2487893105
43.5508420351,-73.2499158382
43.5506009828,-73.250323534
43.5494034827,-73.2498943806
43.5488513805,-73.2492184639
43.5484470207,-73.2493257523
43.5478482523,-73.2499909401
43.5474594384,-73.2498943806
43.5472339252,-73.2494330406
43.5469073184,-73.2492184639
43.5465340512,-73.2493793964
43.54623077,-73.2497549057
43.5457952866,-73.2482850552
43.5454842251,-73.2479095459
43.5451109492,-73.2478988171
43.5450020766,-73.2483494282
43.5451576088,-73.2493901253
43.5448776506,-73.2498300076
43.5436255992,-73.2501089573
43.5432678655,-73.2498729229
43.5430501135,-73.2493793964
43.5427079302,-73.2476735115
43.5420702197,-73.24685812
43.5417124768,-73.2465898991
43.5400403891,-73.2465469837
43.5397137433,-73.2462251186
43.5393404317,-73.2451200485
43.5386871307,-73.2443583012
43.5357082998,-73.243650198
43.5353116298,-73.2434248924
43.5347982882,-73.242598772
43.5349460688,-73.2416439056
43.5345338378,-73.2416439056
43.5342849422,-73.2425773144
43.533911597,-73.2426738739
43.5325970922,-73.2414829731
43.5323170756,-73.2414078712
43.5319203832,-73.2415795326
43.5308391889,-73.2425665855
43.5304191513,-73.2426631451
43.5300068893,-73.2425451279
43.5293145941,-73.2419550419
43.5285445035,-73.2424592972
43.5278755279,-73.2432317734
43.5269576192,-73.2452273369
43.5257752076,-73.2467615604
43.5245772144,-73.2468473911
43.5230757997,-73.247641325
43.521543229,-73.2465791702
43.5211775846,-73.2467079163
43.5205707655,-73.2475233078
43.5197305444,-73.2475984097
43.5193259894,-73.2475662231
43.5188358517,-73.2467722893
43.5175365786,-73.2468152046
43.5171475693,-73.2469761372
43.5161672546,-73.2480597496
43.5158249187,-73.2478129864
43.5154592396,-73.2468044758
43.5146967527,-73.2470619678
43.5080284718,-73.2471048832
43.4920978693,-73.2477915287
43.4704871715,-73.2483923435
43.3760366479,-73.2522118092
43.3702421726,-73.2526731491
43.3635267516,-73.2528555393
43.3626843466,-73.2531344891
43.3613739157,-73.2532954216
43.3574502538,-73.2531881332
43.3559914918,-73.2532954216
43.3546887174,-73.2531130314
43.3494617367,-73.2534563541
43.2600732097,-73.2564711571
43.2308210785,-73.2586705685
43.2165533237,-73.2591640949
43.0958986161,-73.2655906677
43.0351996203,-73.2698178291
42.9999942852,-73.2714378834
42.9950350499,-73.2718670368
42.9817325929,-73.2725322247
42.9647766175,-73.2733261585
42.9633241523,-73.2732725143
42.9486955234,-73.2741844654
42.9013072601,-73.2759654522
42.8958920569,-73.2758581638
42.8373240625,-73.2783150673
42.8340354365,-73.2786154747
42.8335082959,-73.2790446281
42.8349008813,-73.2841086388
42.8347435286,-73.2845699787
42.8340826429,-73.2853209972
42.8202653651,-73.287037611
42.813670382,-73.2836902142
42.8125685262,-73.2846128941
42.80952258,-73.2865226269
42.8091132942,-73.2865333557
42.8082632303,-73.2861793041
42.8078618072,-73.2862222195
42.8033515213,-73.2898914814
42.8018480196,-73.2909107208
42.7499351411,-73.2773065567
42.7462006509,-73.2764482498
42.7460115568,-73.2760620117
42.7459485253,-73.2657730579
42.7457988252,-73.2651293278
42.7445145415,-73.2654833794
42.6672431634,-73.2939577103
42.5949385045,-73.3210587502
42.5335953445,-73.3436858654
42.5242340855,-73.3472800255
42.5001603548,-73.3559811115
42.4980720516,-73.3569896221
42.4837051668,-73.361903429
42.4820514975,-73.3627188206
42.4798913756,-73.3633303642
42.4756263005,-73.3649075031
42.4504651487,-73.374402523
42.4481535198,-73.3750998974
42.367636674,-73.4050011635
42.2453254325,-73.4500408173
42.153247174,-73.4838581085
42.1279488801,-73.4930205345
42.1172059822,-73.4967541695
42.1091038368,-73.4998869896
42.08632792,-73.5080945492
42.0845602751,-73.5078263283
42.0497069161,-73.4968721867
42.0496272476,-73.4877741337
42.049268738,-73.4873235226
42.000006226,-73.4896302223
41.9578385999,-73.4930312634
41.9215826054,-73.4966146946
41.907459298,-73.4972584248
41.8924463655,-73.4983098507
41.8592776397,-73.5019254684
41.823861104,-73.5053050518
41.8201352739,-73.5053801537
41.7587718384,-73.5109591484
41.7405859161,-73.5119462013
41.7136097196,-73.5142850876
41.6876637777,-73.5167741776
41.6690089164,-73.5179114342
41.6412409869,-73.520014286
41.6197495024,-73.5210442543
41.5722503836,-73.5259687901
41.5682049251,-73.5261297226
41.5496760574,-73.5277283192
41.535334215,-73.5293483734
41.4995862257,-73.5325455666
41.4795265758,-73.5339510441
41.4756360849,-73.5344552994
41.4603692796,-73.5355710983
41.4525777235,-73.5360109806
41.44749542,-73.5361289978
41.4443670321,-73.5366654396
41.431023448,-73.5379958153
41.4045292318,-73.5414505005
41.3920708826,-73.5425126553
41.3767844136,-73.5434138775
41.3633061576,-73.5451197624
41.3435023895,-73.5470509529
41.3352617965,-73.5480594635
41.3187613668,-73.5497653484
41.3096392189,-73.5489499569
41.3078339783,-73.5489284992
41.2955425072,-73.5509455204
41.2833051553,-73.5408604145
41.259138111,-73.5204005241
41.2505158028,-73.5132873058
41.2187510525,-73.4874522686
41.2129886595,-73.4828925133
41.2126658213,-73.4829246998
41.2107852574,-73.4870767593
41.2098409195,-73.4888041019
41.1990728896,-73.5135018826
41.1941806805,-73.5235655308
41.1889651507,-73.5348522663
41.1629701178,-73.5918867588
41.1610315847,-73.596650362
41.1587214245,-73.6011350155
41.1485185895,-73.6238157749
41.1456343649,-73.6306071281
41.1440508152,-73.6337721348
41.1361082514,-73.651624918
41.1343709398,-73.6551332474
41.130120393,-73.6646926403
41.1245360812,-73.676687479
41.1154191358,-73.6957204342
41.1133094494,-73.700838089
41.1118787039,-73.703455925
41.11079552,-73.7060952187
41.1008196874,-73.7274992466
41.1005124659,-73.7276387215
41.0936885444,-73.7226390839
41.0893868458,-73.7181651592
41.0725492947,-73.7051188946
41.0593803275,-73.6943471432
41.0571555794,-73.6922764778
41.053069937,-73.6892080307
41.0507883391,-73.6872446537
41.0448088828,-73.6825668812
41.0384404476,-73.6768698692
41.0247871005,-73.6655724049
41.022205029,-73.6632335186
41.0216869836,-73.6629974842
41.0211770287,-73.6624181271
41.0184652976,-73.6603367329
41.0174048589,-73.6592102051
41.0139320052,-73.6563777924
41.0123938529,-73.6554551125
41.0119809744,-73.6552405357
41.0115357103,-73.6553156376
41.0088883508,-73.6561095715
41.0032127659,-73.6589419842
41.0012209327,-73.6603581905
40.9976905438,-73.6594998837
40.9952693651,-73.659735918
40.993487839,-73.659478426
40.9916009884,-73.6578261852
40.9907668699,-73.6573970318
40.9899894295,-73.6579334736
40.9890257146,-73.6605513096
40.9886774781,-73.660326004
40.984206929,-73.6563777924
40.9513164052,-73.6133658886
40.9510246917,-73.6129367352
40.951040898,-73.6123895645
40.9965245023,-73.3963644505
41.0000549536,-73.3783614635
41.0011966417,-73.3738875389
41.0209827592,-73.2760834694
41.0258959842,-73.2494330406
41.030687442,-73.22879076
41.0430206043,-73.1795454025
41.0871792858,-72.9991829395
41.1246573087,-72.8054094315
41.1786781978,-72.5232303143
41.2305002416,-72.2496879101
41.2500963537,-72.1415519714
41.2620979861,-72.0824468136
41.2625980063,-72.0809876919
41.2906978222,-72.0188140869
41.2957923897,-71.9994699955
41.3103484069,-71.9293999672
41.3045779715,-71.90762043
41.3045860312,-71.9072341919
41.3043872268,-71.9071984291
41.271388058,-71.8751764297
41.2539035619,-71.8587183952
41.2489993203,-71.8533968925
41.1841933037,-71.791062355
40.851724,-71.684503
