33.812983,-78.499428
 33.837797,-78.52639
 33.850949,-78.540895
 33.859199,-78.550358
 33.915328,-78.615696
 33.922495,-78.624279
 33.924177,-78.62649
 33.954325,-78.662302
 33.967895,-78.677816
 33.989079,-78.702557
 33.994496,-78.709874
 33.996738,-78.712224
 34.00219,-78.718479
 34.093859,-78.827097
 34.099403,-78.833449
 34.133565,-78.873982
 34.135092,-78.87557
 34.23751,-78.997557
 34.2394,-79.000325
 34.249244,-79.011301
 34.265782,-79.031332
 34.341948,-79.122076
 34.362081,-79.14569
 34.36689,-79.151634
 34.373045,-79.158747
 34.398438,-79.189196
 34.402785,-79.194152
 34.407786,-79.200182
 34.409069,-79.202049
 34.437345,-79.235265
 34.45236,-79.252721
 34.48101,-79.285079
 34.500633,-79.306891
 34.514531,-79.323134
 34.516573,-79.325194
 34.521568,-79.331009
 34.523442,-79.332844
 34.54544,-79.358089
 34.545908,-79.358969
 34.5604,-79.376103
 34.621908,-79.451108
 34.625448,-79.455206
 34.629844,-79.460903
 34.63628,-79.469905
 34.637357,-79.471761
 34.644719,-79.479207
 34.652821,-79.48926
 34.654674,-79.491234
 34.662176,-79.500589
 34.696197,-79.542056
 34.706322,-79.554791
 34.749741,-79.608414
 34.804624,-79.675148
 34.804809,-79.678806
 34.805259,-79.708643
 34.805655,-79.745808
 34.80606,-79.762373
 34.805391,-79.873438
 34.807945,-79.987496
 34.808368,-80.012473
 34.80902,-80.040025
 34.809284,-80.045432
 34.809804,-80.085783
 34.810148,-80.09796
 34.810386,-80.123323
 34.81072,-80.129718
 34.811636,-80.163878
 34.812059,-80.195646
 34.81242,-80.209626
 34.812508,-80.225601
 34.812931,-80.234184
 34.812967,-80.25178
 34.813583,-80.298128
 34.813839,-80.3067
 34.814314,-80.353146
 34.814464,-80.361643
 34.814816,-80.369614
 34.814746,-80.375022
 34.815142,-80.404387
 34.815776,-80.425147
 34.81568,-80.429353
 34.815944,-80.434331
 34.816419,-80.452913
 34.816807,-80.491676
 34.817256,-80.499648
 34.817441,-80.558796
 34.818216,-80.626506
 34.818604,-80.648457
 34.819397,-80.744362
 34.819168,-80.750542
 34.819511,-80.771914
 34.819432,-80.776709
 34.819696,-80.781516
 34.819837,-80.797427
 34.820718,-80.797416
 34.892153,-80.787696
 34.935728,-80.782084
 34.943327,-80.789165
 34.979782,-80.821609
 35.000174,-80.838861
 35.036638,-80.87049
 35.055487,-80.886626
 35.060748,-80.891411
 35.067317,-80.897881
 35.075983,-80.905659
 35.077072,-80.906839
 35.107236,-80.934788
 35.107244,-80.935206
 35.099134,-80.947512
 35.092261,-80.958531
 35.069969,-80.997369
 35.068792,-81.000009
 35.060739,-81.013452
 35.047881,-81.035693
 35.044886,-81.041143
 35.044842,-81.041572
 35.046546,-81.042774
 35.049006,-81.044984
 35.051518,-81.046786
 35.055136,-81.049919
 35.057174,-81.051979
 35.060274,-81.055831
 35.062109,-81.057504
 35.062575,-81.057644
 35.074183,-81.05803
 35.075799,-81.057858
 35.079961,-81.05671
 35.08241,-81.056732
 35.085299,-81.057172
 35.08673,-81.057032
 35.088073,-81.056335
 35.091874,-81.053567
 35.09327,-81.052988
 35.095193,-81.05258
 35.096114,-81.052151
 35.097396,-81.051271
 35.098958,-81.049833
 35.100503,-81.046776
 35.101109,-81.044608
 35.102127,-81.038815
 35.102592,-81.037291
 35.103145,-81.036294
 35.10412,-81.034952
 35.105366,-81.033987
 35.10814,-81.032785
 35.110079,-81.032485
 35.112247,-81.032656
 35.113695,-81.033
 35.114625,-81.033365
 35.117592,-81.035199
 35.119329,-81.035918
 35.122638,-81.036808
 35.126165,-81.038911
 35.127008,-81.040338
 35.129579,-81.047044
 35.130965,-81.05023
 35.131685,-81.050981
 35.133132,-81.051185
 35.13508,-81.050906
 35.143863,-81.047752
 35.145205,-81.047033
 35.147047,-81.04537
 35.147784,-81.044544
 35.14831,-81.043557
 35.148635,-81.035285
 35.148681,-81.033233
 35.149183,-81.033198
 35.14931,-81.035188
 35.151319,-81.070336
 35.15224,-81.084327
 35.15303,-81.092899
 35.154214,-81.111073
 35.154776,-81.123476
 35.154951,-81.131877
 35.161021,-81.263112
 35.165599,-81.387148
 35.167494,-81.435288
 35.167932,-81.44267
 35.167941,-81.449879
 35.168274,-81.452669
 35.168625,-81.460243
 35.168932,-81.471852
 35.171212,-81.528586
 35.172353,-81.56353
 35.172887,-81.57251
 35.173107,-81.582316
 35.17772,-81.687974
 35.179131,-81.723937
 35.180096,-81.75269
 35.181411,-81.802644
 35.184086,-81.87354
 35.183946,-81.875288
 35.185506,-81.925478
 35.18847,-81.999196
 35.19068,-82.088889
 35.191504,-82.110261
 35.193126,-82.139014
 35.193512,-82.164001
 35.193898,-82.171372
 35.194073,-82.181168
 35.194573,-82.187144
 35.196519,-82.225703
 35.196765,-82.227484
 35.197519,-82.245272
 35.200035,-82.274412
 35.200035,-82.275013
 35.199412,-82.277577
 35.199842,-82.282351
 35.198702,-82.288005
 35.197343,-82.291181
 35.195844,-82.293552
 35.194915,-82.295655
 35.193599,-82.301888
 35.192986,-82.307242
 35.191162,-82.314581
 35.190759,-82.315675
 35.187874,-82.317896
 35.186883,-82.319216
 35.186629,-82.319709
 35.186366,-82.320964
 35.184866,-82.323282
 35.184796,-82.32385
 35.184866,-82.326243
 35.185349,-82.327251
 35.186392,-82.328517
 35.186708,-82.330234
 35.18698,-82.330663
 35.187436,-82.330856
 35.1889,-82.330792
 35.190636,-82.333131
 35.190653,-82.333732
 35.189777,-82.335813
 35.189566,-82.337551
 35.188952,-82.338334
 35.188865,-82.338914
 35.189172,-82.340008
 35.189549,-82.340351
 35.19096,-82.340791
 35.19139,-82.34107
 35.191653,-82.341564
 35.191925,-82.342744
 35.192951,-82.344246
 35.193082,-82.344793
 35.19274,-82.345898
 35.193047,-82.347561
 35.192617,-82.348591
 35.192714,-82.350157
 35.190513,-82.350887
 35.190092,-82.351917
 35.190382,-82.353022
 35.191872,-82.355093
 35.192004,-82.355651
 35.191557,-82.357979
 35.191688,-82.358494
 35.192276,-82.359406
 35.191188,-82.360661
 35.191013,-82.361187
 35.190978,-82.362946
 35.189452,-82.364373
 35.188023,-82.364352
 35.187699,-82.364041
 35.187427,-82.362893
 35.187172,-82.362453
 35.186716,-82.362206
 35.186304,-82.362281
 35.185366,-82.363654
 35.185296,-82.364534
 35.184621,-82.365875
 35.183262,-82.366422
 35.182964,-82.366819
 35.182727,-82.367817
 35.180982,-82.36977
 35.180438,-82.370778
 35.180368,-82.371926
 35.180613,-82.372398
 35.182385,-82.373396
 35.183279,-82.374297
 35.183577,-82.375005
 35.184139,-82.37566
 35.185331,-82.37669
 35.185883,-82.377677
 35.186874,-82.380424
 35.187181,-82.380885
 35.189356,-82.382237
 35.191285,-82.384007
 35.192214,-82.383986
 35.19395,-82.38317
 35.194318,-82.382805
 35.195292,-82.378793
 35.19559,-82.378449
 35.196081,-82.378407
 35.197519,-82.378771
 35.199368,-82.379565
 35.200955,-82.380885
 35.201893,-82.380552
 35.202332,-82.380638
 35.202805,-82.381657
 35.203173,-82.382033
 35.204497,-82.382762
 35.205233,-82.383567
 35.206145,-82.384973
 35.206548,-82.385219
 35.206908,-82.384908
 35.20746,-82.383943
 35.207898,-82.383792
 35.209748,-82.38376
 35.210519,-82.384039
 35.211501,-82.385327
 35.211484,-82.386507
 35.211861,-82.387365
 35.212246,-82.387719
 35.213649,-82.388148
 35.215419,-82.390165
 35.215393,-82.392408
 35.215183,-82.393566
 35.214876,-82.394017
 35.213359,-82.39554
 35.212921,-82.395712
 35.211957,-82.395734
 35.211571,-82.396077
 35.209275,-82.399285
 35.208863,-82.399285
 35.207109,-82.398298
 35.206636,-82.398298
 35.206233,-82.398545
 35.205908,-82.399628
 35.205111,-82.400261
 35.204716,-82.401291
 35.204514,-82.403072
 35.204094,-82.404778
 35.202489,-82.40701
 35.202393,-82.407578
 35.202823,-82.409381
 35.202524,-82.411129
 35.201753,-82.412664
 35.201411,-82.413071
 35.200464,-82.413661
 35.200236,-82.414144
 35.199228,-82.415292
 35.199403,-82.415818
 35.200122,-82.416612
 35.200254,-82.417159
 35.198641,-82.41968
 35.197799,-82.420292
 35.195897,-82.422159
 35.194134,-82.423146
 35.1931,-82.424412
 35.192644,-82.424551
 35.191153,-82.42336
 35.19068,-82.423371
 35.190268,-82.423671
 35.190057,-82.424176
 35.189926,-82.425356
 35.189645,-82.425817
 35.189224,-82.426085
 35.187777,-82.425892
 35.187322,-82.42601
 35.186532,-82.426718
 35.185208,-82.427491
 35.18427,-82.427824
 35.183139,-82.427974
 35.181639,-82.424616
 35.181385,-82.424498
 35.181245,-82.425624
 35.180903,-82.425967
 35.179438,-82.426075
 35.17907,-82.426386
 35.178623,-82.428703
 35.177816,-82.43072
 35.176553,-82.431611
 35.173782,-82.431386
 35.17301,-82.431622
 35.172326,-82.432469
 35.171581,-82.434003
 35.1708,-82.434722
 35.169906,-82.43513
 35.168467,-82.434733
 35.168152,-82.435001
 35.167976,-82.43557
 35.167678,-82.437909
 35.16645,-82.438842
 35.165819,-82.439733
 35.165678,-82.440902
 35.166117,-82.444174
 35.165661,-82.445204
 35.165249,-82.447532
 35.165266,-82.448123
 35.166055,-82.450311
 35.164775,-82.452961
 35.164442,-82.45398
 35.164108,-82.455107
 35.163942,-82.456888
 35.164231,-82.457231
 35.166626,-82.457618
 35.167108,-82.457532
 35.169835,-82.455032
 35.171949,-82.45221
 35.172309,-82.451802
 35.172747,-82.451609
 35.173221,-82.451695
 35.17508,-82.45309
 35.176904,-82.45397
 35.177316,-82.45427
 35.177535,-82.454753
 35.177351,-82.457124
 35.177562,-82.458283
 35.178018,-82.459334
 35.178132,-82.459913
 35.178044,-82.460482
 35.176772,-82.463679
 35.175089,-82.466598
 35.174615,-82.468261
 35.174834,-82.470009
 35.174598,-82.472391
 35.17408,-82.474773
 35.174194,-82.475331
 35.175448,-82.476168
 35.175755,-82.476618
 35.176062,-82.477734
 35.175703,-82.478807
 35.174703,-82.480127
 35.174001,-82.481693
 35.173773,-82.483807
 35.174387,-82.486317
 35.174282,-82.48665
 35.173475,-82.486746
 35.172598,-82.487272
 35.172116,-82.487358
 35.170151,-82.487283
 35.169774,-82.48739
 35.169871,-82.489718
 35.169607,-82.490823
 35.164591,-82.49548
 35.164143,-82.495351
 35.163336,-82.494675
 35.162872,-82.494653
 35.162179,-82.495426
 35.162012,-82.496756
 35.162573,-82.498409
 35.163889,-82.500168
 35.165784,-82.503473
 35.165924,-82.504009
 35.165836,-82.504588
 35.165459,-82.505211
 35.164108,-82.505951
 35.162512,-82.507775
 35.162617,-82.509502
 35.163284,-82.511734
 35.163126,-82.512914
 35.163477,-82.51462
 35.163345,-82.51639
 35.162389,-82.51772
 35.162214,-82.518729
 35.161942,-82.519126
 35.159539,-82.519673
 35.159153,-82.519974
 35.158898,-82.521111
 35.158275,-82.521991
 35.157416,-82.524147
 35.156539,-82.525574
 35.15596,-82.527237
 35.155749,-82.529329
 35.15603,-82.531947
 35.155477,-82.53376
 35.154723,-82.535284
 35.154811,-82.536453
 35.155126,-82.536893
 35.15617,-82.537322
 35.1571,-82.537043
 35.158398,-82.536163
 35.158828,-82.536045
 35.160135,-82.536839
 35.161337,-82.540627
 35.161977,-82.541517
 35.162354,-82.545036
 35.162696,-82.545433
 35.163556,-82.54598
 35.163679,-82.546463
 35.163415,-82.546924
 35.16253,-82.547407
 35.162293,-82.547879
 35.162179,-82.549016
 35.161609,-82.549971
 35.161573,-82.553469
 35.159337,-82.555711
 35.157925,-82.55613
 35.156951,-82.556012
 35.155819,-82.555604
 35.1551,-82.555164
 35.154679,-82.554874
 35.153784,-82.553469
 35.153354,-82.553415
 35.152969,-82.553748
 35.150775,-82.55761
 35.151381,-82.559209
 35.151714,-82.560958
 35.152249,-82.561955
 35.15296,-82.562642
 35.152574,-82.562921
 35.152354,-82.563404
 35.152153,-82.564541
 35.151468,-82.565399
 35.150653,-82.566011
 35.149705,-82.565861
 35.149389,-82.566236
 35.148889,-82.567899
 35.148468,-82.568189
 35.147503,-82.568371
 35.146029,-82.56821
 35.145643,-82.568425
 35.145161,-82.57012
 35.145021,-82.5713
 35.144477,-82.572877
 35.145407,-82.574455
 35.145424,-82.575023
 35.14481,-82.576654
 35.144547,-82.577158
 35.144126,-82.577437
 35.143178,-82.57762
 35.142354,-82.57821
 35.141415,-82.578564
 35.141143,-82.579025
 35.141196,-82.579583
 35.14224,-82.581611
 35.142775,-82.583284
 35.143117,-82.585827
 35.142757,-82.586879
 35.142898,-82.587973
 35.142775,-82.588531
 35.141941,-82.589099
 35.14138,-82.590065
 35.141222,-82.591749
 35.139801,-82.591921
 35.139344,-82.592103
 35.138985,-82.5925
 35.138774,-82.593015
 35.138318,-82.596813
 35.137791,-82.597876
 35.137774,-82.598412
 35.139002,-82.602317
 35.138827,-82.604055
 35.139625,-82.606577
 35.139081,-82.60884
 35.139178,-82.609355
 35.13959,-82.609667
 35.139774,-82.610139
 35.13988,-82.611319
 35.139678,-82.6131
 35.139415,-82.613583
 35.138993,-82.613829
 35.137528,-82.613894
 35.137072,-82.614065
 35.136405,-82.614913
 35.13608,-82.61664
 35.135159,-82.618443
 35.135036,-82.619634
 35.134685,-82.620749
 35.134703,-82.622477
 35.133334,-82.624161
 35.132106,-82.625095
 35.131632,-82.625116
 35.130825,-82.624547
 35.12928,-82.626071
 35.128543,-82.62606
 35.127701,-82.626618
 35.126551,-82.627734
 35.125823,-82.628914
 35.125841,-82.629504
 35.126174,-82.630599
 35.12563,-82.632272
 35.125323,-82.633978
 35.125718,-82.63503
 35.125498,-82.636092
 35.125867,-82.636102
 35.126788,-82.635716
 35.127271,-82.635738
 35.129333,-82.636735
 35.130123,-82.63651
 35.130404,-82.636735
 35.129719,-82.639192
 35.129789,-82.639568
 35.130017,-82.640061
 35.13043,-82.640351
 35.131869,-82.64063
 35.132229,-82.640984
 35.132255,-82.641478
 35.130377,-82.643248
 35.129456,-82.643538
 35.128666,-82.644181
 35.12692,-82.645168
 35.126771,-82.645705
 35.126771,-82.648698
 35.126244,-82.651702
 35.126007,-82.652142
 35.125542,-82.652196
 35.124103,-82.651799
 35.123138,-82.651874
 35.122102,-82.653118
 35.121409,-82.654696
 35.118926,-82.656627
 35.119154,-82.657614
 35.119092,-82.659363
 35.119294,-82.660543
 35.118206,-82.66212
 35.11832,-82.66389
 35.118627,-82.664995
 35.118232,-82.666605
 35.118952,-82.668096
 35.120189,-82.668729
 35.120549,-82.669094
 35.120523,-82.669533
 35.119882,-82.669952
 35.119119,-82.671218
 35.11775,-82.672591
 35.117486,-82.673031
 35.117644,-82.673578
 35.118364,-82.674361
 35.119935,-82.67361
 35.12119,-82.673224
 35.123112,-82.673289
 35.125007,-82.673879
 35.12635,-82.674587
 35.12692,-82.676797
 35.12771,-82.67831
 35.127912,-82.681292
 35.127692,-82.681786
 35.126964,-82.682569
 35.125902,-82.683331
 35.125244,-82.685584
 35.125139,-82.686775
 35.124893,-82.687
 35.123033,-82.686206
 35.121146,-82.686421
 35.119882,-82.686743
 35.119654,-82.686968
 35.11925,-82.68803
 35.118785,-82.692171
 35.118425,-82.692515
 35.117513,-82.692933
 35.116065,-82.694178
 35.115213,-82.694564
 35.114757,-82.694542
 35.114187,-82.693909
 35.1133,-82.693394
 35.112932,-82.69303
 35.111694,-82.690444
 35.111089,-82.689532
 35.110702,-82.687354
 35.110307,-82.687021
 35.109351,-82.687129
 35.108877,-82.687032
 35.108043,-82.686528
 35.107639,-82.686839
 35.106323,-82.688609
 35.104049,-82.689693
 35.102821,-82.690659
 35.100714,-82.693148
 35.099845,-82.693663
 35.098318,-82.695605
 35.095465,-82.697911
 35.095544,-82.698383
 35.096053,-82.699349
 35.096509,-82.699392
 35.097449,-82.699091
 35.099169,-82.700164
 35.100135,-82.700014
 35.100626,-82.7001
 35.100749,-82.700454
 35.099257,-82.701999
 35.097598,-82.706494
 35.096746,-82.707042
 35.096141,-82.707943
 35.096395,-82.709488
 35.094631,-82.710314
 35.094148,-82.7132
 35.093402,-82.714198
 35.093042,-82.715088
 35.093086,-82.715625
 35.093577,-82.716933
 35.093533,-82.717513
 35.093972,-82.718478
 35.093472,-82.719433
 35.093332,-82.720592
 35.094262,-82.723306
 35.093876,-82.724293
 35.094332,-82.725838
 35.094341,-82.726429
 35.094166,-82.726901
 35.092331,-82.72866
 35.091453,-82.729175
 35.090514,-82.729475
 35.089091,-82.729089
 35.087696,-82.729594
 35.087318,-82.730634
 35.087432,-82.732426
 35.08709,-82.734153
 35.086721,-82.734379
 35.086256,-82.73425
 35.085808,-82.734432
 35.084447,-82.734293
 35.083824,-82.735258
 35.083446,-82.735527
 35.082525,-82.735956
 35.081559,-82.736127
 35.081471,-82.738434
 35.08069,-82.739056
 35.080207,-82.739174
 35.078328,-82.738788
 35.078108,-82.74102
 35.079039,-82.743037
 35.079855,-82.743616
 35.079952,-82.74411
 35.079706,-82.745236
 35.079812,-82.745826
 35.081401,-82.749925
 35.081497,-82.750493
 35.081392,-82.750998
 35.079987,-82.751319
 35.079636,-82.752103
 35.07874,-82.751759
 35.076291,-82.751974
 35.074166,-82.751298
 35.073674,-82.751266
 35.073226,-82.751437
 35.071628,-82.7528
 35.070197,-82.753154
 35.06931,-82.753648
 35.068616,-82.754484
 35.067282,-82.756931
 35.067501,-82.758701
 35.06751,-82.760428
 35.068212,-82.763904
 35.068151,-82.764505
 35.067747,-82.765589
 35.067677,-82.766168
 35.067852,-82.766683
 35.067053,-82.768013
 35.06693,-82.768604
 35.067448,-82.770213
 35.067027,-82.771146
 35.065771,-82.771994
 35.064753,-82.774687
 35.064735,-82.775867
 35.0652,-82.778152
 35.064963,-82.779837
 35.0652,-82.780341
 35.065235,-82.78092
 35.065016,-82.781897
 35.065798,-82.781918
 35.066166,-82.782176
 35.067159,-82.781757
 35.068722,-82.780352
 35.070004,-82.779547
 35.07046,-82.779429
 35.072225,-82.780416
 35.072691,-82.780319
 35.073446,-82.779579
 35.074052,-82.778667
 35.075659,-82.777487
 35.076598,-82.777466
 35.077485,-82.777047
 35.078442,-82.777112
 35.080312,-82.776414
 35.081278,-82.776371
 35.082121,-82.776951
 35.083157,-82.778206
 35.083868,-82.778796
 35.083894,-82.77944
 35.083999,-82.779912
 35.084245,-82.780716
 35.085448,-82.782691
 35.085659,-82.785062
 35.083657,-82.793001
 35.078837,-82.809438
 35.070232,-82.84245
 35.063304,-82.869905
 35.056919,-82.893906
 35.044008,-82.944803
 35.03763,-82.969136
 35.030119,-82.999177
 35.02881,-83.00319
 35.025015,-83.018854
 35.015877,-83.052328
 35.014629,-83.056233
 35.004831,-83.093419
 35.000648,-83.108418
 35.000042,-83.156548
 34.997642,-83.252839
 34.996263,-83.296784
 34.995682,-83.337736
 34.994786,-83.379868
 34.993169,-83.489141
 34.9928,-83.505524
 34.992096,-83.619776
 34.991929,-83.620173
 34.987016,-83.620001
 34.986638,-83.620119
 34.986612,-83.620666
 34.98677,-83.627275
 34.987693,-83.75041
 34.987579,-83.794355
 34.987289,-83.83152
 34.987385,-83.920012
 34.987526,-83.937167
 34.987297,-83.958549
 34.987368,-83.97313
 34.987192,-83.981713
 34.987262,-83.998117
 34.986981,-84.04026
 34.987403,-84.08721
 34.987877,-84.189863
 34.987921,-84.247799
 34.988044,-84.250191
 34.988405,-84.303932
 34.988414,-84.321778
 34.988431,-84.321957
 35.003838,-84.319779
 35.078732,-84.310037
 35.092217,-84.308631
 35.105717,-84.307011
 35.121725,-84.304801
 35.125586,-84.303943
 35.169081,-84.297785
 35.185568,-84.294738
 35.224912,-84.290317
 35.225573,-84.290258
 35.225559,-84.290152
 35.22537,-84.290111
 35.22492,-84.289834
 35.224675,-84.289609
 35.22443,-84.288847
 35.22443,-84.288257
 35.225096,-84.28683
 35.226507,-84.28521
 35.22648,-84.283504
 35.226805,-84.283118
 35.228382,-84.282249
 35.22918,-84.281563
 35.230503,-84.279803
 35.231248,-84.278269
 35.231599,-84.277915
 35.232931,-84.277174
 35.234797,-84.275329
 35.23584,-84.273312
 35.236462,-84.271703
 35.238057,-84.268806
 35.238688,-84.266553
 35.240388,-84.264053
 35.240958,-84.26239
 35.241921,-84.260319
 35.242281,-84.259933
 35.244533,-84.258871
 35.245891,-84.257948
 35.249203,-84.25355
 35.249877,-84.252058
 35.251121,-84.250288
 35.250999,-84.249237
 35.251437,-84.247531
 35.253391,-84.242424
 35.25417,-84.241694
 35.255344,-84.240149
 35.256702,-84.239506
 35.259558,-84.236276
 35.261976,-84.234227
 35.262519,-84.233326
 35.264587,-84.23206
 35.265445,-84.230053
 35.266172,-84.229249
 35.267075,-84.228873
 35.267749,-84.228036
 35.268809,-84.224689
 35.269019,-84.223573
 35.268818,-84.223037
 35.267819,-84.221749
 35.267679,-84.221159
 35.268231,-84.217908
 35.268056,-84.216782
 35.267898,-84.216224
 35.267565,-84.215795
 35.266435,-84.214711
 35.266015,-84.211804
 35.265708,-84.211353
 35.264972,-84.210602
 35.263974,-84.209894
 35.264596,-84.210302
 35.262458,-84.208778
 35.26004,-84.205881
 35.259646,-84.20557
 35.258227,-84.205248
 35.257009,-84.204251
 35.25594,-84.203006
 35.255502,-84.20277
 35.254241,-84.202673
 35.253329,-84.202266
 35.252856,-84.202255
 35.251954,-84.202673
 35.251489,-84.202598
 35.249763,-84.201558
 35.249299,-84.20145
 35.248388,-84.201686
 35.247424,-84.201633
 35.244506,-84.199938
 35.243726,-84.199015
 35.244349,-84.196987
 35.244305,-84.195807
 35.244778,-84.194133
 35.244655,-84.192996
 35.242912,-84.192041
 35.242167,-84.191269
 35.240905,-84.189423
 35.240143,-84.188715
 35.240002,-84.1882
 35.24023,-84.186076
 35.240195,-84.183093
 35.240432,-84.180132
 35.240765,-84.178383
 35.242272,-84.177085
 35.243253,-84.175079
 35.243954,-84.174242
 35.245067,-84.171034
 35.246276,-84.170079
 35.246346,-84.169543
 35.245312,-84.167558
 35.245155,-84.166228
 35.244217,-84.164361
 35.243779,-84.162043
 35.243542,-84.161561
 35.243604,-84.161013
 35.243867,-84.160531
 35.245794,-84.158953
 35.245882,-84.157248
 35.246478,-84.155241
 35.246119,-84.15301
 35.246294,-84.150177
 35.246977,-84.147345
 35.24653,-84.14507
 35.246819,-84.142699
 35.246434,-84.141605
 35.246197,-84.139845
 35.245269,-84.138
 35.244717,-84.136348
 35.243008,-84.134202
 35.242289,-84.133
 35.241843,-84.131305
 35.241764,-84.129546
 35.241282,-84.128569
 35.240984,-84.127443
 35.241413,-84.126424
 35.242176,-84.125748
 35.244559,-84.125962
 35.24639,-84.126756
 35.249597,-84.125458
 35.249851,-84.125082
 35.249842,-84.123323
 35.250534,-84.121413
 35.251726,-84.120501
 35.252243,-84.119525
 35.251954,-84.117787
 35.251218,-84.116242
 35.250534,-84.115394
 35.249229,-84.114676
 35.248984,-84.113549
 35.249395,-84.111854
 35.250421,-84.110266
 35.25021,-84.109772
 35.249816,-84.109493
 35.249693,-84.109043
 35.250421,-84.108335
 35.251393,-84.106983
 35.251411,-84.106457
 35.250307,-84.105341
 35.250166,-84.104258
 35.248957,-84.103271
 35.248239,-84.102466
 35.248125,-84.101919
 35.248379,-84.10031
 35.247249,-84.09796
 35.248572,-84.094752
 35.249965,-84.092317
 35.250324,-84.091963
 35.251472,-84.09001
 35.252374,-84.089152
 35.2529,-84.088197
 35.253697,-84.087574
 35.254249,-84.086598
 35.255125,-84.0856
 35.255879,-84.082789
 35.256256,-84.082575
 35.257657,-84.083079
 35.258139,-84.083079
 35.25905,-84.082682
 35.260347,-84.081824
 35.261127,-84.081105
 35.261617,-84.078841
 35.263159,-84.074764
 35.263229,-84.072983
 35.263614,-84.072039
 35.263868,-84.070473
 35.264166,-84.06999
 35.264596,-84.068316
 35.266602,-84.063928
 35.266707,-84.062158
 35.267451,-84.059991
 35.26746,-84.05822
 35.267907,-84.057158
 35.268327,-84.055452
 35.27007,-84.052534
 35.270473,-84.052362
 35.271446,-84.05247
 35.273241,-84.051397
 35.27353,-84.050936
 35.273749,-84.049176
 35.274143,-84.048114
 35.274108,-84.046923
 35.27431,-84.04644
 35.276219,-84.045314
 35.277244,-84.043447
 35.278085,-84.043114
 35.279153,-84.04114
 35.279863,-84.040357
 35.283279,-84.039434
 35.284216,-84.039037
 35.285091,-84.038533
 35.286642,-84.037095
 35.288446,-84.036162
 35.288726,-84.035743
 35.289216,-84.034081
 35.290609,-84.032257
 35.292921,-84.027686
 35.294234,-84.025905
 35.295083,-84.024435
 35.296064,-84.023319
 35.296984,-84.022955
 35.297465,-84.022998
 35.298236,-84.023395
 35.298884,-84.023352
 35.300775,-84.021581
 35.30123,-84.02141
 35.301677,-84.021592
 35.302378,-84.023073
 35.302964,-84.023523
 35.303857,-84.023802
 35.304269,-84.024092
 35.306107,-84.026066
 35.306554,-84.02627
 35.308752,-84.026399
 35.309216,-84.026538
 35.309566,-84.026903
 35.310293,-84.028459
 35.31193,-84.034821
 35.312254,-84.035228
 35.313112,-84.035765
 35.315554,-84.035786
 35.317708,-84.035507
 35.318627,-84.0351
 35.319564,-84.034317
 35.320439,-84.033941
 35.320929,-84.033952
 35.32177,-84.034327
 35.322724,-84.034263
 35.324194,-84.03275
 35.325149,-84.032503
 35.326357,-84.03246
 35.327136,-84.032643
 35.32809,-84.032396
 35.328974,-84.031892
 35.330943,-84.030143
 35.332335,-84.029542
 35.333289,-84.029424
 35.336396,-84.031334
 35.337009,-84.032943
 35.337604,-84.035969
 35.337963,-84.036162
 35.339398,-84.036248
 35.340352,-84.036012
 35.34128,-84.035647
 35.34233,-84.034274
 35.342759,-84.034038
 35.343231,-84.03407
 35.344351,-84.035175
 35.346513,-84.03687
 35.347589,-84.038082
 35.348001,-84.038243
 35.349847,-84.03746
 35.350626,-84.036816
 35.35109,-84.034048
 35.351659,-84.033083
 35.35249,-84.032493
 35.352805,-84.032053
 35.353514,-84.029317
 35.3534,-84.027579
 35.353942,-84.024618
 35.354056,-84.024038
 35.354511,-84.023277
 35.355964,-84.023008
 35.35634,-84.022719
 35.356987,-84.021088
 35.357574,-84.020154
 35.358405,-84.019532
 35.359805,-84.019017
 35.361459,-84.01774
 35.36271,-84.016399
 35.364888,-84.01508
 35.368773,-84.010692
 35.370461,-84.008535
 35.371345,-84.007677
 35.371669,-84.007559
 35.372237,-84.008482
 35.372666,-84.008718
 35.375115,-84.008889
 35.376078,-84.00876
 35.377469,-84.008245
 35.378921,-84.008385
 35.380732,-84.009748
 35.381195,-84.009887
 35.382149,-84.009651
 35.382603,-84.00979
 35.383732,-84.010917
 35.384668,-84.011185
 35.386513,-84.010445
 35.389715,-84.008256
 35.390196,-84.008203
 35.390616,-84.008439
 35.391298,-84.009286
 35.391945,-84.010895
 35.391936,-84.012033
 35.392234,-84.012612
 35.397464,-84.013953
 35.398146,-84.014629
 35.398399,-84.015133
 35.399029,-84.017805
 35.39923,-84.018309
 35.399624,-84.018674
 35.401364,-84.019779
 35.403183,-84.020648
 35.404416,-84.021571
 35.406323,-84.021142
 35.407171,-84.021506
 35.408885,-84.022826
 35.41031,-84.023244
 35.411289,-84.023309
 35.411595,-84.023019
 35.412041,-84.021335
 35.41191,-84.020165
 35.411228,-84.017944
 35.411473,-84.016196
 35.412068,-84.014597
 35.413134,-84.013374
 35.415224,-84.011861
 35.415994,-84.010735
 35.416527,-84.01037
 35.41901,-84.006808
 35.421004,-84.005113
 35.422324,-84.002634
 35.423355,-84.001282
 35.424247,-84.000875
 35.424999,-84.00007
 35.426354,-83.999319
 35.426835,-83.999298
 35.428199,-83.999759
 35.428653,-83.999609
 35.429362,-83.998815
 35.430734,-83.998268
 35.43104,-83.998568
 35.431206,-83.999115
 35.431582,-83.999212
 35.43243,-83.998826
 35.433138,-83.999609
 35.433575,-83.999823
 35.433846,-83.99977
 35.434126,-83.999373
 35.43417,-83.998879
 35.433899,-83.997828
 35.43396,-83.996712
 35.434843,-83.996422
 35.435096,-83.996143
 35.434948,-83.995596
 35.435245,-83.994523
 35.435699,-83.994362
 35.436643,-83.99448
 35.437605,-83.993171
 35.437998,-83.99286
 35.439458,-83.992656
 35.440332,-83.992141
 35.440638,-83.991712
 35.440682,-83.991133
 35.439441,-83.989449
 35.439336,-83.988891
 35.439598,-83.988483
 35.440516,-83.988472
 35.440857,-83.988075
 35.440988,-83.987528
 35.440306,-83.985318
 35.440437,-83.984149
 35.440717,-83.983687
 35.441171,-83.983473
 35.442133,-83.983344
 35.443523,-83.982657
 35.444939,-83.982196
 35.447849,-83.980104
 35.448199,-83.979095
 35.448085,-83.978516
 35.447447,-83.977625
 35.447054,-83.976552
 35.447028,-83.975984
 35.447727,-83.975211
 35.44791,-83.974696
 35.447849,-83.974106
 35.447333,-83.973119
 35.447395,-83.972572
 35.447797,-83.972465
 35.449143,-83.973044
 35.450122,-83.97298
 35.452551,-83.973173
 35.452927,-83.973066
 35.453067,-83.971338
 35.453399,-83.971338
 35.453775,-83.971714
 35.454229,-83.971875
 35.45471,-83.971843
 35.455147,-83.971606
 35.455461,-83.971167
 35.455531,-83.969986
 35.455173,-83.966897
 35.454264,-83.964826
 35.454518,-83.964429
 35.45499,-83.964407
 35.455829,-83.965663
 35.456292,-83.965663
 35.456571,-83.965223
 35.45658,-83.964043
 35.456764,-83.963528
 35.457157,-83.963195
 35.458109,-83.963184
 35.458529,-83.963013
 35.459071,-83.962026
 35.459787,-83.961232
 35.460242,-83.961082
 35.463956,-83.961049
 35.464244,-83.960781
 35.464462,-83.958399
 35.464174,-83.956532
 35.463484,-83.954966
 35.461448,-83.9534
 35.460792,-83.952595
 35.460749,-83.951404
 35.460923,-83.950235
 35.461107,-83.949677
 35.462278,-83.947831
 35.463091,-83.947198
 35.463781,-83.946233
 35.464244,-83.945171
 35.464428,-83.943422
 35.46462,-83.942939
 35.46552,-83.942885
 35.466367,-83.942349
 35.467294,-83.94207
 35.470072,-83.938175
 35.471584,-83.93677
 35.472694,-83.932886
 35.473288,-83.929968
 35.473069,-83.928219
 35.473192,-83.92765
 35.47362,-83.926567
 35.473716,-83.925408
 35.474345,-83.924389
 35.474397,-83.922061
 35.473401,-83.9194
 35.473917,-83.91793
 35.473646,-83.916793
 35.47403,-83.915699
 35.475673,-83.913306
 35.476162,-83.911686
 35.477927,-83.910635
 35.479631,-83.909336
 35.480557,-83.908982
 35.482496,-83.909132
 35.483886,-83.90866
 35.485467,-83.907319
 35.486734,-83.906579
 35.488752,-83.905764
 35.489477,-83.905023
 35.4898,-83.903908
 35.490909,-83.901794
 35.491241,-83.901397
 35.493014,-83.900388
 35.493984,-83.900217
 35.494412,-83.900399
 35.495128,-83.901215
 35.495556,-83.901451
 35.496028,-83.901483
 35.496666,-83.901279
 35.498142,-83.89953
 35.499295,-83.898436
 35.50002,-83.896966
 35.501723,-83.895775
 35.502343,-83.892964
 35.503033,-83.892149
 35.512597,-83.884381
 35.515627,-83.883383
 35.516963,-83.882686
 35.517338,-83.882321
 35.51857,-83.880358
 35.519653,-83.875154
 35.521058,-83.87274
 35.521006,-83.870981
 35.520395,-83.868674
 35.521207,-83.865219
 35.521338,-83.861035
 35.521801,-83.859351
 35.521827,-83.85861
 35.52174,-83.857023
 35.521102,-83.854115
 35.519295,-83.848557
 35.521478,-83.843676
 35.521661,-83.842517
 35.521617,-83.840125
 35.524211,-83.834084
 35.524656,-83.832368
 35.524647,-83.827583
 35.523966,-83.825394
 35.525617,-83.823162
 35.534156,-83.81003
 35.534531,-83.809676
 35.536338,-83.808732
 35.536714,-83.808367
 35.540861,-83.803529
 35.541507,-83.802574
 35.541192,-83.799698
 35.541428,-83.79854
 35.54382,-83.796458
 35.54533,-83.794141
 35.546029,-83.790568
 35.547068,-83.787189
 35.547338,-83.786727
 35.548595,-83.785858
 35.549826,-83.784002
 35.550673,-83.781255
 35.550393,-83.780107
 35.557525,-83.773102
 35.561749,-83.771846
 35.562089,-83.771578
 35.561566,-83.764948
 35.561679,-83.764422
 35.562709,-83.763124
 35.562779,-83.762619
 35.562343,-83.760935
 35.562482,-83.759733
 35.563486,-83.757223
 35.56353,-83.756676
 35.561208,-83.750067
 35.56106,-83.748747
 35.559951,-83.74806
 35.559969,-83.747567
 35.560143,-83.74702
 35.560484,-83.746601
 35.56243,-83.74481
 35.562683,-83.744413
 35.562657,-83.74202
 35.563119,-83.740979
 35.564044,-83.739617
 35.564961,-83.73746
 35.565423,-83.735754
 35.564577,-83.734338
 35.563434,-83.733222
 35.563198,-83.732793
 35.564106,-83.730036
 35.564018,-83.729478
 35.562604,-83.726463
 35.562491,-83.724682
 35.561993,-83.723674
 35.562028,-83.72318
 35.563381,-83.72068
 35.563992,-83.71906
 35.563826,-83.716679
 35.563983,-83.714844
 35.566261,-83.712677
 35.566794,-83.709748
 35.568434,-83.707302
 35.568478,-83.703933
 35.567719,-83.702259
 35.567666,-83.700478
 35.568312,-83.698
 35.569988,-83.696873
 35.570258,-83.696433
 35.570293,-83.695843
 35.570276,-83.695275
 35.568565,-83.693075
 35.568801,-83.690307
 35.568007,-83.689063
 35.568033,-83.688312
 35.568635,-83.686852
 35.568818,-83.68446
 35.568583,-83.683462
 35.569429,-83.680855
 35.570223,-83.680297
 35.569839,-83.678023
 35.570241,-83.676338
 35.56949,-83.674836
 35.56901,-83.673141
 35.569298,-83.670266
 35.569482,-83.664279
 35.569002,-83.662584
 35.568522,-83.661554
 35.568408,-83.660685
 35.56867,-83.660342
 35.569098,-83.658421
 35.569839,-83.656908
 35.569953,-83.65635
 35.569525,-83.654001
 35.568338,-83.653089
 35.56812,-83.652585
 35.567457,-83.649527
 35.566732,-83.647982
 35.566776,-83.646802
 35.565895,-83.645482
 35.566043,-83.643132
 35.565825,-83.640826
 35.566523,-83.640075
 35.567073,-83.63735
 35.567343,-83.636867
 35.568146,-83.635912
 35.569534,-83.635375
 35.569935,-83.635064
 35.57045,-83.634088
 35.570258,-83.633627
 35.569167,-83.632436
 35.568146,-83.630397
 35.568076,-83.629303
 35.568277,-83.628788
 35.570031,-83.625011
 35.572082,-83.622501
 35.572833,-83.618402
 35.57395,-83.615516
 35.576576,-83.611965
 35.579281,-83.609015
 35.579438,-83.608521
 35.579334,-83.604927
 35.578356,-83.602191
 35.578077,-83.601719
 35.575171,-83.598983
 35.574761,-83.596666
 35.574499,-83.596194
 35.57299,-83.59437
 35.570328,-83.59172
 35.567099,-83.587997
 35.566663,-83.587761
 35.564271,-83.587203
 35.56387,-83.586913
 35.562971,-83.585519
 35.562761,-83.581774
 35.563329,-83.580122
 35.564132,-83.576045
 35.565441,-83.572644
 35.565406,-83.572097
 35.56449,-83.56934
 35.564629,-83.567537
 35.564804,-83.567044
 35.565938,-83.566003
 35.565336,-83.563761
 35.564856,-83.559812
 35.565057,-83.555628
 35.564376,-83.552141
 35.564629,-83.547603
 35.565659,-83.541123
 35.56469,-83.534321
 35.56517,-83.528634
 35.565205,-83.523828
 35.565554,-83.520845
 35.565467,-83.52033
 35.562919,-83.517476
 35.563084,-83.512101
 35.563137,-83.500042
 35.563023,-83.498261
 35.563268,-83.497778
 35.564874,-83.496459
 35.566514,-83.493991
 35.566959,-83.492285
 35.567047,-83.489957
 35.567457,-83.488959
 35.567911,-83.486663
 35.568373,-83.485322
 35.571026,-83.483927
 35.572117,-83.48279
 35.574447,-83.481878
 35.575756,-83.481095
 35.576227,-83.481041
 35.579124,-83.478595
 35.582475,-83.479249
 35.582955,-83.47926
 35.583365,-83.478971
 35.584848,-83.475248
 35.586401,-83.472855
 35.586724,-83.472587
 35.587187,-83.47249
 35.589123,-83.472598
 35.590205,-83.471439
 35.591052,-83.468016
 35.591715,-83.466439
 35.592622,-83.462781
 35.595213,-83.461472
 35.595449,-83.461171
 35.595902,-83.458875
 35.596705,-83.457373
 35.597377,-83.456504
 35.59811,-83.45571
 35.599008,-83.45526
 35.601878,-83.454992
 35.602951,-83.452384
 35.603919,-83.45129
 35.605394,-83.45084
 35.606336,-83.450775
 35.608734,-83.447084
 35.609118,-83.44672
 35.611465,-83.445904
 35.611779,-83.445625
 35.611718,-83.44113
 35.611116,-83.439746
 35.611072,-83.437943
 35.610767,-83.435572
 35.609956,-83.432139
 35.610165,-83.429757
 35.610313,-83.42921
 35.610653,-83.428781
 35.61068,-83.427054
 35.611107,-83.425992
 35.610863,-83.424286
 35.611142,-83.421904
 35.611316,-83.421367
 35.611656,-83.42097
 35.61341,-83.420295
 35.61477,-83.414791
 35.615773,-83.413482
 35.616183,-83.412398
 35.61648,-83.412001
 35.616925,-83.411776
 35.617221,-83.411325
 35.618381,-83.408697
 35.61955,-83.407109
 35.620378,-83.405639
 35.621294,-83.403525
 35.621835,-83.39991
 35.622908,-83.396316
 35.624931,-83.392925
 35.625707,-83.392239
 35.627434,-83.391101
 35.630808,-83.389567
 35.632108,-83.38872
 35.633486,-83.388773
 35.633704,-83.38829
 35.63468,-83.380469
 35.634532,-83.378109
 35.636607,-83.376735
 35.637104,-83.375727
 35.6387,-83.373946
 35.638944,-83.373474
 35.639153,-83.37195
 35.63829,-83.370502
 35.638203,-83.369933
 35.638255,-83.368142
 35.638682,-83.367079
 35.642693,-83.364108
 35.643574,-83.362058
 35.645571,-83.360395
 35.647122,-83.358207
 35.648395,-83.35825
 35.649973,-83.356318
 35.650863,-83.355889
 35.652266,-83.355407
 35.653713,-83.355632
 35.654664,-83.355492
 35.6572,-83.353947
 35.659685,-83.351716
 35.659981,-83.351265
 35.660818,-83.349119
 35.660504,-83.347371
 35.661716,-83.344131
 35.661977,-83.343648
 35.66386,-83.341781
 35.664331,-83.340772
 35.6642,-83.34029
 35.663267,-83.338916
 35.663076,-83.338391
 35.663102,-83.337801
 35.665438,-83.334872
 35.665272,-83.333091
 35.664845,-83.331267
 35.664069,-83.329378
 35.663416,-83.325859
 35.663206,-83.322877
 35.662788,-83.321182
 35.658918,-83.31778
 35.657165,-83.315549
 35.656006,-83.313618
 35.654847,-83.312663
 35.654707,-83.312116
 35.654559,-83.310399
 35.655936,-83.308725
 35.656102,-83.3082
 35.655561,-83.305303
 35.656058,-83.302374
 35.656738,-83.300786
 35.656974,-83.299016
 35.657654,-83.297342
 35.661916,-83.293737
 35.663355,-83.293855
 35.665734,-83.293265
 35.666057,-83.292224
 35.666371,-83.291742
 35.667164,-83.29113
 35.672507,-83.290679
 35.674511,-83.289059
 35.67493,-83.287321
 35.674816,-83.283931
 35.675418,-83.283105
 35.676289,-83.282547
 35.677797,-83.281077
 35.678416,-83.278191
 35.67947,-83.275477
 35.681231,-83.271872
 35.681518,-83.271421
 35.68578,-83.269769
 35.686573,-83.269125
 35.689056,-83.264576
 35.688542,-83.262956
 35.689317,-83.260767
 35.690128,-83.259276
 35.691461,-83.258622
 35.694119,-83.256937
 35.695208,-83.255757
 35.695565,-83.254652
 35.695922,-83.254255
 35.696924,-83.254459
 35.699042,-83.255628
 35.701429,-83.255156
 35.705245,-83.257452
 35.705593,-83.257248
 35.70589,-83.256776
 35.70825,-83.252034
 35.709287,-83.2508
 35.710028,-83.25138
 35.711753,-83.253225
 35.713991,-83.254234
 35.714828,-83.255317
 35.715263,-83.255457
 35.716204,-83.255285
 35.719923,-83.251208
 35.720655,-83.249652
 35.72177,-83.245039
 35.722267,-83.24402
 35.723486,-83.242314
 35.726622,-83.240737
 35.726726,-83.240243
 35.726108,-83.232003
 35.726134,-83.222991
 35.726552,-83.219848
 35.725751,-83.217026
 35.724479,-83.214494
 35.725132,-83.210031
 35.7265,-83.203669
 35.725402,-83.200343
 35.725489,-83.198444
 35.726961,-83.195354
 35.729269,-83.189689
 35.729809,-83.188123
 35.729949,-83.185762
 35.735914,-83.181803
 35.736359,-83.181578
 35.737621,-83.181396
 35.73884,-83.180848
 35.742184,-83.178381
 35.743525,-83.177683
 35.744065,-83.177179
 35.744806,-83.175634
 35.74585,-83.172276
 35.746077,-83.170506
 35.746834,-83.169905
 35.7501,-83.16866
 35.750979,-83.168167
 35.751388,-83.167856
 35.752442,-83.166268
 35.754566,-83.164841
 35.756708,-83.165356
 35.758171,-83.16541
 35.758658,-83.165399
 35.760025,-83.164819
 35.763081,-83.161848
 35.764796,-83.159316
 35.764979,-83.157578
 35.764396,-83.154563
 35.764509,-83.151569
 35.764161,-83.150475
 35.764143,-83.149885
 35.764291,-83.148158
 35.765171,-83.146698
 35.76591,-83.141152
 35.765258,-83.138909
 35.765406,-83.137161
 35.765292,-83.13657
 35.766694,-83.134199
 35.767338,-83.13141
 35.767556,-83.129618
 35.768035,-83.127923
 35.767713,-83.126206
 35.767129,-83.124565
 35.76692,-83.12214
 35.766354,-83.120509
 35.766415,-83.120102
 35.768235,-83.119211
 35.769427,-83.118181
 35.769732,-83.117731
 35.769932,-83.117205
 35.769924,-83.115402
 35.770089,-83.114222
 35.770707,-83.112613
 35.77062,-83.11154
 35.771282,-83.10963
 35.771978,-83.109115
 35.771995,-83.107967
 35.773136,-83.106122
 35.773371,-83.105189
 35.773641,-83.10477
 35.774093,-83.104674
 35.774946,-83.102614
 35.774999,-83.102067
 35.774703,-83.100554
 35.775895,-83.097528
 35.776861,-83.096198
 35.779081,-83.094964
 35.77942,-83.094589
 35.779681,-83.09285
 35.780665,-83.090769
 35.781413,-83.089288
 35.782336,-83.088602
 35.782554,-83.08813
 35.783468,-83.087593
 35.783659,-83.087132
 35.783729,-83.086027
 35.785565,-83.085362
 35.785878,-83.084975
 35.786853,-83.082916
 35.786958,-83.081145
 35.78728,-83.080738
 35.788167,-83.080233
 35.788524,-83.079847
 35.78922,-83.079
 35.789534,-83.078356
 35.789255,-83.076628
 35.789995,-83.07444
 35.789899,-83.073903
 35.788411,-83.072358
 35.787976,-83.070685
 35.787776,-83.068904
 35.787175,-83.067273
 35.787149,-83.06547
 35.786653,-83.06384
 35.786818,-83.061469
 35.787602,-83.059988
 35.788559,-83.057263
 35.789525,-83.052778
 35.789377,-83.052242
 35.788455,-83.050847
 35.787741,-83.048637
 35.786009,-83.046545
 35.785757,-83.046041
 35.785365,-83.044099
 35.785374,-83.042897
 35.786314,-83.040837
 35.786853,-83.039163
 35.786827,-83.037479
 35.787384,-83.036556
 35.787323,-83.035977
 35.786784,-83.033692
 35.785931,-83.032265
 35.785234,-83.031471
 35.785443,-83.029829
 35.785008,-83.028767
 35.784834,-83.02763
 35.783659,-83.025763
 35.783346,-83.024025
 35.782989,-83.023424
 35.782406,-83.02307
 35.782049,-83.022501
 35.780935,-83.021364
 35.780334,-83.020463
 35.780334,-83.019894
 35.78144,-83.017931
 35.781927,-83.016257
 35.78137,-83.015356
 35.780865,-83.013715
 35.778855,-83.011333
 35.778663,-83.010786
 35.778637,-83.009734
 35.778855,-83.008715
 35.778463,-83.007642
 35.77848,-83.006462
 35.778289,-83.005936
 35.777523,-83.005217
 35.776818,-83.003715
 35.775904,-83.00335
 35.775521,-83.003018
 35.774981,-83.002042
 35.774468,-83.001623
 35.773736,-83.00143
 35.773667,-83.001183
 35.773884,-82.999649
 35.773562,-82.999016
 35.773231,-82.997707
 35.773136,-82.995915
 35.77378,-82.992589
 35.773963,-82.992042
 35.775408,-82.990519
 35.775965,-82.989532
 35.776191,-82.987783
 35.777157,-82.986517
 35.778141,-82.983824
 35.780186,-82.981249
 35.781091,-82.980809
 35.781857,-82.980101
 35.782606,-82.978449
 35.783006,-82.977955
 35.784669,-82.976732
 35.78587,-82.974876
 35.786749,-82.974447
 35.78808,-82.971979
 35.788785,-82.971153
 35.789847,-82.969179
 35.789786,-82.967752
 35.790343,-82.964877
 35.789943,-82.963815
 35.790004,-82.963225
 35.790578,-82.962281
 35.791292,-82.961658
 35.792249,-82.961819
 35.793528,-82.962656
 35.794973,-82.962828
 35.79546,-82.962795
 35.797105,-82.961798
 35.799515,-82.961926
 35.800403,-82.961755
 35.801169,-82.961186
 35.802979,-82.959201
 35.803831,-82.958622
 35.80645,-82.957367
 35.808069,-82.956047
 35.809722,-82.955768
 35.810522,-82.955103
 35.812732,-82.953955
 35.813681,-82.953762
 35.814429,-82.953011
 35.816578,-82.95167
 35.816787,-82.951198
 35.816317,-82.950189
 35.816378,-82.949653
 35.817918,-82.948054
 35.819457,-82.948483
 35.819927,-82.948451
 35.821858,-82.946874
 35.822441,-82.946831
 35.82312,-82.946702
 35.824651,-82.94549
 35.825286,-82.944589
 35.82566,-82.943505
 35.825834,-82.941123
 35.825834,-82.938763
 35.825373,-82.937754
 35.82539,-82.936553
 35.825556,-82.936049
 35.828879,-82.934697
 35.830409,-82.93328
 35.830818,-82.933377
 35.83121,-82.93371
 35.832149,-82.933913
 35.832593,-82.933785
 35.833228,-82.932926
 35.833689,-82.932808
 35.834663,-82.932873
 35.835124,-82.933034
 35.836307,-82.933903
 35.83669,-82.933871
 35.837551,-82.931746
 35.837881,-82.929976
 35.838542,-82.927723
 35.839438,-82.920234
 35.840673,-82.919387
 35.840934,-82.918904
 35.841386,-82.916597
 35.841743,-82.916329
 35.843073,-82.917048
 35.84403,-82.917209
 35.844752,-82.917541
 35.845535,-82.918367
 35.847352,-82.919194
 35.848161,-82.919784
 35.849622,-82.919827
 35.850761,-82.920856
 35.851213,-82.92091
 35.851909,-82.920116
 35.852309,-82.919955
 35.852709,-82.920223
 35.854692,-82.919902
 35.855579,-82.920309
 35.856066,-82.920256
 35.857909,-82.919558
 35.85864,-82.918775
 35.859074,-82.91855
 35.859553,-82.918539
 35.860031,-82.918614
 35.86044,-82.918893
 35.861309,-82.920331
 35.863065,-82.921382
 35.863526,-82.92135
 35.864448,-82.920942
 35.864926,-82.920889
 35.866343,-82.921135
 35.868239,-82.920749
 35.868526,-82.920341
 35.868717,-82.918561
 35.868726,-82.914966
 35.868491,-82.91281
 35.868691,-82.911651
 35.868639,-82.911061
 35.870204,-82.90677
 35.871342,-82.905128
 35.872612,-82.901362
 35.872916,-82.900901
 35.874098,-82.899892
 35.87595,-82.89927
 35.877532,-82.897907
 35.878132,-82.896985
 35.878932,-82.896341
 35.879393,-82.89618
 35.880401,-82.896491
 35.881218,-82.897961
 35.881123,-82.900246
 35.880766,-82.901319
 35.88081,-82.901899
 35.880471,-82.903637
 35.882174,-82.904978
 35.882618,-82.905171
 35.883226,-82.906018
 35.883635,-82.90633
 35.884095,-82.906491
 35.885052,-82.906287
 35.885486,-82.906029
 35.888894,-82.902746
 35.890258,-82.902113
 35.891214,-82.902124
 35.892396,-82.901201
 35.892857,-82.901148
 35.893379,-82.90207
 35.893761,-82.902381
 35.895395,-82.903197
 35.89702,-82.904506
 35.898289,-82.90486
 35.899741,-82.905042
 35.903008,-82.906169
 35.903373,-82.906544
 35.903808,-82.907617
 35.905068,-82.908379
 35.907127,-82.907091
 35.907553,-82.907038
 35.909239,-82.908218
 35.910682,-82.908196
 35.911073,-82.908347
 35.91102,-82.909452
 35.91122,-82.909935
 35.912576,-82.910568
 35.913141,-82.911479
 35.913705,-82.913067
 35.914514,-82.913647
 35.915113,-82.914387
 35.916503,-82.911962
 35.916894,-82.911769
 35.917763,-82.912284
 35.91818,-82.912327
 35.919562,-82.911834
 35.920005,-82.911994
 35.920622,-82.912874
 35.921039,-82.913164
 35.92196,-82.913486
 35.923906,-82.913357
 35.924462,-82.914108
 35.924271,-82.916962
 35.925157,-82.918013
 35.925704,-82.91899
 35.926434,-82.919762
 35.92726,-82.920341
 35.928641,-82.919945
 35.928815,-82.919483
 35.92918,-82.91591
 35.929666,-82.914237
 35.929571,-82.912799
 35.929449,-82.91222
 35.929093,-82.911898
 35.928189,-82.911522
 35.92785,-82.911104
 35.927459,-82.910031
 35.927234,-82.90825
 35.926347,-82.906137
 35.926156,-82.904366
 35.926964,-82.901963
 35.928172,-82.900987
 35.928459,-82.900515
 35.928876,-82.900343
 35.929484,-82.899495
 35.930326,-82.899034
 35.931682,-82.899613
 35.932151,-82.899517
 35.932967,-82.900075
 35.934322,-82.900472
 35.935504,-82.901448
 35.936433,-82.901298
 35.937302,-82.901695
 35.938249,-82.901491
 35.944998,-82.898498
 35.944651,-82.896888
 35.944877,-82.893916
 35.945154,-82.89279
 35.946562,-82.890698
 35.948134,-82.889282
 35.94842,-82.888842
 35.948742,-82.887715
 35.948629,-82.886546
 35.949124,-82.884228
 35.949784,-82.882651
 35.950487,-82.878102
 35.951121,-82.877244
 35.952641,-82.874218
 35.951981,-82.870764
 35.950652,-82.869369
 35.950513,-82.867609
 35.950305,-82.867105
 35.949575,-82.866365
 35.948776,-82.863543
 35.947534,-82.860979
 35.947517,-82.860432
 35.947943,-82.858855
 35.94842,-82.855518
 35.949106,-82.852653
 35.949515,-82.851677
 35.948967,-82.850733
 35.947734,-82.849789
 35.947031,-82.848963
 35.946214,-82.847643
 35.946127,-82.847074
 35.946266,-82.845926
 35.945146,-82.844875
 35.942158,-82.844542
 35.942001,-82.842236
 35.941611,-82.841184
 35.939578,-82.839564
 35.939144,-82.839307
 35.938188,-82.839199
 35.937745,-82.839006
 35.937415,-82.838641
 35.937302,-82.836485
 35.93593,-82.834103
 35.935182,-82.833395
 35.933254,-82.832805
 35.93262,-82.831228
 35.932959,-82.829629
 35.932906,-82.82905
 35.932602,-82.828653
 35.929849,-82.826174
 35.929466,-82.825992
 35.928945,-82.826046
 35.928128,-82.82655
 35.927694,-82.826325
 35.925175,-82.823524
 35.922472,-82.822484
 35.921864,-82.821679
 35.922082,-82.82052
 35.923498,-82.818128
 35.924167,-82.815896
 35.924896,-82.815317
 35.925635,-82.815038
 35.925366,-82.813547
 35.925479,-82.812978
 35.926712,-82.811154
 35.927147,-82.809459
 35.927216,-82.80888
 35.926982,-82.807099
 35.927147,-82.805318
 35.927364,-82.804856
 35.928467,-82.804019
 35.929127,-82.802914
 35.930083,-82.802796
 35.932429,-82.804105
 35.93381,-82.804663
 35.934531,-82.805414
 35.935,-82.805618
 35.936885,-82.806154
 35.937815,-82.805876
 35.938675,-82.80447
 35.940264,-82.803515
 35.941307,-82.802281
 35.944008,-82.800543
 35.944364,-82.800146
 35.946344,-82.796745
 35.946701,-82.795061
 35.94869,-82.793398
 35.949506,-82.792293
 35.950809,-82.791531
 35.951712,-82.789557
 35.951443,-82.788473
 35.952077,-82.787594
 35.953449,-82.7871
 35.955881,-82.786982
 35.958972,-82.785308
 35.95945,-82.785201
 35.962507,-82.785308
 35.963393,-82.784847
 35.964174,-82.784171
 35.965095,-82.782787
 35.96625,-82.779386
 35.966936,-82.77783
 35.967813,-82.777401
 35.969931,-82.776875
 35.970365,-82.776639
 35.971842,-82.775105
 35.972215,-82.775073
 35.973066,-82.775674
 35.973813,-82.776403
 35.974056,-82.776918
 35.974716,-82.778517
 35.974429,-82.780802
 35.974507,-82.781392
 35.974881,-82.782251
 35.975532,-82.783152
 35.977416,-82.785029
 35.978301,-82.785491
 35.980689,-82.784922
 35.981956,-82.784246
 35.982816,-82.784793
 35.984222,-82.785233
 35.986158,-82.785019
 35.987721,-82.785233
 35.988633,-82.785609
 35.988928,-82.785373
 35.989822,-82.783259
 35.991332,-82.780834
 35.992105,-82.780159
 35.992721,-82.779343
 35.99464,-82.778914
 35.996081,-82.778302
 35.997018,-82.778538
 35.997903,-82.778066
 35.998693,-82.77739
 35.998528,-82.776436
 35.998841,-82.775996
 35.999249,-82.775824
 36.000204,-82.775974
 36.000664,-82.775878
 36.000802,-82.775406
 36.000533,-82.773689
 36.000542,-82.772498
 36.001601,-82.770138
 36.002877,-82.765653
 36.003936,-82.76369
 36.004552,-82.762874
 36.004804,-82.761866
 36.004864,-82.759978
 36.004023,-82.758991
 36.004387,-82.756072
 36.004396,-82.754334
 36.004769,-82.753658
 36.006053,-82.752103
 36.006001,-82.750407
 36.006201,-82.750021
 36.007164,-82.750075
 36.008536,-82.750601
 36.008918,-82.750472
 36.009872,-82.748809
 36.009933,-82.747661
 36.00943,-82.745976
 36.009785,-82.744882
 36.010645,-82.743444
 36.011009,-82.743112
 36.011946,-82.743026
 36.012302,-82.742661
 36.012484,-82.742125
 36.012406,-82.741567
 36.011946,-82.740515
 36.012155,-82.740033
 36.012962,-82.739389
 36.013587,-82.73926
 36.014359,-82.739475
 36.014732,-82.739292
 36.01501,-82.738799
 36.015392,-82.737061
 36.01514,-82.735291
 36.015253,-82.734132
 36.015808,-82.733155
 36.017474,-82.731986
 36.017631,-82.730259
 36.018498,-82.727523
 36.018143,-82.725495
 36.019297,-82.722888
 36.020191,-82.721536
 36.021579,-82.719862
 36.021978,-82.71879
 36.022238,-82.717041
 36.022881,-82.715861
 36.0238,-82.715399
 36.027193,-82.71556
 36.028147,-82.715389
 36.028581,-82.715131
 36.029024,-82.714112
 36.02918,-82.71232
 36.029805,-82.710153
 36.029727,-82.708973
 36.02997,-82.707825
 36.032338,-82.703297
 36.03246,-82.702171
 36.032703,-82.70172
 36.03311,-82.70143
 36.034073,-82.701248
 36.034429,-82.700926
 36.034577,-82.700379
 36.034204,-82.698115
 36.035522,-82.697589
 36.035843,-82.69716
 36.036164,-82.696055
 36.036668,-82.695057
 36.036806,-82.693652
 36.037561,-82.692204
 36.037821,-82.690455
 36.038585,-82.68892
 36.039192,-82.687998
 36.039938,-82.687225
 36.042081,-82.685509
 36.044918,-82.68479
 36.045707,-82.684125
 36.046019,-82.683663
 36.046037,-82.682097
 36.046254,-82.681593
 36.046913,-82.680702
 36.048405,-82.679189
 36.048587,-82.678664
 36.048717,-82.675155
 36.049767,-82.673396
 36.050149,-82.673063
 36.051528,-82.672484
 36.052014,-82.671325
 36.052777,-82.670628
 36.053141,-82.669523
 36.052933,-82.668407
 36.052959,-82.666647
 36.05315,-82.6661
 36.054807,-82.663139
 36.055596,-82.660757
 36.057027,-82.659223
 36.057105,-82.658654
 36.056585,-82.657002
 36.05629,-82.654663
 36.057079,-82.653193
 36.057365,-82.651434
 36.05792,-82.64991
 36.059525,-82.647496
 36.06139,-82.645619
 36.062656,-82.643795
 36.06315,-82.642776
 36.063376,-82.641617
 36.064295,-82.639503
 36.065804,-82.637014
 36.065882,-82.636435
 36.065613,-82.634676
 36.0657,-82.632369
 36.065292,-82.632176
 36.06433,-82.632068
 36.063992,-82.631704
 36.063298,-82.630137
 36.06067,-82.62606
 36.060253,-82.624977
 36.058796,-82.623657
 36.058536,-82.623163
 36.057721,-82.62253
 36.057452,-82.622048
 36.056862,-82.619784
 36.056255,-82.61884
 36.055509,-82.618089
 36.054642,-82.617756
 36.054286,-82.61737
 36.051467,-82.617981
 36.049073,-82.618014
 36.047806,-82.618325
 36.047338,-82.618282
 36.046956,-82.617992
 36.046705,-82.617155
 36.046861,-82.616222
 36.046306,-82.614623
 36.046358,-82.613454
 36.046011,-82.612349
 36.044996,-82.611147
 36.044822,-82.609549
 36.043755,-82.608336
 36.040997,-82.606083
 36.040589,-82.605332
 36.040068,-82.603176
 36.039157,-82.602221
 36.037778,-82.601663
 36.036338,-82.601856
 36.035973,-82.601588
 36.036537,-82.598734
 36.036607,-82.595762
 36.03613,-82.594357
 36.035687,-82.592061
 36.033475,-82.590945
 36.032078,-82.590719
 36.03167,-82.590934
 36.030317,-82.593681
 36.028538,-82.596459
 36.025892,-82.599957
 36.024659,-82.60088
 36.024226,-82.601867
 36.023176,-82.603101
 36.022759,-82.603401
 36.021214,-82.603937
 36.017952,-82.602907
 36.017535,-82.603165
 36.016216,-82.607092
 36.015166,-82.608315
 36.014229,-82.608562
 36.012736,-82.608637
 36.011452,-82.609377
 36.011,-82.609366
 36.010358,-82.607821
 36.009985,-82.607585
 36.008649,-82.608218
 36.007928,-82.60898
 36.006262,-82.611769
 36.005116,-82.612821
 36.004639,-82.613894
 36.003415,-82.614344
 36.001532,-82.614838
 36.000099,-82.614999
 35.995473,-82.612907
 35.994032,-82.612971
 35.993615,-82.612714
 35.992626,-82.608122
 35.9922,-82.607059
 35.990976,-82.606137
 35.987339,-82.60427
 35.985785,-82.605289
 35.984787,-82.606373
 35.983962,-82.606941
 35.979673,-82.607929
 35.978423,-82.608798
 35.974108,-82.610986
 35.97126,-82.611544
 35.969853,-82.611126
 35.967804,-82.610922
 35.967378,-82.61075
 35.967153,-82.610257
 35.967048,-82.609152
 35.966102,-82.607832
 35.966536,-82.606169
 35.966406,-82.604002
 35.964678,-82.600408
 35.965086,-82.598723
 35.965016,-82.596942
 35.965286,-82.595183
 35.966111,-82.593251
 35.966354,-82.592114
 35.966145,-82.590344
 35.965676,-82.588649
 35.965572,-82.585655
 35.965303,-82.584196
 35.965485,-82.580838
 35.964669,-82.57866
 35.964113,-82.577738
 35.962715,-82.577255
 35.960197,-82.576997
 35.959424,-82.576751
 35.958503,-82.575388
 35.957974,-82.573725
 35.957644,-82.571043
 35.957322,-82.569895
 35.956289,-82.568704
 35.95549,-82.567223
 35.955264,-82.565464
 35.955585,-82.56379
 35.954839,-82.560689
 35.954135,-82.559123
 35.953944,-82.558007
 35.956011,-82.55658
 35.959259,-82.553962
 35.960501,-82.553244
 35.962142,-82.550551
 35.962524,-82.55024
 35.963948,-82.549896
 35.964278,-82.549531
 35.964825,-82.546624
 35.965242,-82.54554
 35.966519,-82.543749
 35.967361,-82.543234
 35.968021,-82.542375
 35.969158,-82.538942
 35.969376,-82.53656
 35.969862,-82.534876
 35.972198,-82.53111
 35.972467,-82.527698
 35.971486,-82.526454
 35.971025,-82.525413
 35.972189,-82.522956
 35.973561,-82.522559
 35.973908,-82.52213
 35.974646,-82.520585
 35.975558,-82.517946
 35.975905,-82.51624
 35.97528,-82.513354
 35.975488,-82.512839
 35.977199,-82.510747
 35.977459,-82.509609
 35.977633,-82.505704
 35.978631,-82.504599
 35.979057,-82.504352
 35.981887,-82.503666
 35.982078,-82.503172
 35.982113,-82.50138
 35.982503,-82.500329
 35.984431,-82.497647
 35.987027,-82.493602
 35.988476,-82.492068
 35.989006,-82.491059
 35.990082,-82.48989
 35.991549,-82.487497
 35.992982,-82.484547
 35.993737,-82.483796
 35.996176,-82.483517
 35.997764,-82.482294
 35.998572,-82.480148
 35.998641,-82.478346
 35.998251,-82.476039
 35.999214,-82.47473
 36.00016,-82.474076
 36.00128,-82.472155
 36.002807,-82.470685
 36.003502,-82.468486
 36.004769,-82.467027
 36.006687,-82.464184
 36.007225,-82.463089
 36.007416,-82.46133
 36.00765,-82.460847
 36.042602,-82.4369
 36.064651,-82.422137
 36.068016,-82.419316
 36.072421,-82.416945
 36.082436,-82.410336
 36.083225,-82.409638
 36.084118,-82.407589
 36.084708,-82.406774
 36.086078,-82.405947
 36.087231,-82.404842
 36.088402,-82.402965
 36.089112,-82.40216
 36.090075,-82.4001
 36.09056,-82.397815
 36.091948,-82.397064
 36.092997,-82.395809
 36.093205,-82.395326
 36.093352,-82.394146
 36.094592,-82.392397
 36.095077,-82.391378
 36.096308,-82.390509
 36.097002,-82.389704
 36.09773,-82.387483
 36.098484,-82.38435
 36.098727,-82.383846
 36.099446,-82.383063
 36.099308,-82.380821
 36.099464,-82.380327
 36.100296,-82.379726
 36.102697,-82.378803
 36.103105,-82.378503
 36.103477,-82.378128
 36.103911,-82.377087
 36.10509,-82.376121
 36.105757,-82.375242
 36.10613,-82.374126
 36.106165,-82.371765
 36.107075,-82.369695
 36.107569,-82.366776
 36.107517,-82.36447
 36.10821,-82.364019
 36.109129,-82.363762
 36.109363,-82.36329
 36.109536,-82.362099
 36.109805,-82.361648
 36.110585,-82.36094
 36.11153,-82.360382
 36.113783,-82.357249
 36.115257,-82.355683
 36.116531,-82.352636
 36.117068,-82.349739
 36.116869,-82.349203
 36.115699,-82.348183
 36.115248,-82.347143
 36.115708,-82.343034
 36.115057,-82.338581
 36.115161,-82.337444
 36.114962,-82.336317
 36.115127,-82.335759
 36.11628,-82.333142
 36.116912,-82.332251
 36.117294,-82.331178
 36.117311,-82.329987
 36.117632,-82.328249
 36.120006,-82.323722
 36.120076,-82.322531
 36.11959,-82.321748
 36.119625,-82.321168
 36.120812,-82.318379
 36.122294,-82.316008
 36.124149,-82.31413
 36.124443,-82.313647
 36.124937,-82.312628
 36.125223,-82.31148
 36.126454,-82.308755
 36.128516,-82.307221
 36.131211,-82.303047
 36.13213,-82.30029
 36.133594,-82.297318
 36.134019,-82.293777
 36.135206,-82.291192
 36.135674,-82.289486
 36.135639,-82.288917
 36.135371,-82.288445
 36.132017,-82.284508
 36.130622,-82.282094
 36.129418,-82.281117
 36.128872,-82.280452
 36.128516,-82.278725
 36.129028,-82.276686
 36.129392,-82.274262
 36.128586,-82.272094
 36.127589,-82.270818
 36.127416,-82.268479
 36.126931,-82.266827
 36.127173,-82.264606
 36.127399,-82.264241
 36.12836,-82.264069
 36.129773,-82.263554
 36.130189,-82.263243
 36.131506,-82.261537
 36.133308,-82.260711
 36.13369,-82.260336
 36.135007,-82.256495
 36.135908,-82.254478
 36.133759,-82.253265
 36.132243,-82.251806
 36.13213,-82.250648
 36.132476,-82.248963
 36.131948,-82.246667
 36.131099,-82.245219
 36.13122,-82.24479
 36.132078,-82.244328
 36.132927,-82.243556
 36.134348,-82.243298
 36.135041,-82.242526
 36.136419,-82.242064
 36.137182,-82.241389
 36.137459,-82.240283
 36.139044,-82.238299
 36.14005,-82.236282
 36.140769,-82.235477
 36.141999,-82.234608
 36.142242,-82.233546
 36.143004,-82.233042
 36.14381,-82.23199
 36.14426,-82.230939
 36.144641,-82.229286
 36.145551,-82.228975
 36.146989,-82.227967
 36.148306,-82.226261
 36.149173,-82.22581
 36.150628,-82.224265
 36.151555,-82.223922
 36.153461,-82.223589
 36.15502,-82.222184
 36.155947,-82.221862
 36.156865,-82.22198
 36.157013,-82.221465
 36.156657,-82.219824
 36.156865,-82.218654
 36.158693,-82.215157
 36.159109,-82.213451
 36.15904,-82.211648
 36.15871,-82.210318
 36.158139,-82.209374
 36.157402,-82.208601
 36.157246,-82.208065
 36.157142,-82.206885
 36.15742,-82.203902
 36.157359,-82.203323
 36.156545,-82.201145
 36.156172,-82.200844
 36.153262,-82.199557
 36.152465,-82.198935
 36.152031,-82.197261
 36.151373,-82.196413
 36.150143,-82.195491
 36.148869,-82.192304
 36.148939,-82.191778
 36.149675,-82.191017
 36.150195,-82.190008
 36.150966,-82.187905
 36.151026,-82.18738
 36.15068,-82.187026
 36.148791,-82.186682
 36.147145,-82.185427
 36.145517,-82.184772
 36.144754,-82.184043
 36.143844,-82.182713
 36.143714,-82.182187
 36.143888,-82.180427
 36.142285,-82.17694
 36.142449,-82.176447
 36.14368,-82.174666
 36.145439,-82.173733
 36.146331,-82.172338
 36.146651,-82.169452
 36.146392,-82.163358
 36.146227,-82.162875
 36.146253,-82.162403
 36.146677,-82.161416
 36.14666,-82.160161
 36.14601,-82.15942
 36.145906,-82.158948
 36.147622,-82.156802
 36.148107,-82.155901
 36.148289,-82.15309
 36.148116,-82.15265
 36.147674,-82.152479
 36.148263,-82.152039
 36.148783,-82.151062
 36.149545,-82.148863
 36.149562,-82.148284
 36.14932,-82.147876
 36.147934,-82.147565
 36.14653,-82.146385
 36.145646,-82.145977
 36.1442,-82.144217
 36.14374,-82.144142
 36.142285,-82.144325
 36.141392,-82.143992
 36.140474,-82.144175
 36.139842,-82.143338
 36.13927,-82.141696
 36.138984,-82.141224
 36.138577,-82.140924
 36.137849,-82.140752
 36.136584,-82.140956
 36.136124,-82.140774
 36.135275,-82.140205
 36.130787,-82.137941
 36.129591,-82.136954
 36.128698,-82.136557
 36.125327,-82.136675
 36.12492,-82.136879
 36.123516,-82.136579
 36.122095,-82.136933
 36.120431,-82.137887
 36.11979,-82.137952
 36.118585,-82.137104
 36.117658,-82.136858
 36.116384,-82.135978
 36.114537,-82.135302
 36.113411,-82.134186
 36.110958,-82.132856
 36.108375,-82.131193
 36.106979,-82.130731
 36.105064,-82.130635
 36.104639,-82.130356
 36.104353,-82.129894
 36.10398,-82.128832
 36.103928,-82.128242
 36.104414,-82.126729
 36.104552,-82.125002
 36.104318,-82.122771
 36.104691,-82.119402
 36.104518,-82.11702
 36.104639,-82.115228
 36.10522,-82.113587
 36.107109,-82.109413
 36.107837,-82.107182
 36.108089,-82.105433
 36.107725,-82.104349
 36.106338,-82.101892
 36.105809,-82.099242
 36.106121,-82.088224
 36.105956,-82.085842
 36.10476,-82.084018
 36.103113,-82.08052
 36.105436,-82.08022
 36.106347,-82.079823
 36.106676,-82.079405
 36.107785,-82.076969
 36.109484,-82.070757
 36.11029,-82.070146
 36.11094,-82.069266
 36.11205,-82.067045
 36.112691,-82.064781
 36.112917,-82.061799
 36.113168,-82.061327
 36.117987,-82.058548
 36.120474,-82.056177
 36.121263,-82.055962
 36.122719,-82.056134
 36.123681,-82.056059
 36.126133,-82.05461
 36.126766,-82.053934
 36.126168,-82.052336
 36.125943,-82.051166
 36.126194,-82.049417
 36.125492,-82.0443
 36.125319,-82.043763
 36.12304,-82.039912
 36.121826,-82.038935
 36.121185,-82.038056
 36.120864,-82.036929
 36.120422,-82.033228
 36.121445,-82.032101
 36.123412,-82.029462
 36.124651,-82.028539
 36.129253,-82.026372
 36.130215,-82.026597
 36.131064,-82.026072
 36.163526,-82.003788
 36.170369,-81.998928
 36.189334,-81.986332
 36.228099,-81.960132
 36.24108,-81.950551
 36.256256,-81.938771
 36.301914,-81.908162
 36.302407,-81.906563
 36.302848,-81.906434
 36.303428,-81.905555
 36.303843,-81.903838
 36.305148,-81.902744
 36.305624,-81.901703
 36.3059,-81.900566
 36.306791,-81.899503
 36.307197,-81.898409
 36.307509,-81.897283
 36.30718,-81.894933
 36.307241,-81.894343
 36.308027,-81.892841
 36.30839,-81.891704
 36.309281,-81.887037
 36.310215,-81.885674
 36.311468,-81.884784
 36.312125,-81.883914
 36.313102,-81.881844
 36.313699,-81.879559
 36.313984,-81.879086
 36.314753,-81.878378
 36.316033,-81.876254
 36.318687,-81.874838
 36.319655,-81.873593
 36.320105,-81.873379
 36.321963,-81.871458
 36.324522,-81.868379
 36.325291,-81.867832
 36.326346,-81.86663
 36.327763,-81.866362
 36.329449,-81.865289
 36.330512,-81.862607
 36.33116,-81.861727
 36.33231,-81.860654
 36.332802,-81.859217
 36.334194,-81.857693
 36.336968,-81.85529
 36.337201,-81.854872
 36.336467,-81.853402
 36.336683,-81.852887
 36.337167,-81.85191
 36.337901,-81.851159
 36.338774,-81.849732
 36.338982,-81.84925
 36.338852,-81.848681
 36.339172,-81.847866
 36.339872,-81.84705
 36.340485,-81.845441
 36.341505,-81.844207
 36.343216,-81.841418
 36.344219,-81.839379
 36.344582,-81.838263
 36.345377,-81.836858
 36.346215,-81.834701
 36.347191,-81.833382
 36.347399,-81.832877
 36.347295,-81.831697
 36.347788,-81.829401
 36.348825,-81.826687
 36.348928,-81.825796
 36.348643,-81.824702
 36.348868,-81.822331
 36.349473,-81.820056
 36.35057,-81.818222
 36.351348,-81.815153
 36.351771,-81.810615
 36.35235,-81.809703
 36.35362,-81.808845
 36.354234,-81.807944
 36.354692,-81.806259
 36.355426,-81.804693
 36.355642,-81.803867
 36.355426,-81.803362
 36.355642,-81.80289
 36.356645,-81.801624
 36.357578,-81.801356
 36.357958,-81.801002
 36.358338,-81.799929
 36.358485,-81.797547
 36.35877,-81.797107
 36.360049,-81.796163
 36.361405,-81.795563
 36.361768,-81.795187
 36.362269,-81.793513
 36.362252,-81.793245
 36.361492,-81.793567
 36.360524,-81.793664
 36.359349,-81.793631
 36.358563,-81.793406
 36.356843,-81.79243
 36.356118,-81.791679
 36.356031,-81.791121
 36.355755,-81.790756
 36.353845,-81.790659
 36.352964,-81.791121
 36.352489,-81.791164
 36.351132,-81.790885
 36.350207,-81.790338
 36.349248,-81.790252
 36.348393,-81.789737
 36.348142,-81.789254
 36.34822,-81.788085
 36.347477,-81.785896
 36.347425,-81.785295
 36.347693,-81.781207
 36.348021,-81.780081
 36.348548,-81.779083
 36.34841,-81.778654
 36.346405,-81.776111
 36.345238,-81.775103
 36.344374,-81.774577
 36.343648,-81.773794
 36.343398,-81.773289
 36.343502,-81.771594
 36.342542,-81.770157
 36.342439,-81.769094
 36.340935,-81.768783
 36.339405,-81.765726
 36.338757,-81.76491
 36.338869,-81.764417
 36.340019,-81.762507
 36.340252,-81.761359
 36.339924,-81.758655
 36.339552,-81.75755
 36.338005,-81.755286
 36.337184,-81.754707
 36.337054,-81.754171
 36.337149,-81.751767
 36.337824,-81.750244
 36.337703,-81.748838
 36.3374,-81.747755
 36.337625,-81.745405
 36.33842,-81.742637
 36.339785,-81.739494
 36.341566,-81.73782
 36.342793,-81.736211
 36.342905,-81.735739
 36.342171,-81.734183
 36.341384,-81.731147
 36.341289,-81.729966
 36.341436,-81.728185
 36.341306,-81.72766
 36.34046,-81.725986
 36.340097,-81.724902
 36.339034,-81.723754
 36.33855,-81.720858
 36.336588,-81.719173
 36.336233,-81.718765
 36.336069,-81.718229
 36.336173,-81.716276
 36.336052,-81.713487
 36.335188,-81.709431
 36.335153,-81.707629
 36.335499,-81.707425
 36.336916,-81.707135
 36.338584,-81.705955
 36.340943,-81.705387
 36.341592,-81.705229
 36.342724,-81.705587
 36.345887,-81.70759
 36.346407,-81.708505
 36.346719,-81.714199
 36.347729,-81.717439
 36.35017,-81.720132
 36.350952,-81.72128
 36.352557,-81.722352
 36.354315,-81.722866
 36.355551,-81.723809
 36.357815,-81.724234
 36.358542,-81.722425
 36.360924,-81.722724
 36.362823,-81.723882
 36.363441,-81.724824
 36.365644,-81.727053
 36.368297,-81.725955
 36.368922,-81.726171
 36.370308,-81.727247
 36.370933,-81.728708
 36.37142,-81.728968
 36.372844,-81.728843
 36.373576,-81.729062
 36.3736,-81.730377
 36.374337,-81.731378
 36.375006,-81.731434
 36.377206,-81.731891
 36.37844,-81.732691
 36.379178,-81.734247
 36.379779,-81.734688
 36.382224,-81.733467
 36.382976,-81.730701
 36.384452,-81.730341
 36.385618,-81.729295
 36.386162,-81.729922
 36.387259,-81.730378
 36.389573,-81.730054
 36.390332,-81.729065
 36.391298,-81.728545
 36.392125,-81.729184
 36.393366,-81.729994
 36.394187,-81.731348
 36.394792,-81.73191
 36.394905,-81.732797
 36.394213,-81.734322
 36.39428,-81.735418
 36.394691,-81.736323
 36.394585,-81.7377
 36.394946,-81.738946
 36.395721,-81.739334
 36.397021,-81.73849
 36.39803,-81.739248
 36.400869,-81.738547
 36.401434,-81.738605
 36.401737,-81.740693
 36.402484,-81.740738
 36.403168,-81.741319
 36.403715,-81.741384
 36.404449,-81.741217
 36.404812,-81.74054
 36.408335,-81.740085
 36.409786,-81.74152
 36.410391,-81.741571
 36.410866,-81.741984
 36.411658,-81.741808
 36.412174,-81.741546
 36.412722,-81.741452
 36.41322,-81.740382
 36.41302,-81.739375
 36.413096,-81.738625
 36.413559,-81.737856
 36.413608,-81.737258
 36.412669,-81.736321
 36.412352,-81.735554
 36.412534,-81.734378
 36.414167,-81.734081
 36.414833,-81.733526
 36.414922,-81.731215
 36.415928,-81.729167
 36.416628,-81.729256
 36.417605,-81.729174
 36.41796,-81.728018
 36.41873,-81.727292
 36.420012,-81.727304
 36.419939,-81.726117
 36.420418,-81.72493
 36.42041,-81.724014
 36.422301,-81.723442
 36.421977,-81.722394
 36.422411,-81.721947
 36.422453,-81.720882
 36.423364,-81.720467
 36.427154,-81.718156
 36.430322,-81.717477
 36.433897,-81.721053
 36.434726,-81.719727
 36.434899,-81.718634
 36.437006,-81.714538
 36.43856,-81.715443
 36.441202,-81.714221
 36.441694,-81.714297
 36.443839,-81.717125
 36.445017,-81.717463
 36.446515,-81.71429
 36.447254,-81.713864
 36.4488,-81.714128
 36.450788,-81.714225
 36.45152,-81.715622
 36.453535,-81.715067
 36.455218,-81.714989
 36.456445,-81.71672
 36.457033,-81.716148
 36.457672,-81.715268
 36.458379,-81.713701
 36.458931,-81.712049
 36.45888,-81.710901
 36.459328,-81.709828
 36.459622,-81.709388
 36.461865,-81.708273
 36.462495,-81.707414
 36.462668,-81.705655
 36.463686,-81.70278
 36.463884,-81.701653
 36.463884,-81.701224
 36.463323,-81.701492
 36.463125,-81.698799
 36.463992,-81.699094
 36.464169,-81.698574
 36.466438,-81.696417
 36.467327,-81.695055
 36.467681,-81.695194
 36.468449,-81.695902
 36.469881,-81.696031
 36.47127,-81.69558
 36.471943,-81.694797
 36.473366,-81.69454
 36.474203,-81.694776
 36.475394,-81.69631
 36.476334,-81.696557
 36.477766,-81.696664
 36.478241,-81.696535
 36.479017,-81.695892
 36.480397,-81.695913
 36.481277,-81.696396
 36.483563,-81.697211
 36.484874,-81.697276
 36.486764,-81.697662
 36.487704,-81.697479
 36.489084,-81.697855
 36.489955,-81.697415
 36.491516,-81.696042
 36.491861,-81.695945
 36.492663,-81.696514
 36.494,-81.697029
 36.495932,-81.697104
 36.496338,-81.697329
 36.497045,-81.698123
 36.497709,-81.699593
 36.498037,-81.700001
 36.498494,-81.70014
 36.498934,-81.69999
 36.499839,-81.700151
 36.500279,-81.699947
 36.501331,-81.698853
 36.502056,-81.697415
 36.503867,-81.697823
 36.504514,-81.696975
 36.505894,-81.696793
 36.506221,-81.697093
 36.506575,-81.698188
 36.508317,-81.697834
 36.509188,-81.698263
 36.509972,-81.698413
 36.510809,-81.69896
 36.512672,-81.699507
 36.513456,-81.700194
 36.513887,-81.700323
 36.514836,-81.70028
 36.515293,-81.700462
 36.515991,-81.701256
 36.516836,-81.701782
 36.518259,-81.701685
 36.519578,-81.702383
 36.521406,-81.703016
 36.521768,-81.703391
 36.52395,-81.707618
 36.524295,-81.708004
 36.524751,-81.707983
 36.526122,-81.707436
 36.527631,-81.707554
 36.528519,-81.707125
 36.528985,-81.707243
 36.531166,-81.708434
 36.532131,-81.708423
 36.533545,-81.708101
 36.535467,-81.70808
 36.535847,-81.707865
 36.53639,-81.705537
 36.536442,-81.701299
 36.536605,-81.700119
 36.536924,-81.699743
 36.538821,-81.699936
 36.540234,-81.699572
 36.541915,-81.698391
 36.543777,-81.69778
 36.544656,-81.697329
 36.54807,-81.693778
 36.549966,-81.693757
 36.550879,-81.693403
 36.55125,-81.693048
 36.551414,-81.692501
 36.551474,-81.690699
 36.55169,-81.69028
 36.554077,-81.691128
 36.555973,-81.691375
 36.556904,-81.691074
 36.557688,-81.690463
 36.558619,-81.690516
 36.561411,-81.689583
 36.563669,-81.691182
 36.564625,-81.691085
 36.565073,-81.691203
 36.565883,-81.691825
 36.566822,-81.691697
 36.567693,-81.691192
 36.568417,-81.690409
 36.568641,-81.689894
 36.568158,-81.686364
 36.568658,-81.683532
 36.568925,-81.67938
 36.570743,-81.67762
 36.572079,-81.676719
 36.572527,-81.67688
 36.573276,-81.677513
 36.574207,-81.677245
 36.574646,-81.677384
 36.576283,-81.67864
 36.578584,-81.679466
 36.579015,-81.679412
 36.579342,-81.678983
 36.579773,-81.678736
 36.583443,-81.678092
 36.583675,-81.678117
 36.584485,-81.678548
 36.584744,-81.678801
 36.584873,-81.678999
 36.585261,-81.679337
 36.585769,-81.680034
 36.585928,-81.68019
 36.586096,-81.679991
 36.587819,-81.677889
 36.588155,-81.677454
 36.588147,-81.676998
 36.587699,-81.651946
 36.587785,-81.650423
 36.587475,-81.645241
 36.58744,-81.621444
 36.587139,-81.617464
 36.586846,-81.600062
 36.585734,-81.588496
 36.585287,-81.580492
 36.582788,-81.548713
 36.581272,-81.532964
 36.580488,-81.520786
 36.579962,-81.502419
 36.579954,-81.496121
 36.579066,-81.489619
 36.580221,-81.476648
 36.57898,-81.462582
 36.5768,-81.443281
 36.575629,-81.401643
 36.574931,-81.386751
 36.574741,-81.375035
 36.574465,-81.374778
 36.5735,-81.374681
 36.573242,-81.374295
 36.57319,-81.373748
 36.574043,-81.372342
 36.57419,-81.368823
 36.574474,-81.368748
 36.574155,-81.367096
 36.574108,-81.366806
 36.574267,-81.366688
 36.574612,-81.366597
 36.574577,-81.366377
 36.574646,-81.364778
 36.574702,-81.364279
 36.575,-81.364167
 36.575965,-81.363995
 36.57462,-81.358845
 36.57481,-81.337012
 36.575361,-81.324234
 36.575034,-81.307068
 36.574931,-81.292466
 36.57506,-81.286737
 36.574715,-81.284376
 36.574586,-81.281984
 36.57481,-81.2778
 36.57419,-81.2753
 36.574026,-81.272306
 36.573991,-81.265901
 36.573285,-81.253327
 36.572079,-81.213169
 36.57176,-81.194201
 36.570993,-81.169213
 36.570373,-81.161832
 36.568908,-81.119689
 36.56746,-81.097126
 36.566831,-81.062365
 36.566952,-81.050767
 36.566461,-81.03918
 36.565392,-81.021348
 36.563953,-81.008034
 36.563582,-80.98545
 36.56291,-80.967554
 36.563565,-80.961084
 36.563212,-80.946708
 36.563031,-80.944498
 36.562936,-80.933404
 36.562454,-80.931129
 36.561833,-80.901164
 36.55911,-80.83781
 36.559739,-80.823047
 36.561066,-80.799862
 36.560506,-80.791912
 36.560316,-80.773705
 36.56235,-80.730371
 36.562316,-80.704612
 36.561833,-80.692391
 36.560687,-80.677232
 36.559239,-80.653456
 36.558377,-80.624102
 36.557171,-80.596733
 36.552956,-80.488061
 36.550336,-80.433708
 36.55013,-80.431927
 36.549802,-80.422143
 36.547785,-80.380611
 36.547682,-80.37382
 36.543984,-80.295725
 36.543941,-80.227983
 36.543734,-80.225
 36.542648,-80.122347
 36.542458,-80.052223
 36.542536,-80.00286
 36.542295,-79.999094
 36.542295,-79.991487
 36.542484,-79.966725
 36.542639,-79.963721
 36.54251,-79.960127
 36.542631,-79.950342
 36.542545,-79.925569
 36.542743,-79.920366
 36.542493,-79.917383
 36.542674,-79.911182
 36.542493,-79.9088
 36.542855,-79.886227
 36.542596,-79.865456
 36.542545,-79.845886
 36.542682,-79.831295
 36.542234,-79.80811
 36.542484,-79.80472
 36.542476,-79.80134
 36.542286,-79.777479
 36.542053,-79.775119
 36.542269,-79.77396
 36.542355,-79.765366
 36.542131,-79.757996
 36.541976,-79.736624
 36.541769,-79.667691
 36.541803,-79.662284
 36.542114,-79.659719
 36.541545,-79.629335
 36.541726,-79.625548
 36.541027,-79.566422
 36.54076,-79.514494
 36.540924,-79.499892
 36.540786,-79.497102
 36.540838,-79.458951
 36.541234,-79.444971
 36.541441,-79.399824
 36.54114,-79.250221
 36.541648,-79.216661
 36.541734,-79.137354
 36.541545,-79.126357
 36.542036,-79.069633
 36.542148,-78.970757
 36.541958,-78.915224
 36.542088,-78.84553
 36.541665,-78.777208
 36.541838,-78.758808
 36.541717,-78.757639
 36.541976,-78.742447
 36.542148,-78.666734
 36.541476,-78.63739
 36.54126,-78.60721
 36.541096,-78.605032
 36.541252,-78.563265
 36.540959,-78.515328
 36.540967,-78.511122
 36.542148,-78.479859
 36.542019,-78.479311
 36.542183,-78.478174
 36.542458,-78.462811
 36.544458,-78.250455
 36.544148,-78.173561
 36.543682,-78.142405
 36.543898,-78.129015
 36.54382,-78.116827
 36.544493,-77.972803
 36.544717,-77.887305
 36.544467,-77.882499
 36.544562,-77.875696
 36.544837,-77.872725
 36.544906,-77.865343
 36.545518,-77.749751
 36.545217,-77.626047
 36.545044,-77.61505
 36.545311,-77.594955
 36.545148,-77.564507
 36.545208,-77.502172
 36.545027,-77.497988
 36.544924,-77.478418
 36.544648,-77.372761
 36.544975,-77.336261
 36.544605,-77.20553
 36.546182,-77.189974
 36.547285,-77.170147
 36.547182,-77.168967
 36.544079,-77.152433
 36.543993,-77.124957
 36.544544,-77.103682
 36.544613,-77.088919
 36.544251,-77.006607
 36.544062,-76.998625
 36.543958,-76.966857
 36.544079,-76.96146
 36.543794,-76.916517
 36.543898,-76.916163
 36.544674,-76.916807
 36.54582,-76.917279
 36.546785,-76.917236
 36.548682,-76.916785
 36.550595,-76.917
 36.551448,-76.916528
 36.552086,-76.915712
 36.55056,-76.803875
 36.550716,-76.779499
 36.550388,-76.75052
 36.550983,-76.737957
 36.550681,-76.631269
 36.550741,-76.575737
 36.550354,-76.558571
 36.550638,-76.487246
 36.550552,-76.193007
 36.550448,-76.190218
 36.550647,-76.139889
 36.550543,-76.088562
 36.550647,-76.03363
 36.550457,-76.004448
 36.550457,-75.962305
 36.55075,-75.928745
 36.550655,-75.904573
 36.550845,-75.901784
 36.550698,-75.893587
 36.55075,-75.867033
 36.550922,-75.854845
 35.569691,-75.122693
 34.957534,-75.52566
 33.631337,-77.924409
