41.75509,-87.523731
 41.759556,-87.523667
 41.759884,-87.523495
 41.760132,-87.500578
 41.76042,-87.499752
 41.76026,-87.37092
 41.760613,-87.24947
 41.760949,-87.208593
 41.761109,-87.207938
 41.760965,-87.207327
 41.760965,-87.204924
 41.761365,-87.126163
 41.761269,-87.125101
 41.760493,-87.124929
 41.760428,-87.124414
 41.761037,-86.93387
 41.760324,-86.873531
 41.760244,-86.784439
 41.760212,-86.780974
 41.76006,-86.780051
 41.760196,-86.776457
 41.7599,-86.745901
 41.759732,-86.637239
 41.759484,-86.591492
 41.759732,-86.501788
 41.759556,-86.442661
 41.759628,-86.416901
 41.759892,-86.39613
 41.75986,-86.360779
 41.760501,-86.289454
 41.760404,-86.271676
 41.760549,-86.254091
 41.760388,-86.228342
 41.760693,-86.104488
 41.760436,-86.036167
 41.759908,-85.956677
 41.760004,-85.950079
 41.759252,-85.872574
 41.758948,-85.72855
 41.759164,-85.647268
 41.759108,-85.6077
 41.759428,-85.546589
 41.759308,-85.515432
 41.759412,-85.492848
 41.759236,-85.477656
 41.75946,-85.474062
 41.75962,-85.418347
 41.759844,-85.408745
 41.7597,-85.388575
 41.7599,-85.369606
 41.75994,-85.308484
 41.75954,-85.156059
 41.75978,-85.016241
 41.759492,-84.980278
 41.7601,-84.805977
 41.752873,-84.805816
 41.744172,-84.805902
 41.743756,-84.806042
 41.742883,-84.805924
 41.737376,-84.806052
 41.732892,-84.805924
 41.706946,-84.805902
 41.675436,-84.80601
 41.67413,-84.806203
 41.659062,-84.805859
 41.643542,-84.805795
 41.631603,-84.805967
 41.628467,-84.805688
 41.616662,-84.805795
 41.61294,-84.805645
 41.522973,-84.804615
 41.412793,-84.803885
 41.408995,-84.803928
 41.408166,-84.804186
 41.373838,-84.803874
 41.365601,-84.804014
 41.338154,-84.804035
 41.327649,-84.80381
 41.324361,-84.803971
 41.259227,-84.803531
 41.201842,-84.80352
 41.184855,-84.803381
 41.174301,-84.803424
 41.172969,-84.803574
 41.165595,-84.803392
 41.164166,-84.80352
 41.120034,-84.80351
 41.032233,-84.803177
 41.000395,-84.803284
 40.997691,-84.803596
 40.996225,-84.803306
 40.994411,-84.803231
 40.937702,-84.803048
 40.84271,-84.802351
 40.792369,-84.802233
 40.764381,-84.80249
 40.75393,-84.802405
 40.748948,-84.802147
 40.742445,-84.802319
 40.702179,-84.802297
 40.692394,-84.802104
 40.691117,-84.802297
 40.68137,-84.802147
 40.68037,-84.802297
 40.676277,-84.802383
 40.658666,-84.80234
 40.657763,-84.80219
 40.655378,-84.80234
 40.606093,-84.802297
 40.513538,-84.802705
 40.499695,-84.802812
 40.426303,-84.804057
 40.403497,-84.804239
 40.315203,-84.803638
 40.283978,-84.803993
 40.237933,-84.804947
 40.107742,-84.808434
 40.097049,-84.808863
 40.058235,-84.809486
 40.002101,-84.810902
 39.993232,-84.811267
 39.913744,-84.812543
 39.909004,-84.812125
 39.901794,-84.812661
 39.872981,-84.813133
 39.86501,-84.812758
 39.851965,-84.813638
 39.833125,-84.813884
 39.826212,-84.813799
 39.813934,-84.814185
 39.807341,-84.813917
 39.803657,-84.814206
 39.788151,-84.814292
 39.712601,-84.814357
 39.680629,-84.814657
 39.659562,-84.81455
 39.59557,-84.815
 39.579091,-84.814979
 39.568746,-84.81515
 39.567381,-84.814893
 39.560309,-84.81515
 39.531651,-84.815236
 39.504835,-84.815644
 39.493436,-84.815665
 39.47892,-84.816213
 39.477877,-84.816095
 39.435464,-84.816781
 39.394841,-84.817693
 39.394418,-84.817854
 39.394078,-84.818219
 39.392055,-84.818337
 39.38698,-84.817672
 39.379393,-84.81794
 39.377004,-84.818165
 39.362863,-84.818305
 39.361519,-84.818487
 39.346843,-84.818798
 39.305272,-84.819453
 39.299104,-84.819292
 39.280238,-84.819485
 39.270678,-84.819624
 39.269864,-84.819828
 39.267547,-84.8197
 39.251921,-84.820086
 39.248482,-84.819828
 39.247111,-84.820086
 39.244784,-84.820086
 39.243421,-84.819839
 39.230591,-84.82015
 39.158717,-84.819828
 39.155955,-84.8203
 39.149291,-84.820257
 39.147901,-84.820096
 39.144041,-84.820043
 39.105492,-84.820144
 39.104048,-84.826523
 39.101908,-84.831179
 39.100975,-84.83252
 39.098544,-84.835267
 39.096554,-84.838314
 39.095155,-84.83972
 39.092108,-84.844247
 39.090317,-84.846168
 39.088269,-84.849558
 39.08353,-84.855191
 39.079749,-84.858602
 39.078225,-84.860555
 39.07466,-84.868999
 39.073894,-84.871423
 39.073877,-84.872013
 39.072795,-84.873837
 39.06843,-84.884394
 39.066273,-84.889029
 39.062457,-84.893868
 39.061083,-84.895091
 39.059858,-84.895949
 39.0585,-84.896368
 39.05735,-84.897323
 39.055976,-84.897569
 39.053643,-84.897473
 39.052527,-84.897194
 39.05036,-84.894973
 39.049177,-84.893997
 39.047502,-84.892935
 39.046619,-84.892784
 39.045153,-84.891561
 39.041095,-84.889212
 39.037203,-84.885929
 39.034086,-84.882882
 39.032936,-84.881004
 39.031569,-84.879191
 39.030853,-84.877667
 39.028669,-84.874545
 39.027569,-84.872679
 39.02591,-84.870576
 39.023451,-84.868194
 39.022818,-84.867325
 39.011748,-84.857154
 39.009922,-84.855952
 39.007638,-84.85386
 39.003686,-84.850684
 39.002844,-84.850159
 39.001068,-84.849451
 38.999926,-84.848464
 38.998158,-84.84782
 38.997499,-84.847251
 38.995732,-84.845309
 38.991429,-84.839998
 38.989544,-84.838239
 38.987918,-84.837048
 38.98163,-84.83354
 38.976067,-84.831018
 38.973348,-84.830182
 38.969161,-84.829935
 38.966333,-84.831029
 38.964039,-84.831619
 38.962245,-84.832274
 38.96006,-84.833347
 38.958892,-84.834226
 38.957807,-84.835353
 38.95588,-84.837939
 38.954428,-84.840277
 38.952843,-84.841543
 38.951825,-84.842777
 38.950432,-84.845073
 38.94827,-84.849333
 38.943906,-84.852809
 38.940569,-84.856403
 38.937723,-84.86048
 38.936605,-84.862411
 38.934318,-84.865404
 38.931614,-84.868001
 38.929002,-84.870951
 38.925805,-84.873387
 38.921415,-84.877099
 38.919703,-84.878054
 38.916306,-84.879191
 38.915863,-84.87918
 38.91497,-84.878826
 38.913109,-84.878762
 38.910521,-84.877399
 38.909168,-84.877099
 38.907807,-84.876026
 38.906739,-84.874921
 38.90552,-84.874116
 38.90486,-84.873269
 38.902297,-84.871852
 38.900393,-84.870114
 38.899483,-84.868591
 38.899066,-84.867561
 38.897989,-84.863602
 38.897646,-84.860619
 38.897571,-84.85621
 38.897371,-84.854439
 38.897571,-84.840449
 38.897204,-84.829988
 38.895016,-84.81632
 38.895024,-84.814614
 38.895442,-84.814357
 38.894983,-84.812179
 38.893463,-84.807801
 38.893287,-84.806643
 38.89287,-84.805591
 38.892244,-84.80293
 38.890849,-84.799862
 38.887943,-84.795163
 38.887233,-84.793006
 38.885847,-84.791354
 38.883701,-84.788178
 38.882348,-84.786612
 38.880301,-84.785281
 38.877061,-84.784788
 38.87519,-84.784681
 38.86961,-84.785872
 38.864573,-84.788296
 38.861666,-84.790249
 38.857923,-84.793757
 38.857012,-84.796289
 38.854589,-84.799712
 38.853871,-84.800452
 38.852225,-84.801589
 38.850537,-84.803714
 38.849,-84.806728
 38.847186,-84.809486
 38.845407,-84.813724
 38.842641,-84.818423
 38.839423,-84.823047
 38.837084,-84.825525
 38.835237,-84.827167
 38.833582,-84.828283
 38.830724,-84.829849
 38.829804,-84.830021
 38.825592,-84.82986
 38.824279,-84.829248
 38.821847,-84.828508
 38.818763,-84.82707
 38.81424,-84.823498
 38.811063,-84.820397
 38.808087,-84.818627
 38.805203,-84.81632
 38.799977,-84.813756
 38.797703,-84.813048
 38.795077,-84.812522
 38.792861,-84.811567
 38.790528,-84.811535
 38.789123,-84.811664
 38.786673,-84.812468
 38.785452,-84.813359
 38.784523,-84.814582
 38.783971,-84.816116
 38.783236,-84.820215
 38.783118,-84.82501
 38.783302,-84.828991
 38.784306,-84.835471
 38.788145,-84.847895
 38.789265,-84.852176
 38.790244,-84.856811
 38.791515,-84.865984
 38.792276,-84.873483
 38.792351,-84.876477
 38.793137,-84.880596
 38.793764,-84.882184
 38.794207,-84.88389
 38.794684,-84.887398
 38.793906,-84.89287
 38.793605,-84.894007
 38.792451,-84.896615
 38.791548,-84.899393
 38.790219,-84.902515
 38.787116,-84.908395
 38.784005,-84.915186
 38.783001,-84.917901
 38.782324,-84.920776
 38.781128,-84.923351
 38.780559,-84.925518
 38.778677,-84.92937
 38.777506,-84.932642
 38.775307,-84.942276
 38.775089,-84.94527
 38.775215,-84.947512
 38.777883,-84.961867
 38.778518,-84.969893
 38.779489,-84.979291
 38.779313,-84.987477
 38.779079,-84.990449
 38.77861,-84.992745
 38.777356,-84.995931
 38.776252,-84.997873
 38.773943,-85.001274
 38.770321,-85.005823
 38.766816,-85.011424
 38.766047,-85.012947
 38.764365,-85.017239
 38.761973,-85.022271
 38.761019,-85.024792
 38.758258,-85.03036
 38.757396,-85.032442
 38.756292,-85.033547
 38.753933,-85.036862
 38.749222,-85.04596
 38.749071,-85.046507
 38.748988,-85.051314
 38.748,-85.052365
 38.747716,-85.054125
 38.747046,-85.056227
 38.744854,-85.06053
 38.744126,-85.06274
 38.742837,-85.067922
 38.741892,-85.069982
 38.74139,-85.072267
 38.73985,-85.075271
 38.739549,-85.076376
 38.738812,-85.076956
 38.735548,-85.08202
 38.734971,-85.08365
 38.732301,-85.08938
 38.731556,-85.090109
 38.731063,-85.09174
 38.728903,-85.096385
 38.727874,-85.097619
 38.726953,-85.09969
 38.726786,-85.10087
 38.726551,-85.101364
 38.725363,-85.10322
 38.725003,-85.103595
 38.724534,-85.103606
 38.721755,-85.106825
 38.720876,-85.106943
 38.720533,-85.107275
 38.712689,-85.118798
 38.708637,-85.125589
 38.706603,-85.128089
 38.704401,-85.130321
 38.702534,-85.13281
 38.701228,-85.135299
 38.69921,-85.138603
 38.69694,-85.143163
 38.695375,-85.147047
 38.692301,-85.156006
 38.690568,-85.161585
 38.689747,-85.165039
 38.6886,-85.170801
 38.687947,-85.173043
 38.688391,-85.177463
 38.687486,-85.188557
 38.687871,-85.190263
 38.688566,-85.191818
 38.688893,-85.192097
 38.689033,-85.192004
 38.689073,-85.191723
 38.689011,-85.191356
 38.68919,-85.191116
 38.689354,-85.191615
 38.689588,-85.192763
 38.689563,-85.194565
 38.68989,-85.196925
 38.690133,-85.198095
 38.691196,-85.201324
 38.691774,-85.204833
 38.692754,-85.207568
 38.694336,-85.211055
 38.695659,-85.213673
 38.697376,-85.216516
 38.698774,-85.218104
 38.701295,-85.221516
 38.703907,-85.223694
 38.705406,-85.225968
 38.708704,-85.228243
 38.714313,-85.23321
 38.71464,-85.233146
 38.71474,-85.23261
 38.715058,-85.232588
 38.716975,-85.235206
 38.717369,-85.235528
 38.718214,-85.235957
 38.718298,-85.235614
 38.718047,-85.235174
 38.718348,-85.235045
 38.72137,-85.237309
 38.722751,-85.238918
 38.726057,-85.242265
 38.731824,-85.246514
 38.733272,-85.248874
 38.73636,-85.255955
 38.737072,-85.257189
 38.737917,-85.259346
 38.739817,-85.267231
 38.741298,-85.276319
 38.741674,-85.27928
 38.742402,-85.289494
 38.742235,-85.292498
 38.74221,-85.292766
 38.741854,-85.292965
 38.741798,-85.293112
 38.741892,-85.293313
 38.742084,-85.293839
 38.741883,-85.297422
 38.741967,-85.30136
 38.741607,-85.304321
 38.741607,-85.306123
 38.741172,-85.307819
 38.74026,-85.313644
 38.737816,-85.324502
 38.736076,-85.334029
 38.735984,-85.335209
 38.735574,-85.336282
 38.735214,-85.336583
 38.735049,-85.336491
 38.734952,-85.335821
 38.734825,-85.335875
 38.734479,-85.336819
 38.734301,-85.337484
 38.734209,-85.338074
 38.73446,-85.339812
 38.733841,-85.341411
 38.733155,-85.344265
 38.732745,-85.347215
 38.731464,-85.352848
 38.731063,-85.359864
 38.730627,-85.361559
 38.73041,-85.363823
 38.730477,-85.372041
 38.731021,-85.374337
 38.731063,-85.376011
 38.731699,-85.378886
 38.731866,-85.380667
 38.732946,-85.386515
 38.735172,-85.396321
 38.735866,-85.400172
 38.736444,-85.404314
 38.736996,-85.410537
 38.736318,-85.416083
 38.734686,-85.422252
 38.732904,-85.424988
 38.730535,-85.431383
 38.729414,-85.434022
 38.728836,-85.434955
 38.727598,-85.436575
 38.726468,-85.437648
 38.722684,-85.440019
 38.718064,-85.443753
 38.713024,-85.449128
 38.709382,-85.452036
 38.70523,-85.452926
 38.700767,-85.454514
 38.69936,-85.454568
 38.698062,-85.455168
 38.693767,-85.456402
 38.692385,-85.456713
 38.688642,-85.456939
 38.685083,-85.456467
 38.681917,-85.455372
 38.679882,-85.453913
 38.678877,-85.452647
 38.674806,-85.449343
 38.669906,-85.444719
 38.664511,-85.441597
 38.662425,-85.440631
 38.66075,-85.440084
 38.659409,-85.43885
 38.658973,-85.438678
 38.658044,-85.438539
 38.655228,-85.438657
 38.64943,-85.437595
 38.64762,-85.438228
 38.646238,-85.438517
 38.640892,-85.43841
 38.638545,-85.438517
 38.635302,-85.439193
 38.632352,-85.439461
 38.625161,-85.439129
 38.62283,-85.439547
 38.617181,-85.439268
 38.610474,-85.439376
 38.605863,-85.438689
 38.603574,-85.438056
 38.596363,-85.434955
 38.584363,-85.426919
 38.583247,-85.425847
 38.573795,-85.420171
 38.565566,-85.416631
 38.563653,-85.416083
 38.561321,-85.415751
 38.552252,-85.415472
 38.546663,-85.415847
 38.543945,-85.416738
 38.54209,-85.41707
 38.537785,-85.419012
 38.531583,-85.423261
 38.528713,-85.425954
 38.52528,-85.430707
 38.523643,-85.433636
 38.521981,-85.437101
 38.520328,-85.441371
 38.516802,-85.4518
 38.51404,-85.45931
 38.512462,-85.462797
 38.510304,-85.466638
 38.508483,-85.469395
 38.506501,-85.471938
 38.503781,-85.474534
 38.498206,-85.47772
 38.494234,-85.479577
 38.490136,-85.480939
 38.487843,-85.481508
 38.485786,-85.482838
 38.478504,-85.488192
 38.474599,-85.491539
 38.4705,-85.495863
 38.468811,-85.497934
 38.468249,-85.498899
 38.465283,-85.505712
 38.461091,-85.516677
 38.458924,-85.523007
 38.457,-85.530893
 38.456118,-85.53557
 38.455563,-85.540613
 38.455493,-85.541568
 38.455516,-85.541737
 38.455997,-85.541564
 38.455897,-85.54166
 38.455619,-85.541823
 38.455523,-85.541986
 38.455462,-85.542437
 38.455076,-85.544786
 38.454311,-85.551513
 38.454034,-85.555708
 38.454017,-85.562832
 38.453395,-85.566684
 38.453311,-85.572091
 38.453017,-85.575653
 38.451068,-85.584204
 38.449942,-85.587509
 38.44743,-85.593216
 38.441934,-85.60357
 38.440464,-85.605597
 38.438665,-85.607421
 38.435295,-85.609878
 38.432581,-85.612271
 38.426361,-85.618558
 38.423621,-85.620736
 38.423193,-85.620961
 38.420873,-85.621144
 38.419082,-85.621551
 38.414711,-85.623354
 38.412525,-85.624459
 38.407271,-85.627538
 38.403143,-85.63022
 38.400696,-85.631186
 38.399898,-85.631711
 38.396728,-85.632827
 38.394953,-85.633578
 38.394583,-85.633879
 38.390438,-85.634941
 38.387318,-85.636239
 38.383416,-85.637591
 38.380211,-85.638481
 38.376528,-85.638664
 38.373012,-85.638149
 38.366173,-85.63802
 38.364289,-85.638117
 38.361429,-85.638793
 38.358787,-85.639822
 38.357567,-85.640466
 38.356499,-85.641528
 38.353377,-85.642827
 38.351047,-85.643256
 38.345434,-85.64494
 38.341959,-85.646775
 38.331844,-85.651335
 38.327467,-85.65348
 38.323267,-85.65672
 38.322207,-85.657868
 38.320431,-85.658609
 38.317543,-85.661956
 38.31235,-85.666752
 38.308755,-85.670604
 38.303207,-85.673554
 38.301211,-85.675142
 38.299881,-85.676826
 38.295688,-85.683231
 38.288387,-85.698992
 38.279671,-85.716695
 38.272453,-85.732402
 38.269311,-85.738882
 38.268191,-85.74151
 38.267197,-85.744879
 38.267534,-85.749375
 38.267929,-85.751081
 38.272587,-85.759771
 38.272832,-85.761251
 38.274365,-85.762593
 38.277456,-85.766305
 38.277835,-85.766498
 38.279637,-85.7658
 38.28053,-85.766069
 38.286063,-85.773225
 38.286652,-85.777313
 38.288042,-85.779737
 38.288412,-85.780832
 38.288564,-85.790906
 38.288775,-85.79229
 38.288025,-85.794039
 38.287393,-85.794833
 38.287073,-85.794919
 38.286846,-85.795434
 38.286038,-85.797601
 38.285457,-85.799865
 38.284656,-85.806323
 38.28389,-85.810947
 38.283882,-85.812117
 38.282576,-85.818222
 38.281187,-85.822374
 38.280243,-85.824455
 38.278391,-85.827427
 38.277051,-85.829122
 38.272006,-85.83277
 38.269858,-85.833735
 38.269437,-85.833982
 38.268797,-85.834755
 38.267508,-85.835431
 38.26643,-85.836267
 38.264703,-85.836943
 38.263616,-85.837662
 38.2613,-85.838177
 38.258975,-85.838488
 38.257113,-85.838284
 38.255773,-85.837812
 38.252715,-85.837791
 38.250845,-85.837952
 38.249497,-85.838445
 38.248081,-85.838628
 38.245351,-85.838606
 38.24348,-85.83881
 38.241163,-85.839347
 38.237278,-85.841031
 38.235104,-85.842201
 38.227738,-85.84764
 38.224671,-85.850451
 38.220886,-85.855268
 38.219023,-85.858272
 38.215348,-85.863605
 38.209869,-85.872391
 38.207061,-85.876426
 38.200949,-85.883099
 38.197231,-85.886779
 38.192172,-85.891253
 38.187028,-85.89548
 38.180247,-85.900351
 38.177776,-85.901595
 38.161286,-85.908977
 38.14005,-85.909438
 38.111321,-85.9052
 38.10032,-85.904567
 38.086473,-85.906134
 38.086017,-85.906252
 38.073374,-85.913172
 38.066566,-85.915607
 38.064581,-85.916594
 38.05893,-85.917313
 38.054064,-85.918397
 38.050786,-85.918912
 38.046841,-85.91933
 38.041171,-85.919566
 38.0372,-85.9205
 38.032036,-85.92139
 38.028605,-85.922441
 38.023915,-85.925081
 38.018167,-85.930402
 38.014634,-85.934393
 38.011608,-85.938889
 38.010873,-85.939618
 38.009748,-85.94155
 38.008303,-85.94465
 38.00564,-85.951302
 38.004617,-85.958608
 38.003298,-85.978006
 38.002318,-85.984347
 38.001244,-85.989572
 38.000525,-85.995344
 38.000026,-85.997007
 37.999747,-85.998777
 37.998606,-86.008626
 37.997676,-86.013776
 37.996027,-86.020932
 37.994751,-86.024623
 37.992705,-86.029376
 37.991504,-86.0312
 37.990354,-86.032273
 37.986667,-86.034397
 37.984367,-86.035084
 37.982947,-86.035277
 37.981052,-86.035255
 37.973805,-86.033882
 37.970379,-86.033388
 37.964788,-86.034322
 37.963012,-86.035137
 37.960373,-86.037154
 37.95929,-86.038302
 37.95858,-86.039858
 37.958047,-86.042143
 37.957971,-86.043345
 37.9583,-86.04533
 37.958825,-86.046993
 37.959772,-86.049052
 37.961033,-86.050844
 37.96352,-86.053859
 37.969593,-86.060114
 37.971411,-86.061798
 37.974236,-86.063987
 37.981746,-86.068193
 37.984545,-86.070424
 37.988942,-86.072516
 37.995909,-86.076272
 37.996678,-86.076829
 37.997036,-86.07731
 37.997351,-86.077307
 37.997429,-86.076907
 37.996949,-86.076357
 37.995334,-86.074163
 37.995264,-86.073931
 37.99544,-86.073968
 37.998065,-86.076583
 38.000289,-86.079082
 38.005158,-86.08759
 38.009385,-86.096839
 38.011836,-86.103094
 38.013535,-86.108683
 38.015294,-86.118404
 38.015691,-86.125206
 38.016012,-86.128178
 38.015835,-86.136246
 38.015387,-86.141621
 38.014727,-86.145698
 38.012597,-86.153809
 38.011194,-86.160096
 38.009884,-86.167477
 38.009943,-86.172284
 38.011211,-86.17855
 38.013899,-86.185502
 38.016561,-86.191263
 38.018979,-86.197786
 38.020779,-86.203623
 38.021599,-86.20579
 38.022664,-86.207925
 38.027278,-86.219083
 38.028301,-86.22081
 38.029341,-86.221873
 38.031242,-86.223375
 38.033397,-86.225703
 38.036895,-86.231797
 38.038594,-86.23376
 38.038966,-86.233717
 38.039228,-86.233245
 38.039599,-86.233749
 38.040478,-86.235884
 38.041332,-86.238685
 38.044323,-86.245497
 38.04499,-86.24774
 38.046063,-86.250422
 38.047981,-86.253952
 38.050651,-86.258361
 38.052873,-86.261473
 38.057207,-86.266955
 38.061625,-86.27041
 38.067301,-86.27351
 38.079083,-86.277266
 38.08345,-86.278113
 38.08958,-86.278714
 38.098708,-86.278617
 38.111447,-86.276268
 38.116056,-86.275045
 38.120471,-86.273339
 38.124674,-86.272545
 38.127172,-86.271762
 38.129974,-86.271247
 38.132337,-86.271
 38.134751,-86.271161
 38.137544,-86.271729
 38.138413,-86.27218
 38.141299,-86.274219
 38.14934,-86.280935
 38.151011,-86.282051
 38.152403,-86.283724
 38.154512,-86.285076
 38.157912,-86.287662
 38.15889,-86.288949
 38.160797,-86.291953
 38.166314,-86.301781
 38.169317,-86.309484
 38.170396,-86.311458
 38.173171,-86.318432
 38.176638,-86.323754
 38.179126,-86.327058
 38.181571,-86.32989
 38.185864,-86.335963
 38.189355,-86.339622
 38.19164,-86.342636
 38.193858,-86.345758
 38.19514,-86.348011
 38.196775,-86.351649
 38.19831,-86.355972
 38.198639,-86.360725
 38.198074,-86.36462
 38.196978,-86.367935
 38.195755,-86.370499
 38.193428,-86.373664
 38.191961,-86.375059
 38.190721,-86.375928
 38.186353,-86.377784
 38.183722,-86.378428
 38.180897,-86.378567
 38.179024,-86.378245
 38.174875,-86.378095
 38.173003,-86.377784
 38.170725,-86.377001
 38.168844,-86.376035
 38.167638,-86.375091
 38.165074,-86.371754
 38.163724,-86.369298
 38.162113,-86.365628
 38.161109,-86.361476
 38.160147,-86.349095
 38.159143,-86.341134
 38.157895,-86.335963
 38.156722,-86.332026
 38.155634,-86.328903
 38.154208,-86.325792
 38.152892,-86.324075
 38.150909,-86.322659
 38.149129,-86.321833
 38.146311,-86.321447
 38.143965,-86.321694
 38.139282,-86.323357
 38.136776,-86.325041
 38.133105,-86.328195
 38.130987,-86.331028
 38.130177,-86.332508
 38.129392,-86.334686
 38.128624,-86.338152
 38.128092,-86.343709
 38.128438,-86.352121
 38.130177,-86.372312
 38.13059,-86.37551
 38.130362,-86.376668
 38.129189,-86.379951
 38.127957,-86.382494
 38.126775,-86.384382
 38.125071,-86.386721
 38.124319,-86.38744
 38.12145,-86.389532
 38.11804,-86.391603
 38.110054,-86.394371
 38.108163,-86.395894
 38.107783,-86.396259
 38.106272,-86.398641
 38.105377,-86.402031
 38.105377,-86.403823
 38.106053,-86.405368
 38.112916,-86.412749
 38.115938,-86.416547
 38.116799,-86.416966
 38.117356,-86.418328
 38.120454,-86.422834
 38.123062,-86.426311
 38.125493,-86.430312
 38.126117,-86.431782
 38.126598,-86.433477
 38.127603,-86.442736
 38.127544,-86.446331
 38.127181,-86.449914
 38.12632,-86.452746
 38.124615,-86.456898
 38.119618,-86.462853
 38.118842,-86.463507
 38.114562,-86.466007
 38.111785,-86.466737
 38.106669,-86.466157
 38.101283,-86.463894
 38.096504,-86.458894
 38.096225,-86.458411
 38.092569,-86.450622
 38.090391,-86.441331
 38.090028,-86.440312
 38.089175,-86.438305
 38.086659,-86.43396
 38.083872,-86.431675
 38.081837,-86.430817
 38.078577,-86.430109
 38.070435,-86.431739
 38.067234,-86.43278
 38.060603,-86.438091
 38.054216,-86.446577
 38.050583,-86.452049
 38.050372,-86.452575
 38.048057,-86.459817
 38.046596,-86.466984
 38.04559,-86.480352
 38.045928,-86.488334
 38.045759,-86.499985
 38.044475,-86.511519
 38.043621,-86.514952
 38.042455,-86.517559
 38.040875,-86.51978
 38.038416,-86.521744
 38.034724,-86.522806
 38.031115,-86.524233
 38.027667,-86.524984
 38.025774,-86.525005
 38.018539,-86.524383
 38.013147,-86.52464
 38.007052,-86.52567
 38.00028,-86.525649
 37.997921,-86.525842
 37.990616,-86.525617
 37.987158,-86.524769
 37.986211,-86.524812
 37.984367,-86.525284
 37.981543,-86.524898
 37.973356,-86.524941
 37.968315,-86.525166
 37.962251,-86.523846
 37.961151,-86.523299
 37.956609,-86.521593
 37.953986,-86.52022
 37.952633,-86.519372
 37.951871,-86.518654
 37.950188,-86.516776
 37.948995,-86.51492
 37.94726,-86.512892
 37.943952,-86.510296
 37.942675,-86.509502
 37.939078,-86.507968
 37.936345,-86.507045
 37.932783,-86.507077
 37.93093,-86.506637
 37.930024,-86.506938
 37.92768,-86.508944
 37.926199,-86.510907
 37.925387,-86.512388
 37.922348,-86.518847
 37.920148,-86.524158
 37.91815,-86.52964
 37.917042,-86.534092
 37.916838,-86.538277
 37.916889,-86.540916
 37.917786,-86.548029
 37.919572,-86.55393
 37.919979,-86.55688
 37.921646,-86.563543
 37.922179,-86.566461
 37.921917,-86.572319
 37.922543,-86.577469
 37.922501,-86.582834
 37.922196,-86.585269
 37.921781,-86.586986
 37.920825,-86.589035
 37.915687,-86.594914
 37.91209,-86.597811
 37.910778,-86.598508
 37.90867,-86.599098
 37.907324,-86.599678
 37.905462,-86.600096
 37.90404,-86.600214
 37.901195,-86.600096
 37.894414,-86.59942
 37.889071,-86.598541
 37.884804,-86.598154
 37.880307,-86.598347
 37.874786,-86.599367
 37.871906,-86.597672
 37.870509,-86.59735
 37.868629,-86.597596
 37.86729,-86.598176
 37.864893,-86.599785
 37.861277,-86.602639
 37.858337,-86.604592
 37.857422,-86.605825
 37.855195,-86.609581
 37.853009,-86.614902
 37.847265,-86.625803
 37.844173,-86.633291
 37.842716,-86.638269
 37.841428,-86.648151
 37.841623,-86.652142
 37.84247,-86.654931
 37.843995,-86.657968
 37.844325,-86.658365
 37.846859,-86.660242
 37.849629,-86.661594
 37.85245,-86.662141
 37.857177,-86.662452
 37.861471,-86.661583
 37.865114,-86.660274
 37.868485,-86.658654
 37.869865,-86.658214
 37.873219,-86.656047
 37.875091,-86.655178
 37.878563,-86.653236
 37.885346,-86.649095
 37.887505,-86.648204
 37.889249,-86.647282
 37.890629,-86.646842
 37.89145,-86.646284
 37.894879,-86.644739
 37.898156,-86.644063
 37.90089,-86.644009
 37.902618,-86.644181
 37.906715,-86.645619
 37.907561,-86.646155
 37.908721,-86.647196
 37.909999,-86.648934
 37.910524,-86.649406
 37.910736,-86.649942
 37.913013,-86.660285
 37.913182,-86.663171
 37.913732,-86.665446
 37.913927,-86.667849
 37.914909,-86.67287
 37.915061,-86.678857
 37.914909,-86.680648
 37.914452,-86.682225
 37.913165,-86.685272
 37.909906,-86.688716
 37.906342,-86.695551
 37.905183,-86.69746
 37.902829,-86.700411
 37.898173,-86.707299
 37.897386,-86.70879
 37.896547,-86.710947
 37.89394,-86.715463
 37.893025,-86.717566
 37.8925,-86.719862
 37.892348,-86.721643
 37.892602,-86.72336
 37.893144,-86.725055
 37.893635,-86.729625
 37.894134,-86.73131
 37.895269,-86.73322
 37.89598,-86.734014
 37.899604,-86.737565
 37.903769,-86.7422
 37.906876,-86.744957
 37.907341,-86.745965
 37.908179,-86.746438
 37.912496,-86.750429
 37.915772,-86.752843
 37.919268,-86.754849
 37.920063,-86.755503
 37.92135,-86.756244
 37.923237,-86.758046
 37.926935,-86.760868
 37.932275,-86.764655
 37.938292,-86.768303
 37.940449,-86.770105
 37.942175,-86.770824
 37.947633,-86.77371
 37.948766,-86.774783
 37.950094,-86.7765
 37.950873,-86.777176
 37.953411,-86.778699
 37.955534,-86.77974
 37.956465,-86.779708
 37.956625,-86.779354
 37.955881,-86.778667
 37.955923,-86.778249
 37.956363,-86.778131
 37.956803,-86.778324
 37.959882,-86.779858
 37.961371,-86.781242
 37.962344,-86.782465
 37.96571,-86.784654
 37.968916,-86.787164
 37.971225,-86.787518
 37.973542,-86.788098
 37.976232,-86.789235
 37.979598,-86.790286
 37.985424,-86.793269
 37.98769,-86.794181
 37.988764,-86.795264
 37.989221,-86.795104
 37.99251,-86.803472
 37.996349,-86.80948
 37.997152,-86.810971
 37.998462,-86.814179
 37.998826,-86.815274
 37.999274,-86.818213
 37.999359,-86.820005
 37.998885,-86.823514
 37.998344,-86.825037
 37.996788,-86.828567
 37.995266,-86.831217
 37.993804,-86.834993
 37.991791,-86.841924
 37.990532,-86.847289
 37.988866,-86.852256
 37.987141,-86.856226
 37.984824,-86.860088
 37.982566,-86.863167
 37.979454,-86.866804
 37.975657,-86.870023
 37.974447,-86.871836
 37.970878,-86.875784
 37.968941,-86.879926
 37.96544,-86.883638
 37.963765,-86.885762
 37.962225,-86.887146
 37.957844,-86.890022
 37.956093,-86.891878
 37.956008,-86.892339
 37.955695,-86.892725
 37.952827,-86.895429
 37.951913,-86.896513
 37.950721,-86.898369
 37.947929,-86.900622
 37.946355,-86.902199
 37.944164,-86.905718
 37.942945,-86.907284
 37.942455,-86.908303
 37.941998,-86.910009
 37.941346,-86.911608
 37.939789,-86.914183
 37.937902,-86.916876
 37.936862,-86.918882
 37.936117,-86.921082
 37.935025,-86.927272
 37.934932,-86.928463
 37.93511,-86.932057
 37.933536,-86.944771
 37.933062,-86.955167
 37.932394,-86.964651
 37.932622,-86.967033
 37.932766,-86.967661
 37.932994,-86.967269
 37.933138,-86.966813
 37.933498,-86.966693
 37.93346,-86.966915
 37.932969,-86.96816
 37.932823,-86.968618
 37.932889,-86.968948
 37.932715,-86.969876
 37.931852,-86.972666
 37.931226,-86.975563
 37.929973,-86.980101
 37.915289,-87.017995
 37.908848,-87.029754
 37.906325,-87.033767
 37.901432,-87.039238
 37.898232,-87.042317
 37.896615,-87.043573
 37.895328,-87.044345
 37.891815,-87.045869
 37.889943,-87.046212
 37.887589,-87.045869
 37.883923,-87.04412
 37.880324,-87.043465
 37.877487,-87.043154
 37.87559,-87.043058
 37.873558,-87.043347
 37.870729,-87.043047
 37.865834,-87.044002
 37.865609,-87.044055
 37.865393,-87.044206
 37.864665,-87.044715
 37.863428,-87.045343
 37.862234,-87.046298
 37.86207,-87.046389
 37.861722,-87.046456
 37.861573,-87.046549
 37.861458,-87.046555
 37.861235,-87.046743
 37.860792,-87.046888
 37.860456,-87.047135
 37.859959,-87.047349
 37.858932,-87.047784
 37.858436,-87.048124
 37.858261,-87.048165
 37.857236,-87.048567
 37.856999,-87.048731
 37.856791,-87.048737
 37.855709,-87.049186
 37.855388,-87.049222
 37.854212,-87.049731
 37.848324,-87.051555
 37.847401,-87.051684
 37.843741,-87.052939
 37.840496,-87.053701
 37.83781,-87.054033
 37.833166,-87.055256
 37.832124,-87.055696
 37.828243,-87.056812
 37.824769,-87.058722
 37.820777,-87.061211
 37.817073,-87.062123
 37.814437,-87.063389
 37.809852,-87.065159
 37.806978,-87.066768
 37.80608,-87.067101
 37.801434,-87.070824
 37.798942,-87.073603
 37.797212,-87.075909
 37.794907,-87.078377
 37.792168,-87.08328
 37.78859,-87.088741
 37.787267,-87.091466
 37.785572,-87.095768
 37.78469,-87.099202
 37.782977,-87.107795
 37.782426,-87.112387
 37.782756,-87.117162
 37.783986,-87.122515
 37.785215,-87.125756
 37.785784,-87.128041
 37.785996,-87.128577
 37.786988,-87.129854
 37.78954,-87.131474
 37.791905,-87.132601
 37.794533,-87.133266
 37.798154,-87.133631
 37.800502,-87.134049
 37.80513,-87.135369
 37.809445,-87.137085
 37.814327,-87.139617
 37.824718,-87.146741
 37.82587,-87.147771
 37.833573,-87.153457
 37.83537,-87.155024
 37.837861,-87.157803
 37.838877,-87.159058
 37.840233,-87.161139
 37.841978,-87.164572
 37.842614,-87.16719
 37.842961,-87.169551
 37.8428,-87.174336
 37.842038,-87.179958
 37.842021,-87.182361
 37.842428,-87.185912
 37.843605,-87.193304
 37.844918,-87.203904
 37.84624,-87.209548
 37.848333,-87.216704
 37.84979,-87.22092
 37.851577,-87.224472
 37.858354,-87.235962
 37.862615,-87.24491
 37.865715,-87.250221
 37.867096,-87.25345
 37.86862,-87.256229
 37.871525,-87.260188
 37.875251,-87.264479
 37.877724,-87.267044
 37.878275,-87.267902
 37.880112,-87.269747
 37.881018,-87.271131
 37.883745,-87.274511
 37.884296,-87.275519
 37.884685,-87.277097
 37.885608,-87.279092
 37.887742,-87.282321
 37.888639,-87.284403
 37.890544,-87.287117
 37.892797,-87.291323
 37.893423,-87.292192
 37.894879,-87.295282
 37.89587,-87.29658
 37.897521,-87.299391
 37.897978,-87.300432
 37.898046,-87.30099
 37.899316,-87.303489
 37.902211,-87.311676
 37.904946,-87.317287
 37.906562,-87.32352
 37.908196,-87.331492
 37.908205,-87.333895
 37.907595,-87.335451
 37.907714,-87.336019
 37.908154,-87.337736
 37.91126,-87.345085
 37.912674,-87.347499
 37.915526,-87.351512
 37.916246,-87.352831
 37.917803,-87.354151
 37.920452,-87.358196
 37.920749,-87.360545
 37.921053,-87.361672
 37.922154,-87.363367
 37.925133,-87.367026
 37.927291,-87.369032
 37.928586,-87.37077
 37.930033,-87.372315
 37.930447,-87.372626
 37.931717,-87.372047
 37.932004,-87.37239
 37.932918,-87.374429
 37.933143,-87.37487
 37.933316,-87.375075
 37.933354,-87.37499
 37.933284,-87.374876
 37.933319,-87.374832
 37.933375,-87.374842
 37.933578,-87.375212
 37.934158,-87.376328
 37.934779,-87.37754
 37.934791,-87.377776
 37.935668,-87.379675
 37.937031,-87.3821
 37.937928,-87.384868
 37.939248,-87.390801
 37.9405,-87.394695
 37.941118,-87.39742
 37.941879,-87.39888
 37.943292,-87.403343
 37.944561,-87.409276
 37.945568,-87.415659
 37.945264,-87.418395
 37.94517,-87.423127
 37.944925,-87.424189
 37.944807,-87.431506
 37.944316,-87.435658
 37.944155,-87.43863
 37.942302,-87.448232
 37.941685,-87.449831
 37.938596,-87.456332
 37.934044,-87.464916
 37.930837,-87.469336
 37.928433,-87.47411
 37.926089,-87.477897
 37.923635,-87.481481
 37.923169,-87.482522
 37.92124,-87.485504
 37.920613,-87.486373
 37.919826,-87.48691
 37.918963,-87.488261
 37.91854,-87.488497
 37.917626,-87.490021
 37.91694,-87.490783
 37.9154,-87.493701
 37.913393,-87.496244
 37.911362,-87.50017
 37.909347,-87.502209
 37.908264,-87.504108
 37.907781,-87.505138
 37.907324,-87.506876
 37.906689,-87.508475
 37.906545,-87.511457
 37.906757,-87.511951
 37.911049,-87.517637
 37.91297,-87.521049
 37.916314,-87.531509
 37.921273,-87.542485
 37.922577,-87.545693
 37.92476,-87.550092
 37.925497,-87.55139
 37.926588,-87.552431
 37.928425,-87.555918
 37.932165,-87.560509
 37.936532,-87.564737
 37.941761,-87.568803
 37.946719,-87.571646
 37.951355,-87.573427
 37.951575,-87.573835
 37.951922,-87.576796
 37.952201,-87.576946
 37.953495,-87.576034
 37.956118,-87.574682
 37.95748,-87.574167
 37.96072,-87.573373
 37.963384,-87.573631
 37.968392,-87.57539
 37.970971,-87.577568
 37.972096,-87.579489
 37.972443,-87.579618
 37.972747,-87.580411
 37.973052,-87.580562
 37.974625,-87.584982
 37.974879,-87.585465
 37.975208,-87.585572
 37.975987,-87.588254
 37.975733,-87.590636
 37.97575,-87.592428
 37.974896,-87.596977
 37.974253,-87.598575
 37.97339,-87.599992
 37.971766,-87.601697
 37.970151,-87.602406
 37.969525,-87.603006
 37.968239,-87.603747
 37.965017,-87.604744
 37.964086,-87.604916
 37.963139,-87.60483
 37.962327,-87.604401
 37.958859,-87.603854
 37.956524,-87.604315
 37.955416,-87.605056
 37.954612,-87.605367
 37.9527,-87.605184
 37.951355,-87.605581
 37.950027,-87.606214
 37.947539,-87.607952
 37.94605,-87.609433
 37.942793,-87.613521
 37.938749,-87.619261
 37.936075,-87.622662
 37.934602,-87.62426
 37.930794,-87.627093
 37.928594,-87.628176
 37.927672,-87.628455
 37.926182,-87.628702
 37.923838,-87.628337
 37.923423,-87.628477
 37.921257,-87.627962
 37.917685,-87.626717
 37.915535,-87.625526
 37.91104,-87.623616
 37.907316,-87.620881
 37.905902,-87.619282
 37.90183,-87.61366
 37.898647,-87.608382
 37.896319,-87.603511
 37.891628,-87.596633
 37.890341,-87.595003
 37.889893,-87.594874
 37.888987,-87.593876
 37.886616,-87.592031
 37.886192,-87.591859
 37.884804,-87.592181
 37.883389,-87.592031
 37.875641,-87.589499
 37.868874,-87.588447
 37.865444,-87.588898
 37.861192,-87.588726
 37.860726,-87.588844
 37.859396,-87.589488
 37.856838,-87.591355
 37.85544,-87.592964
 37.852645,-87.595142
 37.847553,-87.597814
 37.846681,-87.599198
 37.845605,-87.600389
 37.838725,-87.606558
 37.836556,-87.609712
 37.833946,-87.612308
 37.832658,-87.614089
 37.832133,-87.615087
 37.831065,-87.618027
 37.829141,-87.624807
 37.827031,-87.63574
 37.825887,-87.646104
 37.825794,-87.65238
 37.826252,-87.657155
 37.826913,-87.6612
 37.827463,-87.666564
 37.828099,-87.670029
 37.829243,-87.672551
 37.830243,-87.673838
 37.831802,-87.675598
 37.834132,-87.677658
 37.836217,-87.679106
 37.838056,-87.67961
 37.839835,-87.680436
 37.841555,-87.680844
 37.842961,-87.680758
 37.84391,-87.680887
 37.846621,-87.681928
 37.848045,-87.68196
 37.850705,-87.681348
 37.85212,-87.68123
 37.853992,-87.681584
 37.855889,-87.681606
 37.858447,-87.680275
 37.860302,-87.678409
 37.861133,-87.677808
 37.865562,-87.675694
 37.868281,-87.673302
 37.871593,-87.668785
 37.874184,-87.666167
 37.877242,-87.664086
 37.879537,-87.663324
 37.881416,-87.663549
 37.884448,-87.664772
 37.887191,-87.663903
 37.888614,-87.663796
 37.890951,-87.664182
 37.89311,-87.664869
 37.895692,-87.666339
 37.897275,-87.667648
 37.900476,-87.67181
 37.902152,-87.674696
 37.902618,-87.676982
 37.903371,-87.679181
 37.904099,-87.682904
 37.904023,-87.684621
 37.903616,-87.685661
 37.903464,-87.68741
 37.902287,-87.689899
 37.901669,-87.690758
 37.900747,-87.69256
 37.898994,-87.696369
 37.898461,-87.698675
 37.896624,-87.703986
 37.896048,-87.706121
 37.895557,-87.707151
 37.894101,-87.71155
 37.892949,-87.717751
 37.89267,-87.723738
 37.893389,-87.728266
 37.89471,-87.734027
 37.895074,-87.737256
 37.894837,-87.741398
 37.894719,-87.741977
 37.894075,-87.742728
 37.893262,-87.746783
 37.892339,-87.752974
 37.891696,-87.759154
 37.890765,-87.762544
 37.888004,-87.767426
 37.886252,-87.770966
 37.884228,-87.773498
 37.878961,-87.781523
 37.877851,-87.783465
 37.876513,-87.786641
 37.875743,-87.790729
 37.875285,-87.795149
 37.875539,-87.799312
 37.875192,-87.80488
 37.875209,-87.808496
 37.875751,-87.820727
 37.876446,-87.826349
 37.876522,-87.830544
 37.876996,-87.832861
 37.877648,-87.834449
 37.879901,-87.838268
 37.882306,-87.841133
 37.883584,-87.841626
 37.886734,-87.841777
 37.888148,-87.843364
 37.889816,-87.846261
 37.891577,-87.847946
 37.893245,-87.850842
 37.89499,-87.85287
 37.899925,-87.856421
 37.900628,-87.857172
 37.902567,-87.858589
 37.909813,-87.861979
 37.912386,-87.863492
 37.915569,-87.86611
 37.917372,-87.868052
 37.920715,-87.872182
 37.922966,-87.875272
 37.925488,-87.880561
 37.92625,-87.883404
 37.926571,-87.885765
 37.927849,-87.892106
 37.927942,-87.895099
 37.927511,-87.898039
 37.927045,-87.899702
 37.925514,-87.903768
 37.92493,-87.904701
 37.921807,-87.90837
 37.91986,-87.910087
 37.918472,-87.911782
 37.9176,-87.912169
 37.916424,-87.91322
 37.913986,-87.916074
 37.9095,-87.920119
 37.9074,-87.922232
 37.906173,-87.923123
 37.905648,-87.923723
 37.904404,-87.924442
 37.901788,-87.927006
 37.901373,-87.927243
 37.89609,-87.933594
 37.895218,-87.934055
 37.892797,-87.936566
 37.890663,-87.938443
 37.887606,-87.940063
 37.885278,-87.940664
 37.878893,-87.940975
 37.873956,-87.939731
 37.870424,-87.937982
 37.867942,-87.936212
 37.866138,-87.934613
 37.864775,-87.932972
 37.863521,-87.932124
 37.861234,-87.929989
 37.859049,-87.927672
 37.856237,-87.924281
 37.854881,-87.922286
 37.854093,-87.920794
 37.852357,-87.918756
 37.850917,-87.916374
 37.849493,-87.914797
 37.847477,-87.913316
 37.845647,-87.912233
 37.84452,-87.911128
 37.843292,-87.910237
 37.842385,-87.909937
 37.839987,-87.910173
 37.839572,-87.910066
 37.838301,-87.908317
 37.837488,-87.907759
 37.833692,-87.907416
 37.83054,-87.906879
 37.825938,-87.905388
 37.824048,-87.905313
 37.821963,-87.904691
 37.817751,-87.903821
 37.816327,-87.903789
 37.812708,-87.904551
 37.810089,-87.905946
 37.807809,-87.90675
 37.807063,-87.907448
 37.80513,-87.911171
 37.802282,-87.918724
 37.80068,-87.923959
 37.799874,-87.927414
 37.798908,-87.930161
 37.797594,-87.93265
 37.796492,-87.934023
 37.795254,-87.934871
 37.791956,-87.934688
 37.790201,-87.935579
 37.789446,-87.936255
 37.787988,-87.938454
 37.784876,-87.939516
 37.783164,-87.940525
 37.782248,-87.940868
 37.781027,-87.941769
 37.775566,-87.944355
 37.77515,-87.944623
 37.773471,-87.946565
 37.772233,-87.949054
 37.771953,-87.950202
 37.771749,-87.952584
 37.77264,-87.958442
 37.772988,-87.959536
 37.773259,-87.960019
 37.779263,-87.9668
 37.780484,-87.968688
 37.781527,-87.9699
 37.7819,-87.970244
 37.783681,-87.971048
 37.784851,-87.972068
 37.788166,-87.976692
 37.791744,-87.984298
 37.791948,-87.986069
 37.792253,-87.987195
 37.793118,-87.988611
 37.794033,-87.991111
 37.7965,-87.994748
 37.797526,-87.99683
 37.798332,-87.999651
 37.799824,-88.003578
 37.800807,-88.008835
 37.80157,-88.01155
 37.801909,-88.014961
 37.801901,-88.017365
 37.801536,-88.020326
 37.800824,-88.023512
 37.799195,-88.028143
 37.80057,-88.028373
 37.802935,-88.028244
 37.80435,-88.02848
 37.804791,-88.028694
 37.806478,-88.030014
 37.807572,-88.031141
 37.808445,-88.032568
 37.80947,-88.035336
 37.809852,-88.037685
 37.809775,-88.039488
 37.809292,-88.041805
 37.808182,-88.045571
 37.806097,-88.050292
 37.803435,-88.054594
 37.802112,-88.057373
 37.801095,-88.060076
 37.80057,-88.062383
 37.800442,-88.064185
 37.800578,-88.066889
 37.800926,-88.068627
 37.801773,-88.070773
 37.804868,-88.076813
 37.810623,-88.082939
 37.813335,-88.085353
 37.814446,-88.086834
 37.815531,-88.088669
 37.816607,-88.089859
 37.817429,-88.09045
 37.818768,-88.091072
 37.821065,-88.091769
 37.822472,-88.091737
 37.824141,-88.09105
 37.825819,-88.089935
 37.828192,-88.087606
 37.82937,-88.085718
 37.830684,-88.081877
 37.830972,-88.079506
 37.830819,-88.078326
 37.830362,-88.076792
 37.829209,-88.074163
 37.825658,-88.06778
 37.823862,-88.063649
 37.822989,-88.06087
 37.822438,-88.057652
 37.821557,-88.043715
 37.823141,-88.037063
 37.824311,-88.033211
 37.825319,-88.031173
 37.826904,-88.028941
 37.828082,-88.027943
 37.83026,-88.026742
 37.832311,-88.026034
 37.832777,-88.025937
 37.833717,-88.026077
 37.836886,-88.0273
 37.8382,-88.027997
 37.838971,-88.028673
 37.841191,-88.031462
 37.841826,-88.033072
 37.842605,-88.035883
 37.844071,-88.042846
 37.845206,-88.049465
 37.846503,-88.053982
 37.847994,-88.057812
 37.848883,-88.059615
 37.853161,-88.065001
 37.854788,-88.066481
 37.857812,-88.068423
 37.866714,-88.072329
 37.868468,-88.07323
 37.871008,-88.074882
 37.879054,-88.078519
 37.885549,-88.084377
 37.888631,-88.089248
 37.891637,-88.093089
 37.892534,-88.094012
 37.893736,-88.094966
 37.901517,-88.097874
 37.903862,-88.097767
 37.90564,-88.095868
 37.905843,-88.095363
 37.906173,-88.092391
 37.905707,-88.086362
 37.903718,-88.083025
 37.900239,-88.078594
 37.895811,-88.071395
 37.894879,-88.067994
 37.893855,-88.0619
 37.892864,-88.058531
 37.891586,-88.056353
 37.89123,-88.055066
 37.891103,-88.049659
 37.89123,-88.044852
 37.892026,-88.038973
 37.89272,-88.036237
 37.892949,-88.031119
 37.892678,-88.029349
 37.892069,-88.02789
 37.891061,-88.026634
 37.889071,-88.024982
 37.888766,-88.024564
 37.888284,-88.022879
 37.888055,-88.020755
 37.888335,-88.018996
 37.889317,-88.016968
 37.891069,-88.014951
 37.891899,-88.014382
 37.893533,-88.013631
 37.894922,-88.013406
 37.899756,-88.015852
 37.902761,-88.017815
 37.909661,-88.01994
 37.912437,-88.019929
 37.912894,-88.02009
 37.913673,-88.020755
 37.914739,-88.022676
 37.914553,-88.024424
 37.914621,-88.028609
 37.913647,-88.0326
 37.913935,-88.033597
 37.914494,-88.034488
 37.914866,-88.036215
 37.914951,-88.041612
 37.915611,-88.049701
 37.916051,-88.053263
 37.917803,-88.061836
 37.918548,-88.063745
 37.919623,-88.065119
 37.921409,-88.066975
 37.922898,-88.068316
 37.924219,-88.068981
 37.925598,-88.069421
 37.926944,-88.069593
 37.927748,-88.069314
 37.928619,-88.068895
 37.930193,-88.067554
 37.932038,-88.064775
 37.9328,-88.063252
 37.933824,-88.059883
 37.934128,-88.057523
 37.934001,-88.056343
 37.933629,-88.055162
 37.933079,-88.054197
 37.932301,-88.053564
 37.931378,-88.053317
 37.930523,-88.052813
 37.928247,-88.050656
 37.926842,-88.048822
 37.925065,-88.04482
 37.924295,-88.041269
 37.924396,-88.038887
 37.924811,-88.03717
 37.926207,-88.034037
 37.929144,-88.030872
 37.930016,-88.030432
 37.930955,-88.030357
 37.932309,-88.030862
 37.935508,-88.033007
 37.942911,-88.03614
 37.955796,-88.036977
 37.95671,-88.036805
 37.957395,-88.03599
 37.957911,-88.034981
 37.958495,-88.032407
 37.958427,-88.028222
 37.959425,-88.020734
 37.961633,-88.016281
 37.961972,-88.015895
 37.962708,-88.015165
 37.964365,-88.014007
 37.967038,-88.012837
 37.970244,-88.01229
 37.977204,-88.012644
 37.982837,-88.015165
 37.991445,-88.019682
 37.998133,-88.022922
 38.00001,-88.023148
 38.005758,-88.025454
 38.007627,-88.025787
 38.009512,-88.02554
 38.012724,-88.024553
 38.016688,-88.022676
 38.019528,-88.020884
 38.022343,-88.018556
 38.024185,-88.016689
 38.025225,-88.014693
 38.025597,-88.012955
 38.026332,-88.010713
 38.027448,-88.008792
 38.029112,-88.007698
 38.030836,-88.007923
 38.032197,-88.009297
 38.033684,-88.011818
 38.034318,-88.014071
 38.034707,-88.017021
 38.034715,-88.017622
 38.03431,-88.01935
 38.032484,-88.024843
 38.031758,-88.027697
 38.03158,-88.03128
 38.031665,-88.032482
 38.03202,-88.034005
 38.034048,-88.038061
 38.035679,-88.040228
 38.037284,-88.041483
 38.039092,-88.042138
 38.040106,-88.042213
 38.044365,-88.042417
 38.046241,-88.042127
 38.048404,-88.040453
 38.050271,-88.03775
 38.051057,-88.035572
 38.051656,-88.033029
 38.052121,-88.030089
 38.052146,-88.027686
 38.051741,-88.017279
 38.051166,-88.008331
 38.051065,-88.004737
 38.051302,-88.002967
 38.051623,-88.001218
 38.052501,-87.999469
 38.055636,-87.988687
 38.059581,-87.979299
 38.060011,-87.978408
 38.06709,-87.967315
 38.074117,-87.964075
 38.081524,-87.959043
 38.086084,-87.956725
 38.088432,-87.956951
 38.092325,-87.959032
 38.094621,-87.959751
 38.096935,-87.960309
 38.098826,-87.960448
 38.099755,-87.960277
 38.100076,-87.960491
 38.10016,-87.960802
 38.099898,-87.962873
 38.099451,-87.963914
 38.097104,-87.966853
 38.095981,-87.968709
 38.094098,-87.975512
 38.09023,-87.985854
 38.088702,-87.990189
 38.086667,-87.996916
 38.084556,-88.002462
 38.083982,-88.004748
 38.083931,-88.00655
 38.084514,-88.010681
 38.084961,-88.011732
 38.085307,-88.012129
 38.086996,-88.013213
 38.088753,-88.014103
 38.090577,-88.014704
 38.095516,-88.016732
 38.097391,-88.016678
 38.10016,-88.015745
 38.101046,-88.015294
 38.103377,-88.013256
 38.105065,-88.009865
 38.10726,-88.003224
 38.107834,-88.000306
 38.108526,-87.998149
 38.108493,-87.99698
 38.107454,-87.991122
 38.107074,-87.985811
 38.107133,-87.983419
 38.108324,-87.978859
 38.109784,-87.975715
 38.110451,-87.974868
 38.110873,-87.97461
 38.11176,-87.974213
 38.113161,-87.973881
 38.114579,-87.973784
 38.117955,-87.973945
 38.119289,-87.974439
 38.120707,-87.974449
 38.121635,-87.974321
 38.124767,-87.973108
 38.128117,-87.971349
 38.130599,-87.969579
 38.131603,-87.968323
 38.132312,-87.966896
 38.132607,-87.965759
 38.132641,-87.964557
 38.132109,-87.960416
 38.132244,-87.959236
 38.132843,-87.956972
 38.132725,-87.955234
 38.132067,-87.953635
 38.130658,-87.951232
 38.128995,-87.949108
 38.126792,-87.946919
 38.126573,-87.946383
 38.126624,-87.94546
 38.12729,-87.944827
 38.13032,-87.943132
 38.131974,-87.941984
 38.136633,-87.938046
 38.139189,-87.935375
 38.139772,-87.934023
 38.140269,-87.931094
 38.140759,-87.929388
 38.141527,-87.927886
 38.142556,-87.926652
 38.143442,-87.925955
 38.144792,-87.925472
 38.14621,-87.925515
 38.147602,-87.925837
 38.148859,-87.926652
 38.150336,-87.928122
 38.150783,-87.928262
 38.15123,-87.928112
 38.152276,-87.927232
 38.152909,-87.925676
 38.153002,-87.923906
 38.155128,-87.919099
 38.155954,-87.91764
 38.15792,-87.915033
 38.159,-87.913874
 38.160628,-87.912791
 38.161598,-87.911589
 38.162391,-87.910978
 38.166153,-87.910645
 38.167562,-87.910795
 38.169949,-87.912254
 38.171122,-87.912759
 38.171501,-87.913102
 38.173382,-87.915795
 38.174133,-87.917286
 38.173871,-87.921438
 38.173458,-87.922522
 38.172682,-87.923638
 38.1721,-87.924324
 38.170843,-87.92514
 38.166609,-87.925869
 38.166145,-87.925805
 38.163479,-87.924603
 38.162071,-87.924517
 38.16116,-87.924753
 38.159422,-87.925923
 38.158679,-87.926642
 38.158089,-87.927586
 38.156402,-87.93118
 38.156317,-87.933573
 38.156427,-87.934141
 38.156705,-87.934602
 38.158848,-87.935236
 38.159312,-87.935193
 38.161446,-87.934152
 38.163311,-87.933755
 38.164255,-87.933766
 38.168372,-87.935053
 38.171316,-87.936448
 38.1721,-87.937102
 38.174833,-87.940428
 38.177937,-87.945825
 38.179202,-87.948357
 38.183241,-87.957519
 38.184666,-87.959901
 38.191826,-87.9699
 38.197838,-87.975812
 38.201092,-87.978569
 38.206547,-87.982646
 38.209169,-87.983987
 38.214935,-87.9852
 38.218222,-87.985629
 38.222311,-87.985564
 38.228421,-87.984889
 38.235989,-87.980222
 38.239141,-87.979685
 38.241492,-87.979771
 38.245157,-87.98093
 38.249808,-87.982936
 38.252159,-87.98491
 38.255142,-87.98785
 38.256127,-87.988139
 38.257029,-87.98786
 38.257711,-87.987077
 38.258048,-87.985972
 38.258006,-87.985371
 38.257719,-87.984266
 38.256372,-87.981809
 38.247045,-87.972304
 38.244744,-87.970598
 38.243421,-87.969986
 38.242486,-87.970093
 38.241113,-87.970512
 38.239714,-87.970437
 38.238787,-87.970254
 38.237388,-87.968913
 38.236714,-87.967411
 38.236335,-87.964579
 38.236579,-87.962197
 38.237,-87.960502
 38.238652,-87.958571
 38.239048,-87.958292
 38.239967,-87.958024
 38.241374,-87.957938
 38.24461,-87.958764
 38.246489,-87.958871
 38.249505,-87.95783
 38.250348,-87.957337
 38.251915,-87.955803
 38.253061,-87.953914
 38.254088,-87.950556
 38.254569,-87.948239
 38.255327,-87.94605
 38.257046,-87.943658
 38.259084,-87.942199
 38.259994,-87.941909
 38.260938,-87.941823
 38.261864,-87.941973
 38.263204,-87.942542
 38.263566,-87.942907
 38.266388,-87.948325
 38.267955,-87.950578
 38.268721,-87.951243
 38.270945,-87.952219
 38.273775,-87.952101
 38.275973,-87.95105
 38.277018,-87.94987
 38.277464,-87.948818
 38.278492,-87.944494
 38.279157,-87.942907
 38.280016,-87.941501
 38.281406,-87.940031
 38.283056,-87.939184
 38.284,-87.938969
 38.287284,-87.938883
 38.290694,-87.938079
 38.292471,-87.937274
 38.294795,-87.935225
 38.295764,-87.933776
 38.296395,-87.932167
 38.297111,-87.929313
 38.298635,-87.925075
 38.299199,-87.922833
 38.299342,-87.921234
 38.299376,-87.917029
 38.299115,-87.915269
 38.29861,-87.913735
 38.29754,-87.911375
 38.296193,-87.90969
 38.294139,-87.908242
 38.293254,-87.907888
 38.29232,-87.908027
 38.290981,-87.908564
 38.286627,-87.912319
 38.28437,-87.91381
 38.279351,-87.917683
 38.27626,-87.919153
 38.274398,-87.919453
 38.272267,-87.918971
 38.27097,-87.918262
 38.269808,-87.917254
 38.268957,-87.915827
 38.268359,-87.914196
 38.268039,-87.911257
 38.26814,-87.910066
 38.268662,-87.908403
 38.269884,-87.90659
 38.273068,-87.903425
 38.279603,-87.897674
 38.280286,-87.896848
 38.281793,-87.894562
 38.284328,-87.889155
 38.285288,-87.887857
 38.287318,-87.886333
 38.289137,-87.885733
 38.292581,-87.885078
 38.297338,-87.882482
 38.299755,-87.881709
 38.303468,-87.880905
 38.306027,-87.879703
 38.308048,-87.878083
 38.309715,-87.875969
 38.311331,-87.873019
 38.312232,-87.870272
 38.312265,-87.869071
 38.312038,-87.86759
 38.311449,-87.865959
 38.310447,-87.863942
 38.30979,-87.863084
 38.307938,-87.861228
 38.305598,-87.860509
 38.303249,-87.860466
 38.302786,-87.860595
 38.300108,-87.861743
 38.295343,-87.864801
 38.292134,-87.865798
 38.290139,-87.866217
 38.287924,-87.866045
 38.286088,-87.86552
 38.28005,-87.862934
 38.278475,-87.861603
 38.276723,-87.859608
 38.275645,-87.856926
 38.275156,-87.850982
 38.275712,-87.848697
 38.276841,-87.84565
 38.278298,-87.843289
 38.280319,-87.840779
 38.282307,-87.839009
 38.285515,-87.836498
 38.290534,-87.833966
 38.296833,-87.831498
 38.30079,-87.830812
 38.305034,-87.830812
 38.306431,-87.831037
 38.308485,-87.831917
 38.315473,-87.833312
 38.319404,-87.833472
 38.324092,-87.83285
 38.325944,-87.832421
 38.327265,-87.83182
 38.332315,-87.828591
 38.337205,-87.82622
 38.344231,-87.824267
 38.346394,-87.823108
 38.347168,-87.822443
 38.348918,-87.820426
 38.352527,-87.815373
 38.354134,-87.813549
 38.356583,-87.811757
 38.357878,-87.811017
 38.360806,-87.808582
 38.363254,-87.805814
 38.364297,-87.803121
 38.364903,-87.799655
 38.366038,-87.795718
 38.366787,-87.789838
 38.367662,-87.786062
 38.368722,-87.78338
 38.370875,-87.779968
 38.375157,-87.775258
 38.380834,-87.769614
 38.385939,-87.76572
 38.388529,-87.763124
 38.390497,-87.761482
 38.394735,-87.757416
 38.399141,-87.753961
 38.402975,-87.750099
 38.408499,-87.745646
 38.409339,-87.745121
 38.41319,-87.743779
 38.427446,-87.742803
 38.435632,-87.741001
 38.437464,-87.740121
 38.438968,-87.738705
 38.440792,-87.734756
 38.441565,-87.732579
 38.442833,-87.730819
 38.444186,-87.730401
 38.446455,-87.730143
 38.447858,-87.730379
 38.44922,-87.730851
 38.450833,-87.732053
 38.451841,-87.733297
 38.453034,-87.735894
 38.454614,-87.740303
 38.454899,-87.742041
 38.454975,-87.743844
 38.454614,-87.745571
 38.454488,-87.748801
 38.454185,-87.750517
 38.454244,-87.751719
 38.454446,-87.752888
 38.455059,-87.754508
 38.455908,-87.755914
 38.45721,-87.75659
 38.458604,-87.756815
 38.460478,-87.756675
 38.462318,-87.756236
 38.464846,-87.754809
 38.468837,-87.751644
 38.471449,-87.749981
 38.477194,-87.744691
 38.47921,-87.73996
 38.480067,-87.734596
 38.480235,-87.73039
 38.479823,-87.727461
 38.479487,-87.720058
 38.479932,-87.71391
 38.480596,-87.711668
 38.482208,-87.708009
 38.485929,-87.698117
 38.487919,-87.693429
 38.491639,-87.686284
 38.49457,-87.6824
 38.4985,-87.678355
 38.50096,-87.676638
 38.506006,-87.674021
 38.507047,-87.67283
 38.507584,-87.671864
 38.507567,-87.670845
 38.507223,-87.669944
 38.503789,-87.665116
 38.502941,-87.663678
 38.501951,-87.660309
 38.501682,-87.657949
 38.501967,-87.655578
 38.503235,-87.652359
 38.504688,-87.649999
 38.50729,-87.647166
 38.509322,-87.645696
 38.510682,-87.645214
 38.512554,-87.645149
 38.514107,-87.645546
 38.515308,-87.646469
 38.51629,-87.647756
 38.519597,-87.653003
 38.520328,-87.654548
 38.521293,-87.655846
 38.526766,-87.659472
 38.530182,-87.660652
 38.53238,-87.661135
 38.541092,-87.668796
 38.54282,-87.669729
 38.544196,-87.670083
 38.545136,-87.670072
 38.546454,-87.669429
 38.547662,-87.668517
 38.549886,-87.665523
 38.55132,-87.662423
 38.555113,-87.65222
 38.555692,-87.651286
 38.556455,-87.65061
 38.557412,-87.650235
 38.558326,-87.650203
 38.560566,-87.651093
 38.563167,-87.652456
 38.564551,-87.652735
 38.565868,-87.652488
 38.568963,-87.651125
 38.570465,-87.64972
 38.571186,-87.648271
 38.572101,-87.643626
 38.572906,-87.641469
 38.574231,-87.639517
 38.575011,-87.638841
 38.575883,-87.638401
 38.577267,-87.638068
 38.578207,-87.63809
 38.582199,-87.639796
 38.586258,-87.640257
 38.590007,-87.64015
 38.591265,-87.639409
 38.591986,-87.638637
 38.592497,-87.637886
 38.592841,-87.636995
 38.592866,-87.635804
 38.592623,-87.634646
 38.591567,-87.632672
 38.58786,-87.627747
 38.586736,-87.625118
 38.586208,-87.622823
 38.586183,-87.621031
 38.587407,-87.614948
 38.588422,-87.612963
 38.589504,-87.611836
 38.591432,-87.610924
 38.592363,-87.610892
 38.59368,-87.611439
 38.59472,-87.61263
 38.595021,-87.613746
 38.594845,-87.619421
 38.595558,-87.622275
 38.595768,-87.622801
 38.59643,-87.623638
 38.598468,-87.625086
 38.599365,-87.62544
 38.602165,-87.625891
 38.605553,-87.627361
 38.606492,-87.627436
 38.607414,-87.627275
 38.608101,-87.626814
 38.608873,-87.626116
 38.60982,-87.62485
 38.611547,-87.621288
 38.61226,-87.620527
 38.612704,-87.620387
 38.61314,-87.620559
 38.617013,-87.622705
 38.618815,-87.622361
 38.619603,-87.621739
 38.620232,-87.620848
 38.621154,-87.618778
 38.622327,-87.616922
 38.623107,-87.616256
 38.625127,-87.615581
 38.626016,-87.615495
 38.628111,-87.616063
 38.631975,-87.619325
 38.632821,-87.61984
 38.635017,-87.620591
 38.635939,-87.620848
 38.63733,-87.620966
 38.637791,-87.620913
 38.639551,-87.620065
 38.640766,-87.619153
 38.642065,-87.617437
 38.644604,-87.608854
 38.645056,-87.607802
 38.646699,-87.605678
 38.648257,-87.604412
 38.651274,-87.602953
 38.656787,-87.602738
 38.659057,-87.602009
 38.662023,-87.600421
 38.662827,-87.599798
 38.665366,-87.597138
 38.667443,-87.593576
 38.669914,-87.587857
 38.672586,-87.578845
 38.67432,-87.569779
 38.675551,-87.558707
 38.67762,-87.545532
 38.67922,-87.539889
 38.681733,-87.534513
 38.683919,-87.531381
 38.686984,-87.527947
 38.693013,-87.522336
 38.696781,-87.519847
 38.697669,-87.519493
 38.69998,-87.519032
 38.704878,-87.518946
 38.710019,-87.519472
 38.710931,-87.519321
 38.712714,-87.518603
 38.716414,-87.516639
 38.71983,-87.513871
 38.72584,-87.508496
 38.727589,-87.507627
 38.731096,-87.506844
 38.73395,-87.505996
 38.735113,-87.505127
 38.735716,-87.504215
 38.737046,-87.499999
 38.738461,-87.497638
 38.739482,-87.496415
 38.740787,-87.495804
 38.741716,-87.495922
 38.742578,-87.496383
 38.743557,-87.497671
 38.74457,-87.499666
 38.746201,-87.502198
 38.747222,-87.5034
 38.748536,-87.504011
 38.749473,-87.504011
 38.754226,-87.501791
 38.756108,-87.500106
 38.758208,-87.498786
 38.76475,-87.497081
 38.766139,-87.496877
 38.767051,-87.49707
 38.767845,-87.497681
 38.768489,-87.49855
 38.768949,-87.49958
 38.769175,-87.500728
 38.769159,-87.502531
 38.768841,-87.504902
 38.767762,-87.506844
 38.767285,-87.508518
 38.767302,-87.510899
 38.767586,-87.512037
 38.768389,-87.513506
 38.769108,-87.51429
 38.77043,-87.514815
 38.771827,-87.514515
 38.772588,-87.513925
 38.773199,-87.513056
 38.773567,-87.511339
 38.773659,-87.506028
 38.773968,-87.503829
 38.775574,-87.50017
 38.776729,-87.498293
 38.777414,-87.497478
 38.77861,-87.496533
 38.781387,-87.495396
 38.782784,-87.495214
 38.785067,-87.495718
 38.785485,-87.495975
 38.786882,-87.497585
 38.787718,-87.49796
 38.78837,-87.498465
 38.791322,-87.501072
 38.792928,-87.50325
 38.794609,-87.506651
 38.795913,-87.508378
 38.798472,-87.510599
 38.800905,-87.512401
 38.803581,-87.514815
 38.806022,-87.516586
 38.810553,-87.5193
 38.813178,-87.5218
 38.817417,-87.526842
 38.818253,-87.527357
 38.819164,-87.52725
 38.820836,-87.526199
 38.822382,-87.523967
 38.822858,-87.523559
 38.824213,-87.523066
 38.826336,-87.521821
 38.826779,-87.521703
 38.828651,-87.521843
 38.830498,-87.52225
 38.834008,-87.524782
 38.836164,-87.525941
 38.838437,-87.526649
 38.842474,-87.526671
 38.844212,-87.52593
 38.845139,-87.526113
 38.848448,-87.525898
 38.849033,-87.526027
 38.850312,-87.526724
 38.851582,-87.528108
 38.852008,-87.528902
 38.85357,-87.537067
 38.855099,-87.541155
 38.855926,-87.542603
 38.856979,-87.545146
 38.86017,-87.551712
 38.861206,-87.552903
 38.861616,-87.553171
 38.862526,-87.553385
 38.863453,-87.55331
 38.86423,-87.552699
 38.864448,-87.552184
 38.864573,-87.551004
 38.864197,-87.549566
 38.86347,-87.548032
 38.863052,-87.545704
 38.86352,-87.544041
 38.864205,-87.543236
 38.865057,-87.542753
 38.866486,-87.542614
 38.867797,-87.543193
 38.870186,-87.546036
 38.871339,-87.547045
 38.872225,-87.547463
 38.872667,-87.547624
 38.874137,-87.547721
 38.87519,-87.547517
 38.876,-87.546991
 38.876309,-87.54654
 38.876677,-87.545457
 38.87681,-87.541262
 38.877361,-87.537121
 38.878021,-87.535565
 38.878823,-87.534975
 38.87975,-87.534889
 38.880669,-87.535061
 38.881938,-87.535822
 38.882698,-87.536627
 38.885037,-87.537711
 38.88583,-87.538344
 38.886674,-87.539803
 38.887676,-87.542506
 38.888594,-87.543858
 38.889363,-87.544491
 38.89024,-87.544899
 38.891592,-87.545114
 38.893914,-87.544781
 38.894356,-87.54462
 38.89515,-87.543998
 38.89606,-87.542646
 38.896369,-87.541519
 38.896269,-87.539728
 38.895859,-87.538891
 38.895016,-87.538505
 38.893146,-87.538526
 38.891058,-87.537764
 38.889262,-87.537464
 38.8872,-87.536101
 38.887166,-87.535769
 38.887976,-87.535157
 38.88978,-87.534524
 38.890699,-87.534353
 38.891734,-87.534395
 38.892619,-87.534674
 38.894548,-87.53637
 38.89545,-87.536584
 38.901036,-87.533569
 38.90137,-87.53314
 38.901713,-87.532057
 38.901629,-87.528473
 38.902355,-87.524396
 38.902664,-87.518452
 38.90304,-87.51739
 38.90365,-87.516875
 38.90456,-87.516822
 38.905236,-87.517176
 38.905729,-87.518023
 38.905837,-87.519203
 38.905136,-87.52268
 38.905244,-87.52445
 38.905929,-87.526016
 38.906614,-87.526821
 38.907407,-87.527443
 38.908392,-87.527894
 38.909318,-87.527808
 38.912825,-87.526156
 38.913743,-87.526048
 38.915121,-87.526327
 38.917249,-87.527443
 38.919228,-87.527679
 38.920521,-87.527035
 38.921223,-87.526242
 38.921448,-87.525737
 38.921623,-87.524589
 38.921389,-87.522229
 38.921581,-87.521049
 38.922316,-87.519547
 38.923059,-87.518892
 38.924904,-87.518495
 38.928092,-87.518742
 38.929002,-87.518452
 38.931622,-87.516993
 38.932999,-87.516639
 38.933801,-87.516714
 38.935169,-87.517583
 38.938891,-87.52122
 38.939734,-87.521714
 38.940652,-87.521843
 38.941103,-87.521735
 38.941929,-87.521178
 38.943064,-87.519332
 38.944966,-87.51695
 38.947202,-87.514848
 38.948796,-87.513624
 38.950098,-87.512959
 38.952342,-87.512251
 38.953736,-87.512144
 38.954645,-87.512326
 38.955855,-87.513238
 38.956163,-87.513667
 38.957298,-87.516285
 38.959,-87.519321
 38.960769,-87.521853
 38.962871,-87.524225
 38.964965,-87.525523
 38.966325,-87.525963
 38.969536,-87.527422
 38.970996,-87.528559
 38.97203,-87.529739
 38.973048,-87.532432
 38.974624,-87.538097
 38.975667,-87.542614
 38.978619,-87.548515
 38.980688,-87.557967
 38.981355,-87.560209
 38.982456,-87.56258
 38.982814,-87.563696
 38.986067,-87.575326
 38.986918,-87.576721
 38.988469,-87.578062
 38.988877,-87.578319
 38.989803,-87.578448
 38.990645,-87.577976
 38.991221,-87.577053
 38.991512,-87.574693
 38.991321,-87.572923
 38.989611,-87.568374
 38.988986,-87.56611
 38.988794,-87.56494
 38.988969,-87.56317
 38.989436,-87.56214
 38.990186,-87.561432
 38.991596,-87.56066
 38.992505,-87.560477
 38.993705,-87.561196
 38.994239,-87.562151
 38.994456,-87.56331
 38.994406,-87.5639
 38.994039,-87.565638
 38.99363,-87.566657
 38.993655,-87.567837
 38.994106,-87.569543
 38.99639,-87.575229
 38.997149,-87.576731
 38.997841,-87.577536
 38.999492,-87.57863
 39.000868,-87.578974
 39.001793,-87.57907
 39.002761,-87.578716
 39.004645,-87.576978
 39.008622,-87.573824
 39.009914,-87.573148
 39.012973,-87.571732
 39.019801,-87.569661
 39.021643,-87.569586
 39.023026,-87.569865
 39.033803,-87.574908
 39.034961,-87.575905
 39.038545,-87.579618
 39.039353,-87.580186
 39.040278,-87.580326
 39.041678,-87.58024
 39.042103,-87.580057
 39.043628,-87.578684
 39.046952,-87.574725
 39.048944,-87.57318
 39.050235,-87.572472
 39.051135,-87.572193
 39.052985,-87.571936
 39.055293,-87.572129
 39.057126,-87.572547
 39.058442,-87.574199
 39.0602,-87.577
 39.061241,-87.578191
 39.062041,-87.57892
 39.064115,-87.580304
 39.067972,-87.583587
 39.069988,-87.586087
 39.073378,-87.591687
 39.074161,-87.592353
 39.076335,-87.593404
 39.077584,-87.594284
 39.078933,-87.595507
 39.079783,-87.596655
 39.08069,-87.598758
 39.081448,-87.601579
 39.08154,-87.60277
 39.08119,-87.607094
 39.08124,-87.6113
 39.081806,-87.614186
 39.082731,-87.61616
 39.086312,-87.620001
 39.087744,-87.620816
 39.088644,-87.621074
 39.08911,-87.621084
 39.091383,-87.620419
 39.09364,-87.618316
 39.09603,-87.615312
 39.098061,-87.61425
 39.099443,-87.613982
 39.10085,-87.613993
 39.102566,-87.614851
 39.102932,-87.615216
 39.103465,-87.616096
 39.104306,-87.618767
 39.104447,-87.622962
 39.104247,-87.625333
 39.104447,-87.628337
 39.104863,-87.632253
 39.105455,-87.63515
 39.105871,-87.638744
 39.105471,-87.641094
 39.104422,-87.644806
 39.104306,-87.647188
 39.104863,-87.649269
 39.106762,-87.65267
 39.109118,-87.654601
 39.110941,-87.65502
 39.111873,-87.654923
 39.112331,-87.654837
 39.113172,-87.654344
 39.113929,-87.6537
 39.116385,-87.650986
 39.116377,-87.649848
 39.115669,-87.647703
 39.115311,-87.644752
 39.114953,-87.643669
 39.114296,-87.640171
 39.114329,-87.636352
 39.114812,-87.634678
 39.115736,-87.633369
 39.11745,-87.632425
 39.118824,-87.632318
 39.120955,-87.633541
 39.12222,-87.634903
 39.123435,-87.638015
 39.122811,-87.640675
 39.123069,-87.641791
 39.12336,-87.642167
 39.125208,-87.642092
 39.126606,-87.642285
 39.127963,-87.642725
 39.128712,-87.64339
 39.129511,-87.64486
 39.13011,-87.646844
 39.130859,-87.651587
 39.132349,-87.655331
 39.132965,-87.656211
 39.134055,-87.657337
 39.134829,-87.658013
 39.136094,-87.658732
 39.137484,-87.658614
 39.138698,-87.657927
 39.142393,-87.654355
 39.144016,-87.653217
 39.144931,-87.653099
 39.145838,-87.653335
 39.147702,-87.653314
 39.149491,-87.652702
 39.150913,-87.6512
 39.153409,-87.646415
 39.154599,-87.644559
 39.156263,-87.64325
 39.156929,-87.642424
 39.157112,-87.641898
 39.157161,-87.639495
 39.156862,-87.637736
 39.156255,-87.63692
 39.153526,-87.634495
 39.15301,-87.632854
 39.152985,-87.631663
 39.153318,-87.629914
 39.154125,-87.628455
 39.154882,-87.627769
 39.155306,-87.627565
 39.155689,-87.627597
 39.156471,-87.627908
 39.15796,-87.629303
 39.158326,-87.630397
 39.158626,-87.632135
 39.159116,-87.638165
 39.159699,-87.640407
 39.160273,-87.641319
 39.161521,-87.64207
 39.162452,-87.642059
 39.163825,-87.64177
 39.165397,-87.641212
 39.167019,-87.640085
 39.168433,-87.637886
 39.168833,-87.636362
 39.168982,-87.634571
 39.168891,-87.629775
 39.16929,-87.625097
 39.169573,-87.623348
 39.170363,-87.620527
 39.170646,-87.620076
 39.170979,-87.619679
 39.172334,-87.619475
 39.173174,-87.619711
 39.174821,-87.620773
 39.175279,-87.62087
 39.17898,-87.621396
 39.181683,-87.621428
 39.183986,-87.621074
 39.185633,-87.619979
 39.18599,-87.619593
 39.186373,-87.618542
 39.185658,-87.615924
 39.184227,-87.613081
 39.184053,-87.610098
 39.18451,-87.607781
 39.185192,-87.606214
 39.185807,-87.605313
 39.188053,-87.60424
 39.191237,-87.603049
 39.192294,-87.60188
 39.193449,-87.600013
 39.195112,-87.59379
 39.197715,-87.588823
 39.200259,-87.585872
 39.200683,-87.585754
 39.202537,-87.585905
 39.203468,-87.585787
 39.205206,-87.584982
 39.208307,-87.580487
 39.211,-87.577193
 39.213993,-87.575562
 39.217833,-87.574682
 39.218756,-87.574564
 39.223784,-87.574618
 39.22779,-87.575272
 39.239092,-87.5776
 39.241785,-87.578459
 39.243039,-87.579178
 39.244834,-87.57877
 39.246346,-87.574446
 39.248523,-87.572225
 39.250708,-87.571507
 39.252553,-87.571635
 39.252985,-87.571828
 39.254222,-87.572612
 39.255136,-87.573974
 39.255469,-87.57509
 39.255626,-87.577461
 39.254978,-87.582192
 39.254181,-87.583845
 39.253533,-87.584714
 39.252777,-87.585368
 39.250201,-87.586763
 39.249429,-87.587353
 39.247626,-87.590218
 39.247227,-87.591301
 39.247177,-87.592471
 39.247543,-87.593554
 39.248598,-87.594552
 39.249005,-87.594842
 39.251257,-87.596118
 39.254106,-87.598178
 39.259564,-87.604262
 39.260387,-87.605088
 39.261201,-87.605517
 39.262123,-87.605571
 39.263037,-87.605377
 39.272248,-87.601515
 39.274092,-87.601343
 39.274981,-87.601815
 39.275271,-87.602245
 39.275587,-87.603382
 39.275977,-87.606654
 39.27616,-87.607201
 39.27714,-87.608467
 39.278809,-87.609476
 39.28204,-87.610012
 39.284772,-87.609712
 39.286516,-87.608843
 39.289231,-87.605603
 39.293582,-87.599927
 39.296306,-87.59762
 39.297186,-87.597352
 39.299452,-87.597964
 39.300407,-87.59894
 39.300938,-87.599884
 39.303163,-87.605281
 39.302748,-87.60821
 39.301005,-87.613767
 39.300889,-87.615935
 39.301403,-87.618188
 39.301877,-87.619207
 39.302508,-87.620087
 39.30323,-87.620816
 39.30367,-87.62102
 39.304591,-87.62117
 39.305513,-87.621095
 39.306849,-87.620623
 39.307248,-87.620355
 39.307804,-87.618735
 39.308211,-87.616385
 39.30856,-87.612759
 39.308983,-87.611268
 39.309846,-87.608489
 39.311091,-87.605968
 39.313748,-87.603886
 39.318612,-87.600549
 39.322148,-87.596666
 39.330198,-87.591881
 39.333783,-87.589102
 39.337301,-87.584842
 39.339683,-87.579778
 39.34038,-87.578223
 39.341093,-87.575991
 39.341425,-87.573642
 39.34121,-87.57053
 39.339733,-87.566121
 39.338911,-87.562054
 39.338861,-87.560842
 39.339301,-87.557935
 39.340405,-87.554641
 39.341558,-87.552034
 39.342172,-87.551132
 39.343325,-87.550296
 39.347466,-87.549523
 39.34959,-87.548343
 39.352178,-87.545779
 39.35295,-87.543622
 39.353024,-87.54124
 39.352526,-87.538408
 39.351738,-87.53682
 39.348287,-87.532904
 39.348005,-87.532454
 39.347905,-87.531885
 39.348171,-87.531649
 39.370875,-87.531692
 39.377502,-87.531413
 39.437386,-87.531359
 39.523111,-87.531949
 39.538196,-87.53181
 39.563618,-87.531853
 39.568713,-87.532035
 39.627507,-87.532228
 39.660892,-87.532486
 39.667028,-87.532722
 39.758268,-87.532969
 39.783938,-87.533194
 39.803665,-87.533065
 39.804514,-87.533237
 39.836882,-87.533129
 39.876283,-87.533269
 39.936198,-87.532743
 39.969433,-87.532775
 39.980146,-87.532486
 39.999282,-87.532293
 40.037209,-87.532314
 40.141754,-87.531542
 40.14451,-87.531745
 40.148307,-87.531434
 40.196847,-87.530791
 40.200052,-87.530576
 40.301589,-87.529353
 40.369501,-87.52813
 40.382578,-87.528108
 40.410425,-87.527529
 40.50512,-87.526177
 40.519998,-87.52637
 40.544135,-87.526349
 40.621518,-87.525984
 40.622495,-87.526124
 40.681354,-87.526306
 40.803805,-87.525898
 40.83206,-87.525662
 40.862901,-87.525963
 40.874998,-87.52592
 40.87954,-87.526102
 40.880554,-87.525963
 40.893637,-87.526413
 40.894051,-87.526381
 40.894327,-87.526059
 40.894765,-87.525973
 40.938618,-87.526124
 40.974593,-87.526006
 40.991172,-87.526242
 41.010046,-87.52622
 41.010929,-87.526349
 41.024828,-87.526467
 41.087309,-87.526392
 41.121457,-87.526714
 41.201325,-87.52652
 41.237673,-87.526585
 41.25346,-87.526757
 41.260525,-87.526649
 41.311227,-87.526778
 41.355495,-87.526413
 41.37932,-87.525362
 41.39896,-87.525297
 41.414539,-87.525727
 41.434169,-87.525737
 41.469953,-87.525673
 41.482669,-87.52534
 41.487693,-87.525415
