42.3179632538,-80.5198395252
42.3227308763,-80.5198287964
42.3234685959,-80.5191636086
42.3236510413,-80.518155098
42.3935283593,-80.0800323486
42.5126333499,-79.7665572166
42.5140357797,-79.762519598
42.4957068058,-79.7625768185
42.4448680101,-79.7623300552
42.3751905092,-79.7625660896
42.2721645849,-79.761954546
42.2435066271,-79.7618472576
42.2431571563,-79.7620403767
42.2418625089,-79.762147665
42.183567934,-79.7617506981
42.1554304677,-79.7617292404
42.1513700377,-79.7617828846
42.1501053256,-79.761954546
42.1338129379,-79.7619116306
42.1294447832,-79.7620618343
42.1184076857,-79.7617077827
42.020095211,-79.7618150711
42.0000301452,-79.7615897655
41.9989856636,-79.7611793876
41.9988182262,-79.7603988647
41.9988580924,-79.6950548888
41.9992288461,-79.6869707108
41.9993364839,-79.6780872345
41.998882012,-79.6570158005
41.9987703869,-79.6311271191
41.9990574226,-79.6249580383
41.9990414762,-79.6169757843
41.9988341727,-79.5750045776
41.9985551092,-79.5539009571
41.9984036171,-79.5516586304
41.998371724,-79.5379579067
41.9985471359,-79.5242786407
41.9982561113,-79.4720506668
41.9985551092,-79.4327831268
41.998706601,-79.3778514862
41.9987863333,-79.2544269562
41.9990574226,-79.2068660259
41.9993604034,-79.1934871674
41.9994560812,-79.1786974668
41.9994560812,-79.1486406326
41.9992647254,-79.1385555267
41.9995039201,-79.1225910187
41.9991251947,-78.9996385574
41.9975584439,-78.8748836517
41.9981046185,-78.7502306699
41.9998866297,-78.5952472687
41.9999663606,-78.5513019562
41.9995916246,-78.3926868439
41.9996474365,-78.3591270447
41.999392296,-78.3035945892
41.9989776906,-78.2706356049
42.0004527168,-78.1248629093
42.0002055526,-78.1118488312
41.9994241886,-78.0295372009
41.9987544404,-77.9971790314
41.998706601,-77.938041687
41.998371724,-77.9056835175
41.9984992964,-77.8403663635
41.9982600979,-77.8281784058
41.9982919911,-77.823189497
41.9985630825,-77.8171920776
41.9984514567,-77.7712619305
41.9987863333,-77.749890089
41.998642815,-77.7414894104
41.9988660656,-77.7079296112
41.9994401349,-77.6545000076
41.999392296,-77.5845050812
42.0000700106,-77.5045967102
42.0000700106,-77.396825552
41.9998587238,-77.3748636246
41.9999823067,-77.3563671112
41.9997112214,-77.3059415817
41.9997750063,-77.2604835033
41.9996275037,-77.248005867
41.9997909525,-77.1978807449
41.9994241886,-77.1711015701
41.999392296,-77.1250534058
41.999615544,-77.1060740948
42.0004527168,-77.064242363
42.0006002175,-77.0444101095
42.0003969056,-77.0312833786
42.0004766359,-77.0194602013
42.0009231234,-76.9962215424
42.0014174452,-76.9412899017
42.0016646046,-76.9333076477
42.0018081162,-76.9032669067
42.001576903,-76.9012498856
42.0021230431,-76.8352997303
42.0018958175,-76.8158912659
42.0016725775,-76.8145662546
42.0016566318,-76.8124580383
42.0015689301,-76.749984026
42.0016805504,-76.7486429214
42.0004766359,-76.618309021
42.00054042,-76.6056168079
42.0001417682,-76.5517795086
41.9997032483,-76.523809433
41.9993604034,-76.4858615398
41.998706601,-76.4451026917
41.9983876705,-76.3650226593
41.9983557774,-76.2512540817
41.9987544404,-76.1588573456
41.9986468016,-76.1493623257
41.9988979585,-76.1398887634
41.9989617442,-76.1295032501
41.9987863333,-76.0873603821
41.999033503,-75.9811019897
41.998610922,-75.8931791782
41.9986308551,-75.8904755115
41.998882012,-75.8878040314
41.9988341727,-75.8712387085
41.9983238842,-75.8328723907
41.9980208985,-75.7743358612
41.997797645,-75.7607638836
41.9979411652,-75.7553672791
41.9978614318,-75.7413768768
41.9983557774,-75.6748580933
41.9989617442,-75.6101417542
41.9992447924,-75.4840028286
41.9994241886,-75.4721260071
41.9992328327,-75.3794288635
41.9994321618,-75.3598594666
41.9993364839,-75.3592908382
41.9968408352,-75.3526282311
41.995923879,-75.3495597839
41.9951424624,-75.3461372852
41.9935078354,-75.3423768281
41.9929656083,-75.3414326907
41.9924313509,-75.3409230709
41.9889226822,-75.3390991688
41.9869290343,-75.3377580643
41.9862910534,-75.3376293183
41.9842282063,-75.3378617764
41.9826225413,-75.3385627269
41.9809955683,-75.3395497799
41.9774982332,-75.340488553
41.9745191657,-75.3423124551
41.9732070555,-75.3422534465
41.9726367383,-75.3418779373
41.9707861619,-75.3393352032
41.9703753584,-75.3354996443
41.9695178478,-75.3330802917
41.9685446589,-75.3294700385
41.9680181733,-75.3285527229
41.9672443916,-75.3277587891
41.9645241145,-75.3257203102
41.9620191229,-75.3227323294
41.9606628766,-75.3199803829
41.9571803815,-75.3187572957
41.9547588787,-75.3182637691
41.9541445121,-75.3179848195
41.9536498235,-75.3173947334
41.9521497757,-75.3151845932
41.9505379826,-75.3132373094
41.9490937179,-75.3105175495
41.9491814919,-75.3075563908
41.9482638493,-75.3038871288
41.9484154606,-75.3027445078
41.9490538204,-75.3013443947
41.9517149146,-75.3017306327
41.9526524552,-75.3016126156
41.9535540766,-75.300770402
41.9539929146,-75.300078392
41.9545274947,-75.2984583378
41.9547269637,-75.2960658073
41.9546711124,-75.2942848206
41.9544237704,-75.2934747934
41.9540088723,-75.2927720547
41.9525168119,-75.291506052
41.9490458408,-75.2918547392
41.9470509449,-75.2917206287
41.9451238155,-75.2909803391
41.9430450047,-75.2894997597
41.9422549588,-75.2870696784
41.9418080599,-75.2844786644
41.9404314317,-75.2825206518
41.9390428029,-75.2794522047
41.9385280451,-75.2790498734
41.9358943344,-75.278416872
41.9335677991,-75.2772849798
41.929780514,-75.2769899368
41.9266675082,-75.2765071392
41.9231392514,-75.2766466141
41.9216065537,-75.2762818337
41.9192914729,-75.2751874924
41.9113437183,-75.2697372436
41.9083296204,-75.2680635452
41.9070440941,-75.2675807476
41.9045887465,-75.2673983574
41.9020933785,-75.2677631378
41.8970863773,-75.2727198601
41.8932370282,-75.2725696564
41.8877181578,-75.2713787556
41.8872149669,-75.2709281445
41.8859929143,-75.2677738667
41.8852061557,-75.2635359764
41.8848187633,-75.2624845505
41.883700504,-75.2606391907
41.8804055197,-75.2588152886
41.8774538688,-75.2576780319
41.8765751371,-75.2576780319
41.8759280629,-75.2578657865
41.8753209263,-75.2582573891
41.8732997578,-75.2614223957
41.872468903,-75.2624309062
41.8717778474,-75.2631819249
41.8707592261,-75.2637827396
41.8703198157,-75.2638792992
41.8694809329,-75.2639436722
41.8682585412,-75.2637076378
41.8659455201,-75.2625864744
41.8644673801,-75.2612453699
41.8631929564,-75.259566307
41.8622261353,-75.257935524
41.86209829,-75.2573668957
41.8619704445,-75.2561330795
41.862026377,-75.2523994446
41.8622101546,-75.2506399155
41.862569718,-75.2495348454
41.8633207995,-75.248054266
41.8667325161,-75.2435588837
41.8670521055,-75.2427864074
41.8671359976,-75.2416169643
41.8668164084,-75.2405440807
41.865502082,-75.238494873
41.8643195642,-75.2371323109
41.8617986516,-75.2347934246
41.8594774066,-75.2315962315
41.8592296956,-75.2308022976
41.8593495559,-75.2296543122
41.8591417979,-75.2289032936
41.8581589337,-75.2276909351
41.8578392998,-75.2269077301
41.8575236598,-75.2257865668
41.8574557371,-75.2243006229
41.8576235461,-75.2232277393
41.8585105289,-75.2224498987
41.8601965619,-75.2204811573
41.8631929565,-75.218142271
41.8656139406,-75.2165973186
41.8671479821,-75.2153635025
41.8675274917,-75.2146500349
41.8692891867,-75.2094894648
41.869600774,-75.2077782154
41.8698590973,-75.2042376995
41.8693131551,-75.2024352551
41.8688577557,-75.1981168986
41.8671879306,-75.1942169666
41.8663649863,-75.1927900314
41.8649507758,-75.1913523674
41.8625936889,-75.1902902126
41.8613312133,-75.1889705658
41.8602524961,-75.1872754097
41.8600207693,-75.1864439249
41.8599688304,-75.1852583885
41.8602205338,-75.1844644547
41.8606680039,-75.1837939024
41.8622341252,-75.1822596789
41.8653582634,-75.1806342602
41.8692891868,-75.1795506477
41.8700322,-75.1790463924
41.871837766,-75.177179575
41.8723251002,-75.1765787601
41.8726686288,-75.1752054691
41.8720774391,-75.1720190049
41.871717929,-75.1709300279
41.870831129,-75.1696157456
41.8698404554,-75.1689291001
41.8681466868,-75.1682424545
41.8665966901,-75.1681137085
41.860236515,-75.1688432693
41.8589020763,-75.1686394215
41.8577553953,-75.1682156324
41.8551143563,-75.1666009426
41.8538477374,-75.1661771535
41.8531005403,-75.165656805
41.8518858269,-75.1645088196
41.850447321,-75.1626205444
41.8499038769,-75.161665678
41.8489967946,-75.1592677831
41.8483933979,-75.1569235325
41.8482974932,-75.155121088
41.848769023,-75.1522135735
41.8517020197,-75.1439738274
41.8521415581,-75.1413452625
41.8521095918,-75.140465498
41.8518858271,-75.1399612427
41.8507430159,-75.1387837529
41.8500557219,-75.1378047466
41.8485532386,-75.135358572
41.8457479754,-75.1320165395
41.8452244728,-75.1310777664
41.8449247555,-75.1278376579
41.8455241887,-75.1244151592
41.845863865,-75.1200807095
41.8457799452,-75.1185894012
41.8452364613,-75.1166850328
41.8447089582,-75.115724802
41.843709887,-75.1145231724
41.8426948143,-75.1139116288
41.8411681795,-75.1134502888
41.8375872379,-75.1133000851
41.8360364999,-75.1134663821
41.8333505974,-75.1140403748
41.8302968449,-75.1149737835
41.8272429462,-75.1151186228
41.8256919582,-75.1148235798
41.8227417787,-75.1132142544
41.8219342533,-75.111079216
41.8210747471,-75.1079893112
41.8192997308,-75.1027590036
41.8190718534,-75.1015841961
41.8187160433,-75.1008224487
41.8177125685,-75.0992238522
41.8156416024,-75.0969493389
41.8135545766,-75.0938057899
41.8121631883,-75.0911343098
41.8116114224,-75.0895357132
41.8115234593,-75.0877439976
41.8116873905,-75.0856786967
41.8120512361,-75.084605813
41.8135545766,-75.0823581219
41.8147380325,-75.0799655914
41.8150898666,-75.0782382488
41.8152497905,-75.0758564472
41.8151138552,-75.0746655464
41.8145541185,-75.073056221
41.8136625275,-75.0721871853
41.812435071,-75.0718224048
41.8104678927,-75.071747303
41.8082607425,-75.072208643
41.8017428081,-75.0746440887
41.7994953664,-75.0759583711
41.7982476426,-75.0772190094
41.7974917979,-75.0783079862
41.7965199847,-75.0813174248
41.7966239654,-75.0836992264
41.7972318494,-75.085952282
41.7975077948,-75.0880014896
41.7973438274,-75.0897878408
41.7963840097,-75.0928080082
41.7957601204,-75.0936126709
41.7923846143,-75.0964450836
41.789480897,-75.1001679897
41.7885369602,-75.1009726524
41.7863450545,-75.1023674011
41.781821011,-75.1035743951
41.7793848561,-75.1039659977
41.7767605852,-75.104008913
41.7743402398,-75.1045829057
41.7730120116,-75.1044112444
41.7715303916,-75.1036584377
41.7694512645,-75.101594925
41.7690951791,-75.1008439064
41.768919136,-75.0999855995
41.7683910039,-75.0955331326
41.768407008,-75.0925397873
41.7691671965,-75.0884306431
41.7713836947,-75.0785279274
41.7716157425,-75.0767683983
41.7714757138,-75.0759100914
41.770575522,-75.0743222237
41.7689311388,-75.0728040933
41.7685750505,-75.0720584393
41.7675027721,-75.0692796707
41.7668305884,-75.0654923916
41.7645659178,-75.0607073307
41.7601563828,-75.0578856468
41.7567549919,-75.0563514233
41.7536415607,-75.0540983677
41.7519687294,-75.053293705
41.7448126811,-75.0528377295
41.7392730005,-75.053948164
41.7362267724,-75.0547206402
41.7351099199,-75.054795742
41.7299056898,-75.0540983677
41.7270311723,-75.0534921885
41.7219944524,-75.051984787
41.7198082808,-75.0517702103
41.7171014888,-75.0503486394
41.7151393943,-75.0497317314
41.7131291861,-75.0499463081
41.7121240581,-75.0505793095
41.7115714316,-75.0514644384
41.7114232628,-75.0523281097
41.7129449806,-75.0616943836
41.7129409761,-75.0640976429
41.7125805724,-75.0664365291
41.7118717729,-75.0675415993
41.7102619277,-75.0685715675
41.7080353092,-75.0687754154
41.7063692996,-75.0680351257
41.7054962293,-75.0673270226
41.6994925482,-75.059671998
41.6955992681,-75.0566893816
41.6906682428,-75.0538247824
41.6884729942,-75.0527787209
41.6849075579,-75.0521671772
41.682327501,-75.0512230396
41.681013395,-75.0511264801
41.679779393,-75.051394701
41.6788378493,-75.0521886348
41.6744424624,-75.0587117672
41.6736651248,-75.0590980053
41.6721825477,-75.059312582
41.6708522061,-75.0590443611
41.6698103532,-75.0584971905
41.6694897797,-75.0581538677
41.6689528154,-75.0572097301
41.6686322376,-75.0548601151
41.6680952663,-75.053948164
41.6633665189,-75.0504827499
41.6619077501,-75.0497639179
41.6588298006,-75.0489377975
41.6567082812,-75.048712492
41.6499478096,-75.0491094589
41.6482482276,-75.0490772724
41.6475266934,-75.0488197803
41.6461437299,-75.0478380918
41.6452818682,-75.0477844477
41.6435100052,-75.0489914417
41.6423955499,-75.0492167473
41.640832074,-75.0492489338
41.6381780859,-75.0487017632
41.6361574544,-75.0488090515
41.6343612839,-75.048712492
41.6318433536,-75.0481116772
41.6285153648,-75.0461804867
41.6255320578,-75.0448286533
41.6238117816,-75.0436645746
41.6230057624,-75.0436162949
41.6206237358,-75.0443780422
41.6186105746,-75.044195652
41.6179448537,-75.0442707539
41.6168780826,-75.044721365
41.6165331827,-75.0450861454
41.6161361445,-75.0457406044
41.6158834827,-75.0466346741
41.6158353566,-75.0475752354
41.6161401551,-75.0486266613
41.6178806878,-75.0513625145
41.6186185953,-75.0535297394
41.6185544298,-75.0559222698
41.6180571447,-75.0582289696
41.6174716268,-75.0600743294
41.6166053712,-75.061404705
41.6157671777,-75.0616353751
41.6152016917,-75.0615441799
41.6120693707,-75.0598651171
41.6114236369,-75.0596344471
41.6108099827,-75.0598114729
41.6099556706,-75.0615227222
41.6096027119,-75.063239336
41.6101241274,-75.0679707527
41.6096668864,-75.0710821152
41.6088486575,-75.0731956959
41.6079662421,-75.0745260715
41.6074488199,-75.0747030974
41.6058804851,-75.0746440887
41.6045006396,-75.0731742382
41.60174086,-75.0694084167
41.5998233852,-75.0673592091
41.5977213186,-75.0656962395
41.5947245513,-75.0636416673
41.5910910689,-75.0603067875
41.5907085854,-75.0598275661
41.589175953,-75.0567376614
41.5877957503,-75.0529611111
41.5832537121,-75.0468027592
41.5821061148,-75.0461268425
41.5808060148,-75.0456440449
41.5742248606,-75.043669939
41.5697220015,-75.0404834748
41.5683654637,-75.0389117002
41.5670088977,-75.0369000435
41.5652027743,-75.0333809853
41.5646970506,-75.0314497947
41.5646488863,-75.0296580791
41.564363913,-75.0285583734
41.5636133438,-75.0274586678
41.5592943909,-75.0245940685
41.5523256574,-75.0189292431
41.5515147305,-75.018441081
41.5499891976,-75.0179207325
41.5467212231,-75.0164401531
41.5451795174,-75.0160217285
41.5442962317,-75.0161504745
41.5434852043,-75.0166547298
41.5427464377,-75.0177276135
41.5414455457,-75.0228130817
41.5402490231,-75.0243473053
41.5396748447,-75.0247818231
41.5383538141,-75.0250339508
41.5352097334,-75.0247496367
41.5340010489,-75.0241273641
41.5331336733,-75.0228989124
41.5326598242,-75.0209033489
41.5321859717,-75.0170624256
41.5313828239,-75.0149166584
41.5281299732,-75.0090801716
41.5265878239,-75.006891489
41.5237283248,-75.0035655499
41.5204148424,-75.0012481213
41.518643566,-75.0009262562
41.5172297236,-75.0010871887
41.5143698106,-75.0026589632
41.5111643093,-75.0037050247
41.5093887626,-75.0037050247
41.5083041287,-75.0032436848
41.5078622355,-75.0026160479
41.5076051327,-75.0017952919
41.5074203394,-75.0003254414
41.5074444429,-74.999434948
41.5087540531,-74.9937808514
41.5087138814,-74.9876010418
41.5086415723,-74.9871075153
41.5078381322,-74.9855518341
41.5067534723,-74.9844789505
41.5050501178,-74.9837064743
41.5011209832,-74.9824297428
41.4989594557,-74.9821937084
41.4965045476,-74.9824780225
41.4908591125,-74.9847471714
41.4890990826,-74.9852406979
41.4868567834,-74.9855411053
41.4857356043,-74.9855464697
41.4837865561,-74.9850261211
41.4819700701,-74.9841034412
41.4809814307,-74.9833953381
41.4805031808,-74.9827730655
41.4799123968,-74.9814641476
41.4788272692,-74.9756598473
41.4772919836,-74.9690723419
41.4767895916,-74.9652421474
41.4764318862,-74.9578607082
41.4764801162,-74.9572598934
41.4769503573,-74.9559080601
41.4805715025,-74.9481940269
41.481037695,-74.9475717544
41.482588967,-74.946386218
41.4832118768,-74.9455493688
41.4835373952,-74.9441385269
41.4835373952,-74.9417459965
41.4829185073,-74.9353730679
41.4824684034,-74.9330610037
41.4812547148,-74.9309313297
41.4784494798,-74.9270260334
41.4771754289,-74.9241507054
41.4768739937,-74.9221122265
41.4771231803,-74.9191296101
41.4770427976,-74.9173271656
41.4763394451,-74.9141299724
41.4756119696,-74.9125528336
41.4739399506,-74.910364151
41.4721714224,-74.9090766907
41.4682000964,-74.9081647396
41.4649762295,-74.9081593752
41.4640797893,-74.907976985
41.4610808453,-74.9067753553
41.4604818441,-74.9059063197
41.459701928,-74.9037712813
41.4582305142,-74.8952150345
41.4568957603,-74.8920178413
41.4559549835,-74.8907625675
41.4551428489,-74.8902690411
41.453655249,-74.8895555735
41.4521274089,-74.8890459538
41.4509051106,-74.889228344
41.4501210583,-74.8900061846
41.4487821168,-74.8920285702
41.446819894,-74.8943352699
41.4454245885,-74.895311594
41.4439166605,-74.8959231377
41.4422840373,-74.8963630199
41.4409409124,-74.8963522911
41.4402894464,-74.8961538076
41.4395856953,-74.8954725266
41.438958345,-74.894002676
41.43862456,-74.8926079273
41.4381902347,-74.8899847269
41.4382224071,-74.8890888691
41.4396621031,-74.880130291
41.4402974895,-74.8769384622
41.4410816602,-74.874792695
41.4417773527,-74.8714613914
41.4433456492,-74.8670625687
41.4439649148,-74.8648095131
41.4443429052,-74.862459898
41.4443911591,-74.8586028814
41.44377994,-74.8560333252
41.4429676529,-74.8537614941
41.4402492325,-74.8487484455
41.4393323431,-74.8474287987
41.4379167692,-74.8459374905
41.436629857,-74.844263792
41.4343696556,-74.8406589031
41.4321978578,-74.8378479481
41.4313934698,-74.836410284
41.4308303923,-74.8347902298
41.4305408076,-74.8303109407
41.4308062603,-74.8282456398
41.431224547,-74.8269474506
41.4316267431,-74.8262339831
41.4323346024,-74.8255151511
41.435302702,-74.8239970207
41.4366821381,-74.8229724169
41.4392036559,-74.819984436
41.4405186668,-74.8179459572
41.4419140774,-74.8150813579
41.4427746328,-74.8128819466
41.4430185888,-74.8110079766
41.4428791855,-74.8078072071
41.4423483779,-74.8061978817
41.4415682434,-74.8049747944
41.4342248714,-74.8002326488
41.4326563541,-74.8000609875
41.4307177762,-74.7992885113
41.4256257158,-74.7966063023
41.4244431423,-74.7957587242
41.4228180742,-74.7940313816
41.4221905617,-74.7924542427
41.4216998105,-74.7904640436
41.4217842844,-74.7874814272
41.4224238683,-74.7843003273
41.4230352886,-74.7825086117
41.4244994558,-74.7794830799
41.4253280633,-74.7773587704
41.4263457075,-74.7731423378
41.4261566602,-74.770513773
41.4244431422,-74.7666567564
41.4235903889,-74.7635507584
41.4232042327,-74.7602570057
41.4233932886,-74.758180976
41.4240730809,-74.7562873363
41.4254406887,-74.7539055347
41.4279183991,-74.7507834435
41.4303115521,-74.7446894646
41.4307338642,-74.7433054447
41.4311360635,-74.7409665585
41.4305247194,-74.7383540869
41.42921755,-74.7367233038
41.4274116024,-74.7355163097
41.4257946531,-74.7349154949
41.4230916033,-74.7347545624
41.422431913,-74.7348403931
41.4187391349,-74.7361922264
41.4141369469,-74.7383433581
41.413324289,-74.7388637066
41.4115702006,-74.7408753633
41.4099769967,-74.7415423393
41.4079653196,-74.7416853905
41.4055351312,-74.7410738468
41.4048913571,-74.7408217192
41.4013987731,-74.7386920452
41.398421076,-74.736084938
41.3970287547,-74.7337245941
41.3957329837,-74.7305703163
41.3950891128,-74.7266435623
41.3946705932,-74.720968008
41.3926021013,-74.71606493
41.3896561976,-74.7133505344
41.3862271908,-74.7118592262
41.3820010531,-74.7103089094
41.3791311479,-74.7085762024
41.3767200081,-74.7056365013
41.3750937459,-74.7032707929
41.3706494964,-74.695379734
41.3698846037,-74.6942961216
41.3672597464,-74.691093564
41.3658184457,-74.6902513504
41.3638657938,-74.6895539761
41.3618406114,-74.6897256374
41.3614299304,-74.6898972988
41.360230083,-74.6912384033
41.3590221605,-74.6936953068
41.3576732872,-74.6956586837
41.3573149252,-74.6950793266
41.3569827335,-74.6957767009
41.3573954562,-74.6962702274
41.3565418228,-74.6962702274
41.3561311083,-74.6969783306
41.3546492938,-74.7003471851
41.3539486414,-74.704735279
41.3528332194,-74.7082006931
41.3509244748,-74.7122079134
41.3475014804,-74.7206890583
41.346333594,-74.726471901
41.3460073876,-74.7300231457
41.3465067648,-74.7359883785
41.3464262203,-74.7416210175
41.3461604229,-74.7439920902
41.3465148192,-74.7487771511
41.346385948,-74.7519958019
41.3460597418,-74.7540450096
41.3450690312,-74.7559708357
41.343566828,-74.7569954395
41.3411422871,-74.7596561909
41.3401635844,-74.7604233026
41.3391123696,-74.7609436512
41.3335136579,-74.7626388073
41.3318057536,-74.7633898258
41.3312095875,-74.7638136148
41.3302750467,-74.7646558285
41.3285992842,-74.7666621208
41.3254893412,-74.7710394859
41.3246272326,-74.772734642
41.3244338608,-74.7739362717
41.3243291175,-74.7760283947
41.3244419179,-74.7784262896
41.3242243741,-74.7817146778
41.3239343144,-74.7849547863
41.3233300192,-74.7887796163
41.3226370872,-74.7916334868
41.3221455843,-74.792625904
41.3207758033,-74.7946107388
41.320002267,-74.7953939438
41.3194167367,-74.7957265377
41.3183101244,-74.795769453
41.3178911109,-74.7955870628
41.3155784301,-74.7934949398
41.3141964229,-74.7924864292
41.3122180474,-74.7919714451
41.311557232,-74.7920680047
41.3105821149,-74.7926580906
41.3091637363,-74.7948145866
41.3077050306,-74.7983658314
41.3032803592,-74.806637764
41.3020955601,-74.8082149029
41.2981057724,-74.8121416569
41.2961309386,-74.8157948256
41.2950064657,-74.8191797733
41.293527291,-74.8223018646
41.2921206329,-74.8242437839
41.2896699931,-74.8268938065
41.2885534708,-74.828556776
41.2875215773,-74.8297154903
41.2841516864,-74.8318397999
41.2796206016,-74.8352301121
41.2791126493,-74.8357987404
41.2785361585,-74.8370325565
41.2778870967,-74.8378962278
41.2771936817,-74.8384058475
41.2715090135,-74.8407769204
41.2631867348,-74.8462378979
41.2625375198,-74.8464900255
41.2614447282,-74.8464417458
41.2595292734,-74.8454815149
41.2577670058,-74.845084548
41.2549037239,-74.8459267616
41.2532824859,-74.8469781876
41.2523952242,-74.8476433754
41.2513466267,-74.8487591743
41.2511248058,-74.8495048284
41.2504633718,-74.8547029496
41.2500156901,-74.8560547829
41.2491283838,-74.8569720983
41.2455185372,-74.8592466116
41.2417713459,-74.8615586758
41.2404563494,-74.8618590832
41.238197398,-74.8618805408
41.2373341352,-74.8622024059
41.2362691599,-74.8628997803
41.233816423,-74.8650348187
41.2320010162,-74.8662149906
41.2291446733,-74.8671483994
41.2279343214,-74.8673844337
41.2270951307,-74.8669874668
41.2265544924,-74.8664617539
41.2221404583,-74.8606789112
41.2206475274,-74.8594450951
41.2202036764,-74.8593699932
41.2192191237,-74.8595845699
41.2173185719,-74.8605179786
41.2087593534,-74.8672771454
41.2032059562,-74.8711395264
41.1982575465,-74.8741865158
41.1904870623,-74.8782205582
41.1875602776,-74.8784995079
41.1871323504,-74.878692627
41.1812056759,-74.8819327354
41.1802932109,-74.8826354742
41.1737925405,-74.8892068863
41.1674931387,-74.8981118202
41.1661524186,-74.8997104168
41.1649732084,-74.9006009102
41.1639151315,-74.9011212587
41.1613546775,-74.9018132687
41.1563869492,-74.9046456814
41.1443174359,-74.9170482159
41.1424510677,-74.9200361967
41.1419178101,-74.9205887318
41.1383222468,-74.9230456352
41.1379747999,-74.9234211445
41.1343628592,-74.9292898178
41.1332477231,-74.9315482378
41.131728522,-74.9362313747
41.1296759282,-74.9415528774
41.1291021603,-74.9441385269
41.1286334447,-74.9455332756
41.1278293469,-74.9465578795
41.126443367,-74.9475824833
41.1260231224,-74.9477005005
41.1246977178,-74.9473571777
41.1242532163,-74.9474000931
41.1231783185,-74.9484407902
41.1215578565,-74.9510586262
41.1190038304,-74.9566966295
41.1165103263,-74.9603390694
41.114812911,-74.9631500244
41.1138186902,-74.9654996395
41.1138267734,-74.9696463346
41.1132245755,-74.9731439352
41.1102983809,-74.9800211191
41.109833573,-74.9806809425
41.108394668,-74.9820756912
41.1061109474,-74.983368516
41.1039241607,-74.9843287468
41.1003588546,-74.9869465828
41.0961061048,-74.9890065193
41.0927303893,-74.9915707111
41.0904865545,-74.9919730424
41.0895970854,-74.9918818474
41.0889825363,-74.9916136265
41.0885943968,-74.9908947945
41.0882466867,-74.9888670444
41.0885377931,-74.9849885702
41.0890027518,-74.983304143
41.0898477555,-74.9813890457
41.0915053867,-74.9793827534
41.0931548902,-74.9769151211
41.0942141085,-74.9749624729
41.0955886411,-74.9718672037
41.0959767393,-74.9703061581
41.0959726966,-74.9689382315
41.095370335,-74.9675703049
41.0949984042,-74.9672484398
41.0945941293,-74.9669909477
41.0934783172,-74.9667870998
41.0925767598,-74.9668246508
41.0901307687,-74.9674201012
41.088125392,-74.9682462215
41.0867911355,-74.9691581726
41.0853436392,-74.9709284306
41.0792783628,-74.9823331833
41.0782431664,-74.9896126985
41.0772969179,-74.9930405617
41.0762536024,-74.9953579903
41.073997073,-74.9994778633
41.0708750085,-75.0028789043
41.0687719799,-75.0047028065
41.0678175062,-75.0060009956
41.0675141749,-75.0067520142
41.0674130641,-75.0076425076
41.0675101304,-75.010920167
41.0673402642,-75.0117838383
41.0668751519,-75.0124061107
41.0661107431,-75.0130283833
41.063574784,-75.0140154362
41.0625029378,-75.0147342682
41.0609901887,-75.0152921677
41.0580778477,-75.0159144402
41.055157287,-75.0174915791
41.0527220389,-75.0194442272
41.0484742973,-75.0239396095
41.0465809299,-75.0257205963
41.0443881154,-75.0265091657
41.0408114872,-75.0254738331
41.0399739452,-75.0257688761
41.0395571935,-75.0266593694
41.0385294643,-75.0303125381
41.0371173217,-75.0336706639
41.0365245361,-75.0347515941
41.0320592561,-75.0402849913
41.0306226949,-75.0429725647
41.0297809767,-75.0466132164
41.0271181628,-75.051856041
41.0242528871,-75.0589263439
41.0186312424,-75.0705832243
41.017623424,-75.074236393
41.0171296278,-75.0751805305
41.0168382053,-75.0809848309
41.0157777404,-75.0849437714
41.0153810736,-75.0875616073
41.0149520229,-75.0885862112
41.0138793845,-75.0896376372
41.012369566,-75.0918102264
41.0085806996,-75.0960588455
41.0078277579,-75.0975608826
41.0068643038,-75.1002752781
41.0044353655,-75.1083648205
41.0040507752,-75.1090782881
41.0021844692,-75.1107144355
41.001127817,-75.1132625341
40.9999577878,-75.1151239872
40.9965083071,-75.1226663589
40.9953503424,-75.1244473457
40.9939838364,-75.1270839572
40.992787362,-75.1286745072
40.9906615917,-75.1309221983
40.9900542165,-75.131303072
40.988519556,-75.1316571236
40.9851707143,-75.1315176487
40.9816070682,-75.1324081421
40.9803759457,-75.1329767704
40.9768606405,-75.1355409622
40.9738635734,-75.1355516911
40.9724459943,-75.1348972321
40.9708299167,-75.1336044073
40.9698456697,-75.1323652267
40.9692137999,-75.1311314106
40.9689707713,-75.1296937466
40.9690922857,-75.1285028458
40.9695175842,-75.1267969609
40.970096796,-75.1229345798
40.9698699723,-75.1221728324
40.969416323,-75.1215183735
40.9683064888,-75.1204776764
40.9672290403,-75.1200377941
40.9658194203,-75.1192009449
40.9632836481,-75.1182889938
40.9598160447,-75.118085146
40.9581875045,-75.11906147
40.9575150106,-75.119034648
40.9546953252,-75.1184821129
40.9531963049,-75.117816925
40.9497443784,-75.1139599085
40.9481723144,-75.1118141412
40.9474632527,-75.1112133264
40.939719803,-75.1062190533
40.9372073431,-75.1057684422
40.9355052996,-75.1049852371
40.9301881576,-75.1003932953
40.9267350282,-75.0977647305
40.924457161,-75.0957906246
40.9190945407,-75.0879800319
40.9157908203,-75.0822508335
40.9141733561,-75.0797188282
40.9136017615,-75.0790965557
40.9116315465,-75.0778090954
40.909920736,-75.0769937038
40.9070463122,-75.0761193037
40.9035311566,-75.075802803
40.9003766823,-75.0752341747
40.8961353397,-75.0758886337
40.895470324,-75.075867176
40.8937753159,-75.0750625134
40.8923722382,-75.0740647316
40.8916666329,-75.0733244419
40.88930645,-75.070502758
40.8854740146,-75.0652563572
40.8821726704,-75.0620645285
40.8775123848,-75.0584757328
40.8737644493,-75.0538247824
40.873196562,-75.0533366203
40.8704625212,-75.0516414642
40.8682719619,-75.0509011745
40.8655539451,-75.0510621071
40.8633713374,-75.0517058372
40.8597605456,-75.0534653663
40.8588517313,-75.0543558598
40.8572450465,-75.0576066971
40.856084639,-75.0591945648
40.8541695163,-75.0598275661
40.8529684788,-75.0606107712
40.8517836501,-75.0628101826
40.8513210745,-75.0633251667
40.8497426114,-75.0634109974
40.8489188743,-75.063893795
40.848350774,-75.0643658638
40.8476528152,-75.0659000874
40.8473444125,-75.0681531429
40.8473849919,-75.0706100464
40.8491379977,-75.0740647316
40.849697976,-75.0757062435
40.8498602876,-75.0768864155
40.8496087044,-75.0809955597
40.8494869702,-75.0875937939
40.8492110387,-75.0905764103
40.8481965743,-75.0938111543
40.8469061535,-75.095897913
40.8450638106,-75.0970137119
40.8430672056,-75.0975608826
40.8412491061,-75.0975716114
40.8394796579,-75.0970458984
40.8384975126,-75.0963807106
40.8369228027,-75.0946855545
40.8328153945,-75.0893104076
40.8311593712,-75.0868266821
40.8297265529,-75.0852227211
40.8279365017,-75.0839245319
40.8272789193,-75.0837314128
40.8265969758,-75.083656311
40.8250219832,-75.0838494301
40.8241451672,-75.084117651
40.8218718867,-75.085490942
40.8202643051,-75.0871700048
40.8182628931,-75.08859694
40.8159691115,-75.0905281305
40.8134113501,-75.0946640968
40.811620858,-75.0969493389
40.8101510757,-75.0983655453
40.8087665277,-75.0994062424
40.8073494669,-75.100312829
40.8054694809,-75.100736618
40.8024971259,-75.1002001762
40.801360124,-75.1002806425
40.8000444264,-75.1007151604
40.7980911361,-75.1022064686
40.7940990978,-75.1062619686
40.7920603446,-75.1076030731
40.7910043921,-75.1087081432
40.7900215288,-75.1110684872
40.7894772926,-75.116314888
40.7868860167,-75.122795105
40.786422988,-75.123449564
40.7836366248,-75.1261585951
40.7756383828,-75.1317751407
40.774374987,-75.1330518723
40.7739849948,-75.1337438822
40.7737656234,-75.1345860958
40.7736681247,-75.1395213604
40.7744481102,-75.1448214054
40.7748787233,-75.149885416
40.7753012088,-75.1519131661
40.7770317468,-75.157148838
40.7784047707,-75.1639616489
40.7785347597,-75.1666653156
40.7784453923,-75.1694869995
40.777795444,-75.171380639
40.775918683,-75.1734995842
40.7731075045,-75.1754951477
40.7688011333,-75.1768255234
40.7647301371,-75.1774156094
40.7639703526,-75.1776516438
40.7618575374,-75.1791214943
40.7595618066,-75.1826298237
40.7570181254,-75.1893460751
40.7560042827,-75.1914596558
40.7536616173,-75.1946085691
40.7520036189,-75.1961910725
40.7514021774,-75.1965612173
40.7502886846,-75.1968240738
40.7480291303,-75.1966416836
40.7472325784,-75.1963627338
40.7455297133,-75.1953327656
40.7445664987,-75.1945495605
40.7425607718,-75.1923313737
40.739672989,-75.1882517338
40.7370675764,-75.185623169
40.7339783436,-75.1830750704
40.7331531689,-75.1825922728
40.7318320553,-75.1821684838
40.7305840873,-75.1822006702
40.7294783759,-75.1828336716
40.7272506369,-75.1849150658
40.7258521638,-75.1859182119
40.7238519716,-75.1863527298
40.722485952,-75.1861596107
40.7215589941,-75.185816288
40.7194610944,-75.1867926121
40.7189447406,-75.1873666048
40.7178429019,-75.1896357536
40.7163059891,-75.1920282841
40.715151248,-75.1934766769
40.7141591308,-75.194324255
40.7128173093,-75.1949679852
40.7097106854,-75.1958906651
40.7064575206,-75.1980364323
40.704920345,-75.1988732815
40.6946105915,-75.203025341
40.6914990507,-75.2038407326
40.6897662866,-75.2031809092
40.6862762169,-75.2014482021
40.6851128195,-75.2005577087
40.6814191019,-75.1970386505
40.6794257111,-75.19082129
40.6799505075,-75.1849687099
40.6798894848,-75.1834774017
40.6793606197,-75.1805591583
40.6788236139,-75.1791107655
40.6777292476,-75.1776140928
40.6771393404,-75.1771688461
40.6758130468,-75.1768255234
40.6740066412,-75.1770615578
40.6724253181,-75.1776123047
40.6663085263,-75.1824688911
40.6654865824,-75.1834666729
40.6646483515,-75.1852476597
40.6637612803,-75.1880264282
40.6625079668,-75.1901131868
40.6614255409,-75.1913845539
40.6597815217,-75.1930046082
40.6550282888,-75.1967489719
40.6538399275,-75.1975858212
40.6522771186,-75.1978057623
40.6502828569,-75.1997315884
40.6490699908,-75.2004504204
40.6481582917,-75.2005791664
40.6469860889,-75.2004933357
40.6463104348,-75.1997208595
40.6446823245,-75.1972156763
40.6431193016,-75.1954829693
40.6421993803,-75.1934230328
40.6416987095,-75.1928329468
40.6402373819,-75.1920068264
40.6382346186,-75.1911592484
40.6366470192,-75.1909446716
40.635100092,-75.1904940605
40.629856555,-75.1898396015
40.6242543086,-75.1885843277
40.6235702816,-75.188627243
40.6215425879,-75.189281702
40.6203414146,-75.1901909709
40.6200197414,-75.1906442642
40.6198731554,-75.1914918423
40.6198527961,-75.1944798231
40.6192216582,-75.1982831955
40.6184724285,-75.2004718781
40.6175928874,-75.201523304
40.6169983758,-75.2017861604
40.615866347,-75.2018129826
40.614233422,-75.2010941505
40.6127389147,-75.1998978853
40.6111344204,-75.198251009
40.6094810177,-75.1972317696
40.6069153117,-75.1959979534
40.6050011495,-75.1944315434
40.6034249787,-75.1927310229
40.6025859683,-75.1923072338
40.5996249112,-75.1921999454
40.5955924488,-75.1914489269
40.5940608637,-75.1908963919
40.5923255682,-75.1898503303
40.5907776145,-75.1893568039
40.588602271,-75.1893997192
40.5872986606,-75.1899254322
40.5859950244,-75.1909339428
40.5829395284,-75.1940667629
40.5802831703,-75.1952040195
40.5784823277,-75.1954293251
40.5771703711,-75.1949250698
40.5761924982,-75.1941686869
40.5727290847,-75.1903116703
40.5705368549,-75.1882517338
40.568181554,-75.1846253872
40.5670242478,-75.1820290089
40.5656346388,-75.1776945591
40.5644324612,-75.1728451252
40.564155346,-75.1700913906
40.5641227442,-75.1644337177
40.5658261702,-75.1572346687
40.5717185491,-75.1488876343
40.5725416478,-75.1474606991
40.5741715165,-75.1441669464
40.5754264883,-75.1396930218
40.5756546624,-75.1350688934
40.5743711727,-75.1271510124
40.573564395,-75.1190453768
40.5727779812,-75.1153063774
40.5711480786,-75.1110684872
40.5683853031,-75.1021742821
40.5676314284,-75.1003181934
40.5670772233,-75.0993794202
40.5647340264,-75.0961124897
40.5602430089,-75.0917994976
40.5557435387,-75.086440444
40.5542517999,-75.0849545002
40.5502410584,-75.0804054737
40.5480562444,-75.0782597065
40.5454474179,-75.0748693943
40.5445709924,-75.0731205941
40.5436293319,-75.0707066059
40.5424634481,-75.0689148903
40.541913111,-75.0683891773
40.5391042846,-75.0672090054
40.5263346654,-75.0651061535
40.5251929466,-75.0651276112
40.5223344856,-75.0656694173
40.5213680457,-75.0656855106
40.5137746853,-75.0652563572
40.5091415786,-75.0648272037
40.5042063161,-75.0648593903
40.5028521144,-75.0646448135
40.5011389284,-75.0638186932
40.4995970233,-75.0633090735
40.4970678968,-75.0628745556
40.4940328187,-75.062584877
40.4815647138,-75.0628530979
40.4806588908,-75.0626707077
40.4800631627,-75.0627672672
40.4789941028,-75.0632822513
40.4767171944,-75.0646233559
40.4751747285,-75.0659108162
40.4742361736,-75.0671982765
40.4734445129,-75.0677669048
40.472301893,-75.067986846
40.4712408718,-75.0679814816
40.4689637001,-75.0677454472
40.4665232042,-75.0670748949
40.4656171783,-75.0670105218
40.4618215314,-75.0683408976
40.4588991454,-75.0701862574
40.45802567,-75.070502758
40.4566582912,-75.0706475974
40.4555330742,-75.0703704357
40.4522702458,-75.0690436363
40.4481921675,-75.0671446323
40.447159342,-75.0665223598
40.4455263831,-75.0660127401
40.4421215373,-75.0656318665
40.4395167544,-75.0644946098
40.4382674026,-75.0641942024
40.4362381768,-75.0643068552
40.4336413324,-75.0632232427
40.4301991343,-75.0623166561
40.4255684252,-75.0621289014
40.4242167209,-75.0618606805
40.4218358587,-75.0609862804
40.4185196625,-75.0588458777
40.4173148465,-75.0575369596
40.4163264729,-75.0555253029
40.4154116016,-75.0527787209
40.414410947,-75.0475752354
40.4135777374,-75.0453597307
40.4107757905,-75.0418460369
40.4090194085,-75.0383269787
40.4074590492,-75.035623312
40.4064705309,-75.0349259377
40.4060007752,-75.0342875719
40.4048692635,-75.031889677
40.4038847919,-75.0282204151
40.4035048883,-75.0259566307
40.4036356081,-75.0234138966
40.4075366597,-75.0076854229
40.4075611682,-75.0041288138
40.4081983862,-75.0025838614
40.409762813,-75.0000143051
40.410334657,-74.9977612495
40.4103755028,-74.9959695339
40.4098526745,-74.9926435947
40.4084802309,-74.988437891
40.4073201675,-74.9865925312
40.4053676211,-74.9843260646
40.4047140366,-74.9833416939
40.4020832942,-74.9774944782
40.3993625738,-74.968675375
40.3981288172,-74.9665349722
40.3965518641,-74.9649310112
40.3953507402,-74.9640727043
40.3932099084,-74.9630212784
40.3896716669,-74.9617981911
40.388646114,-74.9613046647
40.3860515185,-74.9598240852
40.3797505253,-74.955650568
40.370269321,-74.9514877796
40.3651317493,-74.9489450455
40.3605660527,-74.9472498894
40.3552192577,-74.9458551406
40.3518670754,-74.9453508854
40.3488908513,-74.9453401566
40.3465195905,-74.9448788166
40.3442218402,-74.9442243576
40.3412739006,-74.9426203966
40.3379660039,-74.9396431446
40.3331980944,-74.9332380295
40.3291904999,-74.9265217781
40.3224752011,-74.917498827
40.3169944987,-74.9084544182
40.3156119826,-74.9032509327
40.3150556959,-74.8964059353
40.3131413804,-74.8919212818
40.3111942857,-74.888573885
40.310032547,-74.8867231607
40.3054672117,-74.8804306984
40.2954436636,-74.8684895039
40.2907464036,-74.8647451401
40.2844815181,-74.86045897
40.2819156529,-74.8591500521
40.2771519706,-74.8563873768
40.2697684175,-74.8531258106
40.2666166559,-74.8513448238
40.2618969246,-74.8481529952
40.2506754965,-74.8424077034
40.2501637122,-74.8418337107
40.2461962308,-74.8361957073
40.2415487818,-74.8240613938
40.2384325604,-74.8192763329
40.2333218104,-74.8050177097
40.2294639216,-74.795447588
40.2262693249,-74.7894823551
40.2216819482,-74.7815108299
40.2158162071,-74.7720050812
40.2148658437,-74.7707122564
40.2138499235,-74.770052433
40.2076762404,-74.7668713331
40.2037882117,-74.7643232346
40.1992566759,-74.7608685493
40.1980192601,-74.760106802
40.1965113854,-74.7593665123
40.1891518186,-74.7567808628
40.1869798561,-74.7557294369
40.1854143609,-74.7544848919
40.1838734191,-74.7519314289
40.1832135904,-74.7513788939
40.1824430989,-74.7492599487
40.1810127486,-74.7441852093
40.1775617504,-74.7371792793
40.1744056958,-74.7337138653
40.1606894994,-74.7223305702
40.1587052173,-74.7215902806
40.1543510738,-74.7215688229
40.1500130518,-74.7226899863
40.1476840188,-74.723982811
40.1463882544,-74.7244763374
40.1454615217,-74.726074934
40.1440016869,-74.7278988361
40.142295773,-74.7306668758
40.1416068341,-74.7321689129
40.138211247,-74.736648202
40.1351764003,-74.7411811352
40.1345653134,-74.7431176901
40.1344135661,-74.744592905
40.1344627815,-74.7463846207
40.1349057182,-74.7499358654
40.134967237,-74.7540986538
40.1346801489,-74.7564697265
40.1339378157,-74.7593128681
40.1328550611,-74.7623383999
40.1317025645,-74.7645699978
40.1262843388,-74.7739362717
40.1214604833,-74.7815752029
40.1204759809,-74.7842037678
40.1203939384,-74.7849047184
40.1218870966,-74.7949540615
40.1226541733,-74.7991222144
40.1242170142,-74.8044383526
40.1264237991,-74.810628891
40.1276297071,-74.815145731
40.1277281476,-74.8169267178
40.1275312664,-74.8200058937
40.1271251971,-74.8217278719
40.1266986167,-74.8227846623
40.1257100884,-74.824436903
40.1243236634,-74.8260033131
40.1216327698,-74.8279452324
40.1194012162,-74.8292863369
40.1119553372,-74.8330897093
40.1061662699,-74.8343932628
40.1046481484,-74.8350799084
40.1030643419,-74.8362386227
40.1007336994,-74.8385882378
40.0986738048,-74.8418927193
40.0970242026,-74.8458462954
40.0945702428,-74.8524498939
40.0936263887,-74.85414505
40.0922639326,-74.8557651043
40.0901914693,-74.857621193
40.0891285383,-74.8582005501
40.0857549554,-74.8594880104
40.0844374888,-74.8605662585
40.0834155115,-74.861869812
40.0824181452,-74.8642140627
40.0811662861,-74.8722445965
40.0799061948,-74.877705574
40.0768400122,-74.8864173889
40.0709740654,-74.9065768719
40.0704445044,-74.9094897509
40.0702844037,-74.9112761021
40.0704732403,-74.9154067039
40.0713968902,-74.9208676815
40.0712121612,-74.9241399765
40.0706908123,-74.926789999
40.069549578,-74.9305772781
40.0677925322,-74.9351263046
40.0658876465,-74.9393481016
40.0618724327,-74.9477219582
40.0571425521,-74.9570453167
40.0529420443,-74.9664276838
40.0489794513,-74.9733424187
40.0456613723,-74.9774944782
40.0436039178,-74.9806541204
40.0412260641,-74.9834275246
40.0289617564,-75.0002717972
40.0269325525,-75.0039303303
40.0224631616,-75.010394454
40.0199490009,-75.014680624
40.0185275552,-75.0193691254
40.0174922639,-75.0256669521
40.0153558991,-75.033686757
40.0127962814,-75.0410413742
40.0111130991,-75.0450289249
40.0101708277,-75.0466954708
40.0071713593,-75.0499677658
40.0045662347,-75.053358078
39.9973790265,-75.0580412149
39.9947324315,-75.0585240126
39.9912719766,-75.0600850582
39.9863357992,-75.0639259815
39.9835490229,-75.0670185685
39.9804538428,-75.0713449717
39.9789452512,-75.0740003586
39.9780409023,-75.0757277012
39.9769721109,-75.0803411007
39.9751222402,-75.0858771801
39.9747604819,-75.090662241
39.9739506296,-75.0963968039
39.972162343,-75.1029038429
39.9703287867,-75.1080751419
39.9673481251,-75.1151508092
39.9653376469,-75.11952281
39.9629200609,-75.1235353947
39.9617523528,-75.1258099079
39.9584793742,-75.1306968927
39.9573568216,-75.1317322255
39.9547292367,-75.1336097717
39.9506745802,-75.1352190971
39.9434117853,-75.1362597942
39.9326189828,-75.1360988617
39.9292129743,-75.1355516911
39.9258479344,-75.1343286037
39.9181381608,-75.1307237148
39.9157929668,-75.1292967796
39.9133654003,-75.1283526421
39.912682375,-75.1282775402
39.9089461865,-75.1285779476
39.9053332466,-75.1295113564
39.9026007828,-75.1300156116
39.9005595941,-75.1307237148
39.8988311207,-75.131560564
39.8946208706,-75.1346558333
39.8931103859,-75.1353800297
39.889916444,-75.1373970508
39.8892084884,-75.1381534338
39.8879983614,-75.1403152943
39.8851087874,-75.1436358691
39.8839397516,-75.1474070549
39.8834581359,-75.1512587071
39.8826513191,-75.1629960537
39.8821779274,-75.1804733276
39.8817292312,-75.1849365235
39.880860646,-75.1886701584
39.8800455655,-75.1907408237
39.8779831213,-75.1943564415
39.8758629797,-75.197070837
39.8735204554,-75.1995062828
39.8730634688,-75.2001821995
39.8709637605,-75.2045059204
39.8613948648,-75.2217364311
39.8582529786,-75.2296113968
39.8565852086,-75.2353191376
39.853834329,-75.2469170094
39.8491147487,-75.2721083164
39.8489870766,-75.2750909328
39.8491229856,-75.2787387371
39.848785272,-75.2933084965
39.8492630127,-75.3003251553
39.8501608268,-75.3096055984
39.8498066447,-75.3232955933
39.8488676413,-75.3309988976
39.8458322664,-75.342425108
39.8439994445,-75.3466308117
39.8401936087,-75.3530573845
39.8395922342,-75.3548437357
39.8276377975,-75.3716397285
39.8122447354,-75.3955489397
39.8099124024,-75.3994488716
39.804703514,-75.4089438915
39.8023173486,-75.4143512249
39.8019423132,-75.4147267342
39.8020577092,-75.4153490067
39.8092819169,-75.4280304909
39.8117749786,-75.4332017899
39.8132913751,-75.4369086027
39.815920266,-75.4422032833
39.8191258933,-75.4501104355
39.8200529427,-75.4537636041
39.8226362546,-75.4596161842
39.8239793735,-75.4634463787
39.8260805192,-75.4698944092
39.8293268689,-75.48122406
39.8327502011,-75.4951769114
39.8347851696,-75.5064260959
39.8370219177,-75.5200517178
39.8375079785,-75.5239570141
39.838183515,-75.5332267284
39.8389002355,-75.5391490459
39.8385707098,-75.5530107021
39.8386201387,-75.5582141876
39.8391473788,-75.5643832684
39.8388961165,-75.5657351017
39.8394192353,-75.5698335171
39.8390155691,-75.5718290806
39.8390732359,-75.5759811401
39.8381093711,-75.5869567394
39.8361733625,-75.6056785583
39.8350982363,-75.6121373176
39.8328408285,-75.6236493588
39.8303650093,-75.6345874072
39.8266325742,-75.6483149529
39.8215485562,-75.6632065773
39.8200488226,-75.6669294834
39.813909462,-75.680898428
39.8105799687,-75.6876468658
39.8039369829,-75.6994485855
39.8009202289,-75.7044026255
39.7982907646,-75.7083642483
39.789890642,-75.7201123238
39.794622535,-75.7137608528
39.7969182924,-75.7103919983
39.7891486775,-75.7210645079
39.7859169194,-75.7251441479
39.7760145916,-75.7363557816
39.769953763,-75.7423532009
39.7645769079,-75.7472455502
39.7554798301,-75.7546430826
39.7475529293,-75.7602596283
39.7385773555,-75.7653665543
39.7227352554,-75.7736492157
39.7221576104,-75.7743465901
39.7221328541,-75.7752263546
39.722198871,-75.8026170731
39.7219678116,-75.8408546448
39.7218192731,-76.0148334503
39.7211425934,-76.1356830597
39.7215180689,-76.1443841457
39.7213076378,-76.1856257915
39.7213406466,-76.2393665314
39.7214974384,-76.2420594692
39.721200359,-76.2551486492
39.7213076378,-76.3739061356
39.7211921067,-76.4160490036
39.7213406466,-76.4341163635
39.7211425934,-76.444491148
39.7213076378,-76.4520013332
39.7211756023,-76.4748859406
39.7212993856,-76.4837694168
39.7213736555,-76.5517902374
39.7211178367,-76.571649313
39.7212993856,-76.5787303448
39.7211013322,-76.6446590424
39.7211921067,-76.7061889172
39.7210023053,-76.7175614834
39.7207959987,-76.7886829376
39.7205979439,-76.795463562
39.7206969714,-76.8094432354
39.7203998885,-76.8573045731
39.7204989162,-76.8735694885
39.7203338699,-76.8902635574
39.7207052237,-76.9354104996
39.719809845,-76.9903314114
39.7201028043,-76.9992148876
39.720119309,-77.005405426
39.7199047474,-77.0365619659
39.7198139712,-77.1789872646
39.7198222236,-77.394733429
39.7200450377,-77.4646317959
39.7198882426,-77.5030839443
39.7203998885,-77.56690979
39.7206639622,-77.6693916321
39.7209115305,-77.6785755157
39.721060071,-77.7133369446
39.720928035,-77.7219200134
39.7211921067,-77.7293014526
39.7210930799,-77.7402877808
39.7217532558,-77.8012275696
39.7222153752,-77.8750526905
39.7224051733,-78.0010843277
39.722281392,-78.0473041534
39.7223969212,-78.0618953705
39.7220998457,-78.1034374237
39.7223969212,-78.1777667999
39.7223474087,-78.2029044628
39.7225949709,-78.235874176
39.7223969212,-78.2427728176
39.7226939956,-78.2501542568
39.7224546858,-78.2706034184
39.7225867189,-78.2736074924
39.7228755403,-78.3151817322
39.7225949709,-78.3306634426
39.7223639129,-78.3321332932
39.7223144004,-78.3347511292
39.7224546858,-78.3395469189
39.7223267785,-78.3432483673
39.7224711899,-78.3445250988
39.7225867189,-78.3535373211
39.7227930201,-78.4075784683
39.722479442,-78.4384346008
39.7228219022,-78.4455049038
39.7228672883,-78.464012146
39.7228631623,-78.4954690933
39.722479442,-78.537311554
39.7228425322,-78.545883894
39.7225619627,-78.579454422
39.7229415565,-78.6243009567
39.7228920444,-78.7091875076
39.7230405806,-78.7296581268
39.7228920444,-78.8149738312
39.7229910686,-78.8568162918
39.7225619627,-78.9898538589
39.7228755403,-79.0466630459
39.722479442,-79.0842247009
39.7225867188,-79.0747404098
39.7224464337,-79.1349506378
39.7219760638,-79.2246437073
39.721868786,-79.3448925018
39.7207877465,-79.5480537415
39.7212746289,-79.5840167999
39.7210765755,-79.5981788635
39.7212333679,-79.6109569073
39.720928035,-79.6243464947
39.7207794942,-79.6658992767
39.7209775485,-79.6908760071
39.7209775485,-79.7208309174
39.7207794942,-79.7494125366
39.7206722145,-79.9405574799
39.7211714762,-80.0005960464
39.7213901599,-80.0793778896
39.7212168634,-80.0839698315
39.721060071,-80.1273143291
39.7212251156,-80.1474952698
39.7212251156,-80.2243995667
39.7210064314,-80.2502775192
39.7214314209,-80.3720283508
39.72116735,-80.4099655151
39.7212251156,-80.4904747009
39.7214066643,-80.5188310146
39.7216047166,-80.519270897
39.7222401315,-80.5193459988
39.7365642906,-80.5193138123
39.7440882324,-80.5194962025
39.7619048176,-80.5192816257
39.7675787622,-80.5194318295
39.780178525,-80.5193030834
39.80619534,-80.5194211006
39.8331168294,-80.519067049
39.835555476,-80.5192172527
39.8439994445,-80.5190241337
39.8652489349,-80.5189597607
39.8752948529,-80.519131422
39.8898505883,-80.5188953876
39.9335897465,-80.519362092
39.9399405056,-80.5189812183
39.9476766113,-80.5191743374
39.9589563509,-80.519067049
39.9615303216,-80.5192065239
39.9626610285,-80.5190777779
39.9638081637,-80.5191957951
40.0040813583,-80.5190241337
40.0262013667,-80.5192708969
40.0357636676,-80.519002676
40.0461459533,-80.5192601681
40.0778087274,-80.5189597607
40.0952104149,-80.5192494392
40.1002577135,-80.519002676
40.1170711335,-80.5188953876
40.1250045739,-80.5191099644
40.1366282224,-80.519002676
40.1717249836,-80.5191421509
40.1959868993,-80.5188632011
40.2033211416,-80.5190885067
40.2574552467,-80.519067049
40.2688106249,-80.5192172527
40.2914420115,-80.519002676
40.3496185669,-80.5189812183
40.3674982688,-80.5179351569
40.3970284946,-80.5180871487
40.4127690242,-80.5178868771
40.432608283,-80.5179941654
40.4622623272,-80.5176991224
40.4732567981,-80.5189490318
40.4773700794,-80.5190348625
40.5140805568,-80.5189275742
40.5179915122,-80.5190885067
40.5221754523,-80.5189168453
40.5344810831,-80.5192172527
40.5419171879,-80.5190885067
40.5525480793,-80.5191528797
40.5608869302,-80.51887393
40.596024219,-80.5191206932
40.63824276,-80.5189919472
40.6387393857,-80.5191636086
40.6390324746,-80.5189919472
40.7225591323,-80.5189239979
40.7496303328,-80.5191206932
40.7919141368,-80.5190563202
40.7937254664,-80.5189490318
40.7995490026,-80.5190992355
40.8411192396,-80.5191099644
40.8750381223,-80.5188953876
40.9059881365,-80.5198824406
40.9112018206,-80.5197000503
40.9218387326,-80.5190134048
41.0138348598,-80.5190348625
41.0145027311,-80.5189168453
41.0293843943,-80.5191957951
41.041426487,-80.5188310146
41.0469935915,-80.5190992355
41.0710933961,-80.5189275742
41.1049670368,-80.5191957951
41.1184501754,-80.5189812183
41.1508533451,-80.5190455914
41.1618554683,-80.5192172527
41.1821423522,-80.5189597607
41.1846131751,-80.519260168
41.1854892455,-80.5191636086
41.1861069288,-80.5187022686
41.1869466453,-80.5184662342
41.1887713765,-80.5189490318
41.2080732756,-80.5190992356
41.2100669161,-80.5187666416
41.220308587,-80.5188846588
41.22133549,-80.5184742808
41.2216441634,-80.518938303
41.2221646677,-80.5190455914
41.2290155705,-80.5191099644
41.2482571991,-80.519067049
41.2500237565,-80.5187022686
41.2659770743,-80.5188363791
41.2678963718,-80.5191099644
41.361534614,-80.5190777779
41.3644656868,-80.5192387104
41.4045614208,-80.5189919472
41.4352624848,-80.519002676
41.4368309383,-80.519131422
41.4608677786,-80.5191421509
41.474277573,-80.5193459988
41.4944674258,-80.5191528797
41.5289492251,-80.5191528797
41.5438224641,-80.5193459988
41.6282427024,-80.5193030834
41.66928942,-80.5194318295
41.7526490724,-80.5194318295
41.7579314934,-80.5193138123
41.8856654322,-80.5194211006
41.9198423102,-80.5192172527
42.0723924462,-80.5197322369
42.2041313361,-80.519464016
42.249328208,-80.5197966099
42.3176855941,-80.5198395252
