45.013292,-71.515728
 45.012579,-71.566358
 45.012504,-71.572548
 45.012636,-71.593244
 45.012708,-71.613811
 45.012405,-71.636894
 45.012299,-71.643305
 45.011904,-71.661115
 45.011691,-71.666737
 45.011311,-71.695966
 45.011394,-71.721406
 45.011356,-71.755257
 45.010611,-71.797511
 45.009502,-71.839335
 45.008485,-71.876869
 45.007619,-71.913715
 45.008043,-71.929404
 45.008284,-71.945694
 45.006158,-72.059084
 45.005641,-72.1102
 45.005989,-72.151465
 45.005913,-72.162603
 45.00538,-72.205973
 45.004575,-72.24857
 45.004218,-72.269998
 45.004255,-72.282842
 45.004338,-72.29324
 45.004106,-72.303524
 45.003814,-72.311963
 45.003851,-72.314284
 45.004203,-72.319329
 45.005071,-72.333986
 45.006237,-72.368412
 45.006395,-72.378962
 45.00625,-72.388139
 45.008538,-72.450095
 45.008854,-72.479027
 45.007745,-72.529503
 45.008074,-72.555438
 45.011574,-72.584808
 45.013086,-72.604199
 45.01469,-72.634577
 45.015552,-72.695438
 45.015831,-72.733722
 45.015622,-72.747929
 45.015656,-72.753295
 45.016125,-72.80057
 45.016329,-72.823478
 45.016654,-72.846901
 45.016317,-72.867196
 45.016178,-72.869447
 45.015593,-72.90675
 45.014159,-72.966884
 45.015091,-73.014253
 45.015932,-73.065528
 45.015328,-73.090547
 45.014542,-73.134105
 45.013213,-73.204097
 45.012858,-73.221349
 45.012624,-73.237656
 45.012096,-73.271987
 45.01134,-73.308035
 45.011023,-73.325759
 45.010698,-73.343182
 44.999365,-73.347913
 44.996998,-73.349222
 44.994077,-73.350306
 44.992901,-73.350981
 44.99001,-73.353503
 44.988811,-73.354125
 44.987271,-73.354608
 44.984311,-73.354157
 44.98101,-73.353009
 44.976024,-73.350059
 44.972518,-73.347023
 44.970263,-73.344448
 44.96624,-73.339115
 44.965496,-73.338568
 44.964532,-73.338225
 44.960296,-73.337935
 44.951246,-73.33904
 44.943478,-73.339587
 44.93302,-73.33919
 44.924376,-73.338504
 44.919697,-73.338611
 44.91801,-73.338901
 44.916422,-73.339534
 44.914629,-73.341143
 44.91257,-73.344877
 44.911271,-73.347881
 44.909759,-73.350456
 44.907259,-73.353717
 44.904409,-73.35626
 44.897159,-73.360348
 44.890228,-73.362569
 44.882877,-73.364575
 44.874872,-73.366517
 44.866607,-73.369167
 44.865421,-73.369811
 44.862326,-73.372117
 44.860447,-73.376076
 44.857854,-73.377846
 44.857314,-73.379424
 44.857002,-73.379778
 44.855755,-73.379885
 44.852865,-73.379413
 44.852013,-73.379467
 44.850819,-73.380035
 44.849875,-73.381237
 44.849495,-73.381505
 44.849092,-73.381494
 44.847434,-73.380411
 44.847015,-73.380368
 44.845007,-73.381312
 44.844634,-73.381205
 44.843904,-73.379756
 44.843531,-73.379509
 44.842687,-73.379413
 44.840595,-73.379896
 44.839568,-73.379799
 44.837909,-73.379338
 44.837278,-73.378544
 44.836806,-73.377246
 44.836608,-73.376087
 44.836106,-73.375154
 44.833147,-73.372804
 44.830689,-73.371259
 44.828026,-73.368287
 44.826405,-73.365541
 44.823399,-73.358299
 44.821375,-73.354779
 44.820089,-73.353213
 44.817821,-73.351561
 44.816329,-73.350102
 44.814769,-73.348042
 44.812608,-73.344587
 44.811238,-73.343235
 44.808368,-73.340918
 44.806503,-73.338439
 44.804501,-73.33536
 44.803717,-73.33491
 44.80205,-73.334416
 44.797596,-73.333708
 44.789846,-73.333161
 44.787295,-73.333343
 44.784912,-73.333923
 44.78332,-73.334759
 44.78185,-73.335972
 44.778789,-73.340135
 44.77719,-73.34301
 44.776268,-73.344265
 44.775156,-73.345392
 44.77329,-73.346851
 44.771683,-73.347623
 44.768233,-73.348718
 44.765384,-73.349973
 44.76386,-73.351046
 44.759602,-73.352355
 44.755153,-73.354458
 44.750924,-73.357762
 44.747655,-73.361603
 44.745735,-73.363384
 44.744203,-73.364446
 44.74178,-73.365551
 44.740507,-73.365744
 44.733991,-73.36509
 44.725752,-73.365068
 44.719227,-73.365551
 44.71055,-73.365262
 44.708156,-73.365723
 44.707012,-73.365777
 44.703184,-73.365337
 44.697305,-73.365916
 44.696923,-73.36568
 44.69642,-73.364747
 44.695856,-73.361882
 44.695162,-73.36127
 44.694735,-73.36127
 44.692713,-73.362193
 44.689762,-73.364403
 44.688496,-73.364725
 44.687718,-73.365186
 44.687069,-73.365948
 44.684949,-73.370025
 44.684636,-73.3701
 44.683797,-73.369693
 44.682447,-73.368233
 44.681302,-73.36745
 44.680471,-73.367236
 44.678762,-73.367171
 44.678365,-73.367343
 44.678121,-73.367783
 44.677641,-73.370712
 44.67716,-73.371667
 44.676771,-73.371849
 44.675954,-73.371849
 44.67346,-73.371077
 44.672613,-73.371066
 44.66895,-73.372675
 44.668119,-73.372461
 44.666516,-73.370497
 44.665784,-73.369918
 44.664082,-73.369703
 44.663235,-73.369757
 44.662854,-73.369982
 44.662587,-73.370444
 44.662709,-73.372782
 44.662442,-73.373898
 44.661137,-73.375239
 44.658641,-73.376774
 44.656939,-73.378866
 44.656558,-73.379091
 44.655291,-73.378984
 44.653749,-73.378018
 44.65291,-73.377997
 44.652154,-73.37834
 44.649254,-73.380883
 44.64772,-73.383737
 44.646994,-73.384316
 44.646628,-73.384359
 44.646063,-73.38349
 44.641567,-73.37864
 44.641193,-73.378748
 44.640842,-73.37908
 44.640246,-73.379939
 44.637162,-73.385839
 44.636139,-73.38688
 44.635322,-73.387127
 44.632833,-73.386258
 44.631146,-73.385925
 44.630291,-73.385925
 44.626908,-73.386505
 44.623541,-73.387406
 44.619906,-73.389788
 44.618241,-73.390185
 44.617042,-73.389616
 44.615164,-73.387299
 44.612888,-73.383683
 44.611826,-73.382696
 44.610176,-73.382095
 44.607205,-73.381602
 44.605379,-73.380786
 44.602989,-73.379509
 44.600605,-73.377535
 44.599436,-73.376817
 44.597443,-73.376377
 44.595349,-73.376881
 44.593699,-73.378083
 44.591094,-73.381205
 44.590398,-73.38172
 44.589665,-73.38187
 44.589252,-73.381773
 44.588886,-73.381462
 44.584805,-73.377535
 44.58369,-73.376634
 44.582307,-73.375819
 44.580213,-73.37525
 44.577645,-73.375293
 44.575956,-73.374982
 44.571776,-73.370111
 44.567549,-73.367257
 44.56414,-73.362665
 44.563406,-73.361195
 44.562443,-73.360015
 44.558338,-73.357086
 44.557642,-73.35641
 44.556816,-73.354855
 44.55583,-73.350928
 44.552382,-73.343804
 44.551633,-73.342624
 44.549936,-73.341004
 44.548315,-73.33903
 44.547955,-73.33874
 44.54625,-73.338643
 44.544629,-73.339287
 44.543436,-73.339072
 44.542435,-73.338246
 44.538122,-73.333547
 44.535973,-73.331648
 44.534107,-73.330876
 44.531552,-73.330758
 44.529556,-73.329728
 44.528546,-73.328655
 44.527544,-73.325028
 44.526856,-73.323516
 44.526061,-73.322614
 44.524921,-73.321885
 44.524516,-73.321735
 44.521953,-73.32181
 44.521112,-73.321617
 44.520194,-73.321177
 44.519314,-73.321112
 44.51633,-73.321413
 44.514632,-73.321187
 44.513798,-73.320919
 44.512084,-73.319439
 44.510439,-73.316778
 44.507547,-73.313216
 44.50389,-73.309622
 44.500569,-73.306886
 44.497232,-73.30591
 44.493253,-73.305084
 44.488064,-73.304729
 44.485507,-73.304365
 44.48426,-73.303936
 44.477921,-73.300395
 44.476681,-73.299912
 44.472723,-73.29915
 44.468451,-73.298657
 44.463995,-73.298732
 44.45574,-73.30017
 44.454882,-73.300138
 44.45283,-73.299365
 44.450509,-73.297799
 44.446082,-73.29532
 44.442352,-73.293915
 44.440452,-73.293614
 44.439165,-73.293625
 44.434079,-73.294634
 44.428172,-73.296146
 44.419552,-73.301253
 44.402821,-73.310416
 44.397793,-73.311821
 44.394466,-73.312529
 44.388808,-73.314911
 44.385725,-73.317379
 44.382459,-73.321295
 44.376148,-73.3302
 44.372528,-73.333408
 44.372145,-73.333644
 44.364721,-73.33491
 44.356713,-73.334545
 44.349693,-73.330189
 44.344415,-73.327389
 44.338391,-73.325114
 44.334585,-73.324192
 44.333733,-73.32402
 44.325437,-73.323848
 44.319304,-73.324513
 44.310123,-73.324192
 44.301808,-73.322282
 44.295987,-73.320158
 44.287563,-73.316681
 44.279951,-73.312186
 44.274213,-73.310941
 44.265294,-73.312798
 44.257487,-73.316531
 44.249933,-73.319643
 44.249641,-73.32005
 44.24888,-73.322185
 44.248035,-73.322968
 44.246775,-73.323365
 44.244961,-73.323247
 44.244184,-73.323741
 44.243593,-73.324589
 44.243547,-73.325146
 44.244238,-73.329223
 44.244261,-73.330404
 44.243447,-73.331766
 44.241371,-73.334051
 44.239888,-73.336219
 44.238958,-73.338922
 44.238428,-73.342431
 44.238043,-73.343407
 44.237082,-73.343482
 44.235468,-73.342688
 44.234623,-73.342795
 44.233692,-73.343976
 44.230833,-73.349555
 44.230133,-73.350252
 44.229218,-73.350649
 44.227081,-73.350992
 44.225866,-73.351518
 44.223145,-73.355337
 44.221891,-73.355681
 44.219892,-73.355767
 44.219185,-73.35611
 44.217393,-73.357751
 44.216178,-73.358331
 44.215432,-73.358942
 44.213372,-73.361571
 44.21261,-73.362118
 44.211334,-73.362193
 44.210503,-73.361903
 44.209642,-73.36185
 44.208434,-73.362386
 44.207604,-73.363749
 44.206704,-73.365787
 44.20572,-73.368652
 44.204697,-73.370572
 44.203682,-73.371667
 44.201043,-73.373684
 44.200436,-73.374521
 44.19922,-73.378844
 44.197674,-73.381966
 44.196598,-73.382953
 44.195813,-73.383415
 44.194113,-73.383758
 44.193113,-73.384831
 44.192798,-73.385925
 44.192774,-73.387717
 44.192536,-73.389015
 44.191959,-73.389895
 44.191228,-73.390507
 44.190059,-73.390796
 44.188059,-73.390882
 44.183797,-73.389992
 44.181658,-73.389852
 44.180396,-73.390217
 44.179234,-73.391
 44.178565,-73.391751
 44.177233,-73.394777
 44.175779,-73.396053
 44.173825,-73.397158
 44.171693,-73.397555
 44.170831,-73.397448
 44.1692,-73.396708
 44.16803,-73.395967
 44.166375,-73.395807
 44.164844,-73.396558
 44.163435,-73.397899
 44.161865,-73.398843
 44.159295,-73.399165
 44.15393,-73.400452
 44.152698,-73.400989
 44.151374,-73.402469
 44.150558,-73.402834
 44.14764,-73.402169
 44.146786,-73.402276
 44.145554,-73.402802
 44.144761,-73.403252
 44.144037,-73.403907
 44.140041,-73.407984
 44.138563,-73.410773
 44.137732,-73.411996
 44.133489,-73.415591
 44.13268,-73.415998
 44.132272,-73.416084
 44.131441,-73.415773
 44.128191,-73.414196
 44.126905,-73.413981
 44.123947,-73.41397
 44.121136,-73.412458
 44.119873,-73.412093
 44.113665,-73.411245
 44.111955,-73.411524
 44.110645,-73.41205
 44.10751,-73.414013
 44.105392,-73.41455
 44.102387,-73.414947
 44.101131,-73.415333
 44.096539,-73.418638
 44.087385,-73.424238
 44.079971,-73.42913
 44.078969,-73.42957
 44.077281,-73.430021
 44.074259,-73.430032
 44.072086,-73.430214
 44.068416,-73.430965
 44.064138,-73.432285
 44.061794,-73.432703
 44.055881,-73.434463
 44.050892,-73.436168
 44.048409,-73.437209
 44.045448,-73.437842
 44.043743,-73.437574
 44.043334,-73.437392
 44.042633,-73.436705
 44.039193,-73.431405
 44.037751,-73.428411
 44.036856,-73.427124
 44.034264,-73.424968
 44.032637,-73.423015
 44.031866,-73.421416
 44.031233,-73.419206
 44.029683,-73.414915
 44.029212,-73.413895
 44.02804,-73.412157
 44.026335,-73.410323
 44.021019,-73.40763
 44.015341,-73.405913
 44.013613,-73.405859
 44.01146,-73.40602
 44.00737,-73.407083
 44.004368,-73.407555
 44.001829,-73.408295
 44.000672,-73.40881
 43.996049,-73.409067
 43.991989,-73.410366
 43.986431,-73.41117
 43.983714,-73.412243
 43.982,-73.412501
 43.979838,-73.412436
 43.9777,-73.412061
 43.97526,-73.410859
 43.973453,-73.409647
 43.970967,-73.408595
 43.967963,-73.407029
 43.963654,-73.406525
 43.959607,-73.406439
 43.955746,-73.405709
 43.950339,-73.405505
 43.948176,-73.405645
 43.942468,-73.407447
 43.937408,-73.408531
 43.934518,-73.408853
 43.93193,-73.408552
 43.930245,-73.408027
 43.927865,-73.406975
 43.923847,-73.404733
 43.922309,-73.403639
 43.919875,-73.402351
 43.916969,-73.401192
 43.912247,-73.399615
 43.908637,-73.398006
 43.904943,-73.396837
 43.903288,-73.39615
 43.891398,-73.383812
 43.877348,-73.374735
 43.876126,-73.374166
 43.87526,-73.374134
 43.873984,-73.374531
 43.872808,-73.375207
 43.869498,-73.376623
 43.864826,-73.379263
 43.862714,-73.379874
 43.859859,-73.381301
 43.857237,-73.382117
 43.855953,-73.382288
 43.854227,-73.382009
 43.853059,-73.381248
 43.851659,-73.379864
 43.847504,-73.373641
 43.84639,-73.372793
 43.845531,-73.372622
 43.845113,-73.372697
 43.843062,-73.373673
 43.840617,-73.375518
 43.839557,-73.376548
 43.838768,-73.377739
 43.837653,-73.380765
 43.836407,-73.383222
 43.834434,-73.386215
 43.832429,-73.388371
 43.830967,-73.389434
 43.825216,-73.392105
 43.823095,-73.392738
 43.821384,-73.392513
 43.818574,-73.391107
 43.817235,-73.389766
 43.814812,-73.3857
 43.812389,-73.382277
 43.810569,-73.38055
 43.809013,-73.37952
 43.806117,-73.378265
 43.803554,-73.377621
 43.800457,-73.377192
 43.799202,-73.376774
 43.797925,-73.375175
 43.794843,-73.37054
 43.792961,-73.36745
 43.79128,-73.364189
 43.790103,-73.362418
 43.786463,-73.35817
 43.785278,-73.35744
 43.777896,-73.355327
 43.776323,-73.35435
 43.772636,-73.351175
 43.772248,-73.350949
 43.771388,-73.350788
 43.769645,-73.351389
 43.766941,-73.353288
 43.764531,-73.354672
 43.758224,-73.359361
 43.75662,-73.360262
 43.75314,-73.362794
 43.751691,-73.364114
 43.750164,-73.365197
 43.749606,-73.366002
 43.74808,-73.366667
 43.747227,-73.367246
 43.743972,-73.369886
 43.742259,-73.370304
 43.735585,-73.370723
 43.733453,-73.370272
 43.73215,-73.370304
 43.728491,-73.369939
 43.725491,-73.370562
 43.720746,-73.374778
 43.717706,-73.377793
 43.716473,-73.379349
 43.714069,-73.382943
 43.711332,-73.385893
 43.708315,-73.388243
 43.707617,-73.388511
 43.706694,-73.388618
 43.706337,-73.388833
 43.705414,-73.390067
 43.703599,-73.391676
 43.70204,-73.392738
 43.699186,-73.393747
 43.697619,-73.394777
 43.696905,-73.395452
 43.695858,-73.396536
 43.694671,-73.398274
 43.692918,-73.402308
 43.69229,-73.403124
 43.690661,-73.404433
 43.689862,-73.404905
 43.688581,-73.405205
 43.687736,-73.405012
 43.686192,-73.403928
 43.684935,-73.40351
 43.683957,-73.403521
 43.681506,-73.4041
 43.67238,-73.407823
 43.670208,-73.40793
 43.669354,-73.408123
 43.665823,-73.410119
 43.661655,-73.412114
 43.659784,-73.413616
 43.658201,-73.414539
 43.656517,-73.415108
 43.653489,-73.415204
 43.652635,-73.415451
 43.6513,-73.416256
 43.647853,-73.418809
 43.645307,-73.424131
 43.643824,-73.425536
 43.642263,-73.426577
 43.640128,-73.427103
 43.636805,-73.428497
 43.636378,-73.428594
 43.635454,-73.428401
 43.634235,-73.427757
 43.633101,-73.426877
 43.623355,-73.418359
 43.622563,-73.417865
 43.621701,-73.417683
 43.620846,-73.417801
 43.620116,-73.418133
 43.612124,-73.423755
 43.61092,-73.423787
 43.60629,-73.422103
 43.604573,-73.421738
 43.602996,-73.421663
 43.601527,-73.422468
 43.598606,-73.425064
 43.595327,-73.426824
 43.591504,-73.42971
 43.589483,-73.430825
 43.588225,-73.431212
 43.586997,-73.43089
 43.585419,-73.429881
 43.584316,-73.428916
 43.583709,-73.42809
 43.582979,-73.426609
 43.582202,-73.422543
 43.581596,-73.420687
 43.580989,-73.419904
 43.578572,-73.417876
 43.577593,-73.416696
 43.574756,-73.411374
 43.572906,-73.408155
 43.571445,-73.406063
 43.570442,-73.4041
 43.570154,-73.403006
 43.569571,-73.402137
 43.568102,-73.398199
 43.567908,-73.39703
 43.568063,-73.395882
 43.568405,-73.395549
 43.569245,-73.395324
 43.569618,-73.395066
 43.569672,-73.392749
 43.570084,-73.391751
 43.570893,-73.391343
 43.57132,-73.391311
 43.572712,-73.391815
 43.573512,-73.391397
 43.574188,-73.390667
 43.57467,-73.38968
 43.574631,-73.386666
 43.575043,-73.38497
 43.575619,-73.384112
 43.57722,-73.383179
 43.578899,-73.382621
 43.579318,-73.382642
 43.580484,-73.383243
 43.582202,-73.384885
 43.583026,-73.385228
 43.583414,-73.385088
 43.584696,-73.383479
 43.585427,-73.382825
 43.586204,-73.382385
 43.587012,-73.382771
 43.587634,-73.384992
 43.58852,-73.386344
 43.589281,-73.386955
 43.590579,-73.386912
 43.590944,-73.386676
 43.591395,-73.385679
 43.591364,-73.383275
 43.591605,-73.382138
 43.591931,-73.381752
 43.592763,-73.381559
 43.594457,-73.382031
 43.59528,-73.382406
 43.59678,-73.383458
 43.597192,-73.38349
 43.598155,-73.382342
 43.598489,-73.38128
 43.597883,-73.379778
 43.598311,-73.377525
 43.598559,-73.377213
 43.598971,-73.377224
 43.599352,-73.377482
 43.600191,-73.377578
 43.60068,-73.376752
 43.603252,-73.373512
 43.603982,-73.372879
 43.604775,-73.372514
 43.605637,-73.372353
 43.606064,-73.372428
 43.607237,-73.37319
 43.607882,-73.373973
 43.608682,-73.376098
 43.609001,-73.376344
 43.610321,-73.374252
 43.610741,-73.374263
 43.611937,-73.375872
 43.612326,-73.376033
 43.613087,-73.375744
 43.614617,-73.374585
 43.615937,-73.37304
 43.619138,-73.369961
 43.619557,-73.369853
 43.620365,-73.370422
 43.621367,-73.37157
 43.622539,-73.372353
 43.622951,-73.372482
 43.623813,-73.372407
 43.62452,-73.371763
 43.624745,-73.370637
 43.624691,-73.368845
 43.624543,-73.368298
 43.623619,-73.367075
 43.623448,-73.365852
 43.623937,-73.363577
 43.624535,-73.359447
 43.624737,-73.358953
 43.625452,-73.35832
 43.625871,-73.357301
 43.626213,-73.354511
 43.626096,-73.353943
 43.625794,-73.353567
 43.624178,-73.352655
 43.622353,-73.351046
 43.62174,-73.350209
 43.621475,-73.349093
 43.621561,-73.348535
 43.621856,-73.348117
 43.622633,-73.347591
 43.624287,-73.346872
 43.625662,-73.345402
 43.626345,-73.344179
 43.626485,-73.342999
 43.626314,-73.342484
 43.624792,-73.341519
 43.624636,-73.340392
 43.625343,-73.338236
 43.626081,-73.337742
 43.626329,-73.337281
 43.626896,-73.334405
 43.627223,-73.334244
 43.627642,-73.334309
 43.627968,-73.33359
 43.627238,-73.332206
 43.626143,-73.331305
 43.625972,-73.330779
 43.62591,-73.328387
 43.626159,-73.326638
 43.627525,-73.324363
 43.627556,-73.322647
 43.627292,-73.320426
 43.627393,-73.319846
 43.627945,-73.318945
 43.628038,-73.317647
 43.627285,-73.317475
 43.626966,-73.3171
 43.6265,-73.315458
 43.625615,-73.313398
 43.624551,-73.312658
 43.624194,-73.311639
 43.624147,-73.310587
 43.624365,-73.310105
 43.625102,-73.309472
 43.628077,-73.307379
 43.62838,-73.306789
 43.626889,-73.303925
 43.625514,-73.302487
 43.624248,-73.302079
 43.623378,-73.302079
 43.620862,-73.30297
 43.62,-73.302702
 43.619627,-73.302412
 43.618392,-73.300878
 43.617701,-73.300374
 43.617266,-73.300363
 43.616559,-73.300921
 43.61572,-73.301157
 43.614858,-73.301146
 43.613576,-73.300878
 43.613157,-73.301007
 43.611463,-73.302369
 43.610601,-73.302423
 43.609809,-73.302723
 43.609498,-73.302412
 43.609444,-73.301854
 43.609715,-73.301457
 43.610523,-73.301028
 43.610756,-73.300685
 43.610725,-73.300309
 43.610453,-73.299912
 43.610135,-73.298206
 43.609358,-73.297766
 43.608775,-73.296908
 43.607595,-73.29635
 43.606996,-73.295492
 43.605862,-73.29473
 43.605272,-73.293872
 43.604145,-73.293464
 43.602693,-73.292295
 43.601931,-73.29266
 43.601084,-73.292488
 43.599717,-73.291125
 43.599282,-73.29105
 43.59821,-73.291994
 43.597013,-73.292681
 43.596694,-73.292756
 43.595801,-73.292391
 43.595366,-73.292434
 43.59284,-73.293175
 43.58894,-73.295782
 43.587618,-73.296876
 43.587222,-73.296822
 43.585699,-73.293958
 43.585101,-73.29237
 43.584735,-73.292123
 43.584339,-73.292295
 43.582606,-73.294076
 43.58165,-73.295299
 43.579862,-73.297091
 43.579474,-73.297294
 43.579163,-73.296983
 43.578805,-73.2959
 43.578448,-73.295685
 43.577165,-73.295664
 43.576862,-73.29532
 43.576924,-73.294816
 43.577266,-73.294473
 43.577686,-73.294322
 43.578114,-73.294398
 43.578417,-73.294204
 43.578526,-73.291855
 43.577912,-73.291082
 43.577756,-73.290535
 43.577927,-73.289613
 43.578261,-73.289237
 43.578634,-73.288164
 43.579171,-73.284774
 43.578168,-73.28369
 43.578067,-73.281952
 43.577795,-73.281512
 43.577406,-73.281255
 43.576544,-73.281072
 43.575681,-73.280976
 43.574383,-73.281083
 43.573613,-73.280761
 43.573644,-73.280278
 43.574243,-73.27956
 43.574064,-73.278744
 43.574562,-73.278036
 43.574445,-73.276942
 43.574336,-73.27648
 43.573512,-73.276405
 43.572921,-73.27486
 43.572572,-73.272371
 43.571802,-73.270043
 43.572222,-73.26793
 43.57167,-73.268058
 43.571413,-73.268391
 43.571219,-73.268005
 43.570737,-73.26794
 43.570403,-73.269238
 43.570045,-73.269099
 43.569758,-73.268681
 43.569952,-73.267758
 43.569843,-73.267522
 43.569105,-73.266792
 43.56982,-73.26646
 43.569151,-73.264292
 43.568833,-73.264239
 43.568514,-73.264561
 43.568094,-73.264529
 43.567729,-73.264239
 43.567573,-73.263745
 43.567682,-73.263273
 43.5672,-73.262404
 43.566415,-73.261975
 43.56563,-73.261932
 43.565684,-73.261417
 43.566392,-73.260849
 43.566345,-73.260452
 43.565078,-73.258832
 43.564091,-73.258166
 43.563251,-73.258359
 43.562932,-73.25807
 43.561844,-73.255978
 43.561043,-73.255613
 43.55976,-73.25543
 43.558439,-73.253875
 43.556946,-73.252673
 43.556433,-73.252877
 43.55637,-73.254079
 43.556098,-73.254422
 43.555694,-73.254443
 43.555391,-73.25159
 43.553867,-73.248746
 43.553066,-73.24865
 43.5527,-73.248446
 43.552125,-73.249133
 43.551736,-73.249047
 43.551433,-73.248693
 43.551083,-73.248789
 43.550842,-73.249916
 43.550601,-73.250324
 43.549403,-73.249894
 43.548851,-73.249218
 43.548447,-73.249326
 43.547848,-73.249991
 43.547459,-73.249894
 43.547234,-73.249433
 43.546907,-73.249218
 43.546534,-73.249379
 43.546231,-73.249755
 43.545795,-73.248285
 43.545484,-73.24791
 43.545111,-73.247899
 43.545002,-73.248349
 43.545158,-73.24939
 43.544878,-73.24983
 43.543626,-73.250109
 43.543268,-73.249873
 43.54305,-73.249379
 43.542708,-73.247674
 43.54207,-73.246858
 43.541712,-73.24659
 43.54004,-73.246547
 43.539714,-73.246225
 43.53934,-73.24512
 43.538687,-73.244358
 43.535708,-73.24365
 43.535312,-73.243425
 43.534798,-73.242599
 43.534946,-73.241644
 43.534534,-73.241644
 43.534285,-73.242577
 43.533912,-73.242674
 43.532597,-73.241483
 43.532317,-73.241408
 43.53192,-73.24158
 43.530839,-73.242567
 43.530419,-73.242663
 43.530007,-73.242545
 43.529315,-73.241955
 43.528545,-73.242459
 43.527876,-73.243232
 43.526958,-73.245227
 43.525775,-73.246762
 43.524577,-73.246847
 43.523076,-73.247641
 43.521543,-73.246579
 43.521178,-73.246708
 43.520571,-73.247523
 43.519731,-73.247598
 43.519326,-73.247566
 43.518836,-73.246772
 43.517537,-73.246815
 43.517148,-73.246976
 43.516167,-73.24806
 43.515825,-73.247813
 43.515459,-73.246804
 43.514697,-73.247062
 43.508028,-73.247105
 43.492098,-73.247792
 43.470487,-73.248392
 43.376037,-73.252212
 43.370242,-73.252673
 43.363527,-73.252856
 43.362684,-73.253134
 43.361374,-73.253295
 43.35745,-73.253188
 43.355991,-73.253295
 43.354689,-73.253113
 43.349462,-73.253456
 43.260073,-73.256471
 43.230821,-73.258671
 43.216553,-73.259164
 43.095899,-73.265591
 43.0352,-73.269818
 42.999994,-73.271438
 42.995035,-73.271867
 42.981733,-73.272532
 42.964777,-73.273326
 42.963324,-73.273273
 42.948696,-73.274184
 42.901307,-73.275965
 42.895892,-73.275858
 42.837324,-73.278315
 42.834035,-73.278615
 42.833508,-73.279045
 42.834901,-73.284109
 42.834744,-73.28457
 42.834083,-73.285321
 42.820265,-73.287038
 42.81367,-73.28369
 42.812569,-73.284613
 42.809523,-73.286523
 42.809113,-73.286533
 42.808263,-73.286179
 42.807862,-73.286222
 42.803352,-73.289891
 42.801848,-73.290911
 42.749935,-73.277307
 42.746201,-73.276448
 42.746012,-73.276062
 42.745949,-73.265773
 42.745933,-73.264475
 42.745838,-73.249862
 42.745476,-73.243693
 42.743569,-73.141823
 42.743309,-73.119839
 42.742411,-73.089885
 42.742088,-73.073491
 42.74219,-73.071088
 42.741489,-73.048525
 42.741126,-73.022164
 42.738967,-72.913578
 42.736659,-72.812222
 42.734097,-72.721338
 42.730157,-72.571124
 42.726816,-72.458493
 42.727414,-72.458299
 42.728731,-72.458278
 42.730362,-72.45905
 42.733065,-72.460874
 42.735626,-72.463138
 42.735796,-72.463186
 42.735918,-72.463342
 42.736564,-72.463535
 42.73693,-72.463793
 42.737793,-72.464876
 42.741166,-72.467794
 42.741501,-72.467977
 42.742614,-72.469431
 42.743194,-72.469718
 42.743498,-72.470133
 42.743892,-72.471056
 42.745031,-72.472124
 42.745356,-72.472561
 42.746106,-72.47317
 42.747197,-72.47376
 42.747706,-72.473878
 42.749447,-72.47421
 42.751527,-72.475036
 42.755804,-72.475541
 42.757553,-72.475905
 42.758546,-72.476314
 42.759412,-72.476681
 42.759676,-72.476853
 42.760328,-72.477132
 42.760554,-72.477326
 42.76083,-72.477391
 42.761303,-72.477676
 42.762291,-72.478464
 42.763106,-72.479349
 42.763555,-72.48024
 42.764383,-72.482879
 42.764863,-72.483904
 42.765454,-72.484778
 42.766383,-72.485905
 42.766923,-72.486361
 42.767421,-72.486696
 42.768253,-72.487003
 42.768606,-72.487285
 42.769211,-72.487653
 42.769955,-72.488367
 42.770605,-72.488909
 42.77244,-72.491065
 42.772739,-72.491698
 42.773117,-72.493844
 42.773267,-72.495325
 42.77329,-72.49644
 42.773133,-72.497417
 42.772912,-72.497932
 42.77244,-72.498597
 42.771983,-72.498801
 42.770935,-72.49886
 42.769069,-72.499241
 42.769002,-72.499557
 42.768659,-72.499959
 42.767761,-72.500571
 42.767124,-72.501397
 42.766383,-72.503237
 42.766123,-72.503618
 42.765914,-72.504267
 42.765818,-72.505675
 42.765556,-72.506322
 42.764635,-72.50747
 42.764422,-72.508028
 42.764304,-72.509315
 42.763792,-72.510635
 42.763666,-72.512051
 42.763855,-72.513124
 42.763957,-72.513242
 42.764516,-72.514454
 42.765123,-72.515323
 42.765284,-72.515565
 42.765588,-72.515699
 42.765926,-72.516074
 42.766407,-72.516332
 42.768155,-72.516643
 42.768293,-72.516729
 42.768675,-72.516739
 42.768882,-72.516568
 42.769278,-72.516503
 42.770384,-72.515581
 42.771006,-72.515044
 42.771447,-72.51483
 42.773306,-72.510002
 42.774613,-72.508382
 42.775448,-72.508049
 42.776771,-72.508049
 42.778295,-72.508532
 42.779992,-72.508907
 42.781488,-72.509723
 42.784142,-72.511783
 42.788228,-72.515527
 42.790575,-72.518274
 42.79607,-72.526771
 42.799479,-72.531481
 42.80469,-72.539345
 42.804869,-72.539517
 42.805441,-72.539796
 42.805558,-72.539957
 42.805836,-72.54008
 42.806935,-72.540667
 42.807651,-72.541208
 42.808594,-72.541695
 42.808861,-72.541786
 42.809216,-72.541802
 42.809162,-72.541644
 42.808968,-72.541485
 42.808987,-72.541276
 42.81105,-72.541877
 42.815323,-72.542156
 42.816598,-72.542564
 42.817011,-72.542757
 42.817328,-72.543207
 42.817692,-72.543551
 42.818573,-72.543722
 42.818762,-72.543615
 42.818849,-72.543733
 42.819215,-72.543921
 42.820289,-72.54472
 42.821454,-72.545063
 42.824948,-72.545761
 42.825821,-72.545675
 42.827135,-72.5459
 42.829653,-72.546523
 42.833587,-72.547156
 42.835341,-72.547381
 42.837308,-72.547413
 42.838166,-72.547649
 42.838781,-72.547748
 42.839082,-72.547612
 42.839448,-72.547746
 42.840703,-72.548304
 42.841944,-72.548722
 42.8421,-72.548738
 42.842634,-72.54898
 42.842973,-72.549242
 42.846174,-72.553174
 42.847386,-72.554108
 42.848573,-72.553668
 42.851177,-72.555739
 42.851584,-72.556039
 42.851724,-72.556286
 42.851759,-72.55664
 42.851861,-72.556785
 42.852105,-72.55693
 42.852522,-72.557091
 42.852986,-72.557176
 42.853682,-72.55716
 42.854693,-72.556822
 42.856132,-72.556216
 42.857607,-72.555538
 42.857825,-72.555359
 42.858304,-72.555173
 42.858405,-72.555016
 42.85883,-72.554837
 42.859738,-72.554553
 42.860583,-72.554376
 42.862042,-72.554451
 42.86229,-72.55444
 42.8631,-72.554628
 42.863182,-72.554593
 42.864317,-72.554855
 42.864507,-72.554846
 42.865388,-72.555142
 42.865907,-72.555398
 42.866458,-72.555278
 42.867283,-72.555621
 42.867802,-72.555685
 42.868219,-72.555535
 42.868764,-72.555497
 42.868931,-72.555417
 42.869359,-72.555428
 42.870036,-72.555556
 42.871073,-72.55532
 42.873983,-72.555503
 42.874824,-72.555503
 42.875437,-72.555385
 42.876365,-72.554896
 42.87679,-72.554748
 42.877301,-72.554437
 42.877393,-72.554338
 42.877895,-72.554181
 42.878083,-72.554175
 42.878205,-72.554019
 42.879478,-72.553357
 42.883024,-72.552348
 42.883661,-72.552338
 42.884714,-72.552649
 42.884978,-72.552676
 42.885155,-72.552606
 42.885359,-72.552477
 42.885477,-72.552252
 42.886082,-72.55119
 42.886346,-72.550358
 42.886414,-72.549524
 42.8865,-72.549307
 42.886555,-72.548726
 42.886884,-72.547156
 42.888244,-72.543787
 42.888696,-72.542499
 42.889014,-72.541491
 42.889627,-72.540332
 42.890696,-72.539302
 42.893424,-72.535461
 42.895523,-72.533294
 42.897409,-72.531835
 42.898368,-72.531395
 42.905763,-72.53118
 42.906738,-72.531588
 42.90739,-72.531631
 42.908329,-72.531379
 42.909252,-72.530848
 42.911256,-72.530365
 42.911362,-72.530236
 42.912168,-72.529678
 42.912682,-72.52934
 42.912883,-72.529002
 42.913209,-72.528487
 42.913678,-72.526728
 42.914022,-72.525784
 42.914666,-72.524979
 42.915476,-72.524561
 42.917354,-72.524207
 42.919106,-72.524432
 42.928384,-72.527136
 42.930144,-72.527114
 42.932202,-72.526696
 42.933671,-72.526771
 42.936082,-72.526277
 42.936412,-72.526546
 42.936691,-72.526615
 42.938305,-72.52661
 42.9386,-72.526497
 42.941062,-72.526921
 42.944486,-72.528048
 42.944973,-72.528257
 42.945397,-72.528552
 42.945967,-72.529308
 42.946175,-72.529786
 42.946544,-72.531492
 42.947078,-72.532468
 42.948303,-72.533938
 42.94897,-72.534367
 42.949453,-72.534555
 42.950266,-72.534592
 42.951562,-72.534302
 42.952351,-72.534083
 42.952795,-72.533712
 42.953945,-72.532736
 42.954844,-72.532275
 42.955111,-72.531953
 42.95581,-72.530612
 42.957019,-72.527618
 42.957804,-72.526149
 42.960176,-72.52249
 42.961974,-72.520505
 42.962056,-72.520146
 42.962366,-72.519883
 42.962908,-72.519025
 42.963383,-72.517855
 42.963566,-72.516637
 42.963811,-72.514368
 42.963937,-72.509991
 42.964188,-72.507555
 42.964455,-72.506579
 42.965475,-72.505045
 42.965813,-72.504144
 42.966088,-72.502848
 42.96619,-72.501875
 42.966677,-72.499477
 42.967108,-72.496848
 42.967697,-72.492471
 42.967941,-72.491988
 42.969044,-72.490969
 42.969495,-72.490153
 42.96986,-72.489274
 42.970092,-72.489134
 42.970319,-72.488641
 42.970413,-72.487782
 42.971026,-72.487696
 42.971524,-72.48731
 42.972368,-72.485948
 42.972855,-72.484322
 42.973114,-72.483735
 42.973216,-72.483169
 42.973616,-72.482793
 42.974028,-72.48171
 42.974127,-72.481205
 42.973977,-72.480294
 42.973656,-72.479242
 42.972969,-72.478132
 42.97225,-72.47745
 42.971799,-72.476732
 42.971693,-72.475927
 42.971819,-72.474736
 42.972211,-72.473685
 42.97612,-72.470123
 42.97667,-72.469334
 42.977392,-72.468038
 42.977941,-72.466872
 42.978616,-72.465992
 42.980712,-72.463739
 42.982871,-72.461711
 42.983389,-72.461502
 42.983718,-72.461529
 42.983962,-72.46162
 42.984268,-72.461861
 42.984825,-72.462763
 42.985604,-72.463465
 42.986038,-72.463793
 42.986308,-72.463868
 42.986561,-72.464125
 42.986712,-72.464216
 42.986975,-72.464294
 42.98705,-72.464393
 42.987368,-72.464522
 42.98893,-72.465166
 42.989455,-72.46523
 42.991464,-72.465069
 42.992944,-72.464914
 42.994156,-72.464458
 42.994847,-72.463964
 42.995302,-72.463857
 42.997075,-72.463042
 42.997632,-72.462516
 42.999873,-72.460177
 43.000434,-72.459641
 43.000861,-72.458943
 43.001093,-72.458106
 43.001281,-72.456733
 43.001273,-72.45602
 43.001187,-72.455156
 43.00023,-72.45227
 43.000088,-72.4511
 43.000285,-72.449931
 43.000748,-72.448922
 43.002607,-72.446358
 43.004035,-72.444974
 43.005267,-72.444116
 43.007731,-72.443343
 43.008601,-72.44329
 43.009464,-72.443537
 43.009802,-72.44374
 43.010743,-72.444953
 43.011628,-72.44627
 43.012198,-72.447329
 43.015081,-72.451916
 43.016509,-72.454748
 43.016805,-72.455336
 43.016866,-72.455837
 43.017223,-72.456712
 43.018043,-72.457897
 43.018611,-72.458417
 43.02037,-72.459415
 43.021973,-72.460477
 43.023577,-72.461346
 43.025326,-72.462569
 43.026498,-72.463084
 43.027592,-72.463278
 43.028651,-72.463202
 43.0306,-72.462661
 43.032863,-72.461818
 43.034596,-72.461421
 43.040563,-72.460681
 43.041434,-72.460756
 43.042073,-72.460917
 43.043104,-72.461464
 43.043849,-72.462097
 43.044237,-72.462441
 43.044751,-72.463127
 43.046036,-72.465209
 43.047471,-72.466486
 43.049549,-72.467419
 43.051266,-72.467934
 43.052144,-72.467998
 43.053116,-72.467794
 43.053931,-72.467365
 43.055664,-72.465852
 43.05682,-72.464726
 43.057836,-72.463535
 43.05851,-72.462677
 43.061159,-72.457463
 43.062406,-72.455767
 43.064185,-72.454126
 43.066168,-72.45286
 43.067516,-72.451599
 43.068653,-72.450306
 43.069139,-72.449169
 43.070487,-72.446069
 43.071396,-72.44477
 43.073504,-72.442818
 43.076239,-72.439728
 43.078496,-72.438279
 43.079985,-72.436461
 43.080299,-72.436337
 43.081255,-72.435624
 43.081952,-72.435265
 43.082281,-72.435243
 43.082798,-72.435071
 43.083731,-72.434396
 43.084213,-72.434417
 43.084438,-72.434181
 43.084632,-72.43416
 43.084977,-72.434503
 43.086434,-72.434782
 43.086747,-72.434996
 43.087562,-72.435769
 43.088412,-72.436638
 43.088783,-72.437201
 43.089498,-72.437958
 43.09083,-72.438633
 43.092412,-72.438859
 43.09412,-72.438912
 43.095695,-72.439502
 43.096565,-72.440125
 43.097195,-72.440747
 43.097293,-72.441026
 43.097849,-72.441691
 43.099009,-72.442507
 43.100254,-72.443086
 43.101966,-72.443483
 43.102581,-72.443429
 43.103509,-72.443188
 43.104249,-72.442775
 43.10477,-72.442533
 43.1049,-72.442249
 43.105691,-72.441852
 43.106122,-72.441466
 43.106588,-72.440779
 43.107007,-72.440028
 43.107986,-72.437325
 43.108941,-72.435629
 43.109725,-72.434578
 43.110598,-72.433832
 43.111095,-72.433516
 43.111315,-72.433586
 43.111691,-72.433473
 43.112489,-72.43299
 43.114784,-72.432486
 43.115834,-72.432411
 43.116147,-72.432695
 43.116867,-72.432786
 43.11906,-72.432754
 43.11993,-72.432936
 43.121096,-72.43373
 43.123246,-72.436069
 43.12408,-72.436842
 43.124667,-72.43755
 43.124699,-72.4377
 43.125051,-72.437786
 43.12529,-72.438076
 43.125905,-72.438558
 43.126766,-72.440135
 43.129005,-72.44197
 43.129272,-72.442174
 43.129491,-72.44212
 43.129632,-72.441831
 43.130239,-72.441965
 43.131159,-72.442431
 43.131714,-72.442335
 43.132439,-72.441434
 43.132617,-72.44146
 43.132873,-72.441187
 43.133617,-72.440608
 43.133852,-72.4402
 43.135173,-72.440194
 43.135782,-72.440318
 43.136467,-72.4402
 43.137172,-72.441541
 43.137078,-72.442077
 43.137633,-72.443129
 43.137696,-72.44373
 43.137696,-72.444052
 43.137602,-72.444309
 43.137469,-72.444513
 43.137242,-72.444695
 43.13707,-72.444953
 43.137052,-72.446012
 43.136964,-72.446771
 43.136819,-72.447281
 43.137115,-72.448324
 43.13752,-72.449239
 43.137892,-72.450832
 43.138291,-72.451744
 43.139293,-72.452903
 43.141587,-72.454319
 43.14709,-72.457398
 43.148022,-72.45757
 43.149532,-72.45654
 43.150568,-72.455164
 43.150749,-72.454668
 43.1521,-72.452924
 43.152859,-72.452334
 43.153282,-72.452216
 43.155904,-72.452141
 43.156616,-72.452302
 43.157234,-72.45227
 43.157845,-72.452441
 43.158705,-72.452441
 43.16132,-72.452278
 43.163184,-72.452007
 43.163734,-72.452066
 43.165412,-72.451798
 43.166954,-72.452216
 43.169417,-72.452527
 43.16997,-72.452484
 43.170185,-72.452742
 43.171985,-72.45315
 43.176093,-72.448815
 43.1763,-72.448128
 43.176193,-72.447978
 43.176179,-72.447506
 43.177192,-72.44601
 43.178205,-72.444685
 43.178964,-72.444105
 43.180177,-72.443773
 43.180998,-72.443773
 43.18138,-72.44384
 43.181448,-72.443992
 43.181304,-72.444341
 43.181437,-72.444438
 43.181699,-72.443858
 43.182782,-72.44418
 43.183916,-72.445049
 43.18595,-72.447345
 43.187859,-72.448783
 43.189455,-72.449684
 43.18978,-72.449722
 43.190683,-72.450049
 43.191536,-72.450285
 43.192341,-72.450424
 43.193937,-72.448611
 43.193698,-72.448756
 43.193538,-72.448601
 43.193655,-72.448214
 43.194524,-72.447238
 43.195877,-72.44536
 43.19642,-72.445017
 43.196706,-72.444631
 43.197979,-72.443193
 43.199471,-72.441047
 43.200014,-72.439996
 43.201054,-72.439095
 43.202658,-72.438773
 43.203526,-72.438676
 43.205966,-72.438794
 43.208406,-72.438784
 43.213136,-72.440597
 43.21366,-72.440715
 43.214024,-72.440972
 43.214466,-72.440844
 43.215967,-72.441283
 43.216671,-72.441353
 43.21728,-72.44123
 43.220162,-72.440602
 43.220963,-72.440318
 43.223242,-72.439116
 43.22409,-72.438827
 43.224262,-72.438467
 43.224684,-72.438236
 43.225109,-72.437897
 43.225768,-72.437621
 43.226133,-72.437306
 43.227581,-72.436439
 43.228914,-72.435415
 43.230258,-72.434696
 43.23154,-72.434353
 43.232541,-72.43453
 43.233135,-72.434814
 43.233303,-72.43498
 43.23369,-72.435189
 43.234706,-72.435468
 43.236265,-72.435522
 43.236832,-72.435619
 43.238302,-72.436627
 43.239943,-72.437361
 43.24321,-72.438523
 43.243325,-72.438583
 43.243565,-72.438644
 43.24378,-72.438764
 43.244167,-72.438884
 43.244257,-72.438961
 43.245242,-72.439191
 43.246617,-72.43917
 43.24741,-72.43903
 43.248954,-72.438612
 43.250071,-72.438671
 43.250486,-72.438816
 43.251564,-72.438869
 43.2529,-72.438709
 43.254471,-72.437561
 43.255151,-72.437426
 43.257456,-72.436391
 43.258042,-72.435844
 43.258495,-72.435222
 43.258886,-72.43432
 43.259454,-72.432287
 43.25964,-72.432003
 43.259761,-72.431971
 43.260409,-72.430083
 43.26062,-72.428752
 43.261128,-72.427272
 43.261667,-72.426306
 43.261792,-72.425491
 43.262064,-72.4246
 43.262742,-72.422851
 43.263411,-72.421628
 43.263812,-72.421221
 43.264097,-72.421049
 43.265191,-72.420738
 43.26573,-72.420459
 43.266378,-72.420056
 43.267558,-72.418989
 43.269058,-72.417208
 43.269917,-72.416328
 43.271085,-72.415564
 43.272456,-72.414939
 43.273479,-72.41429
 43.275141,-72.41286
 43.276194,-72.412289
 43.276393,-72.412047
 43.27781,-72.411075
 43.278674,-72.410439
 43.279929,-72.409674
 43.281482,-72.408652
 43.282774,-72.407895
 43.286398,-72.406983
 43.289296,-72.406034
 43.290998,-72.40532
 43.29254,-72.405025
 43.294059,-72.404634
 43.297729,-72.403325
 43.298479,-72.403231
 43.298916,-72.403094
 43.301602,-72.402713
 43.302039,-72.402595
 43.302242,-72.402456
 43.302602,-72.402316
 43.303384,-72.401718
 43.303855,-72.401163
 43.304983,-72.400374
 43.305733,-72.400004
 43.306482,-72.399484
 43.308161,-72.398883
 43.309109,-72.398164
 43.309451,-72.398046
 43.30987,-72.397778
 43.310475,-72.397166
 43.310667,-72.39707
 43.310723,-72.396947
 43.31104,-72.396606
 43.311248,-72.396523
 43.311367,-72.396324
 43.311596,-72.396147
 43.312009,-72.395922
 43.312595,-72.395504
 43.312946,-72.395466
 43.313672,-72.395493
 43.314061,-72.395585
 43.314262,-72.395678
 43.314429,-72.395777
 43.314589,-72.395801
 43.314937,-72.395997
 43.316498,-72.397113
 43.316859,-72.397547
 43.317064,-72.397639
 43.318083,-72.398787
 43.318727,-72.399795
 43.31948,-72.401351
 43.320393,-72.402552
 43.322386,-72.404125
 43.323263,-72.405001
 43.325094,-72.406409
 43.326025,-72.407337
 43.327964,-72.408893
 43.329061,-72.40958
 43.331015,-72.410417
 43.331679,-72.410374
 43.332803,-72.409955
 43.334075,-72.409126
 43.33441,-72.409038
 43.334535,-72.408754
 43.338086,-72.406409
 43.339958,-72.40487
 43.34363,-72.402375
 43.345818,-72.400954
 43.347566,-72.399302
 43.348962,-72.397515
 43.349844,-72.396072
 43.35156,-72.394227
 43.353842,-72.392113
 43.355141,-72.390772
 43.35607,-72.390139
 43.356912,-72.390107
 43.35745,-72.390761
 43.357871,-72.392135
 43.357827,-72.393822
 43.357688,-72.395187
 43.357801,-72.398068
 43.357669,-72.400911
 43.357852,-72.402813
 43.358113,-72.403963
 43.358355,-72.404505
 43.359615,-72.406318
 43.35965,-72.406629
 43.359771,-72.406662
 43.360734,-72.408217
 43.361452,-72.409741
 43.361826,-72.410945
 43.361998,-72.411849
 43.362076,-72.411962
 43.362294,-72.412584
 43.3627,-72.413313
 43.363425,-72.414129
 43.363771,-72.4143
 43.363829,-72.414408
 43.363932,-72.414435
 43.364019,-72.414526
 43.364194,-72.414558
 43.364268,-72.414687
 43.364709,-72.414748
 43.365057,-72.414917
 43.365239,-72.414891
 43.365976,-72.415116
 43.367169,-72.415094
 43.367653,-72.41496
 43.368433,-72.414848
 43.37149,-72.414955
 43.375109,-72.415813
 43.376528,-72.415996
 43.377651,-72.415963
 43.377955,-72.415883
 43.378228,-72.415931
 43.378372,-72.415856
 43.380294,-72.415373
 43.383304,-72.413925
 43.384318,-72.413131
 43.385959,-72.411211
 43.386143,-72.411178
 43.386181,-72.410921
 43.388497,-72.407767
 43.389363,-72.406136
 43.389963,-72.405294
 43.390735,-72.404494
 43.391935,-72.403797
 43.393651,-72.403368
 43.395153,-72.403346
 43.395627,-72.403518
 43.396574,-72.403518
 43.397208,-72.403293
 43.398792,-72.402488
 43.399404,-72.402273
 43.401259,-72.401884
 43.402117,-72.40188
 43.402163,-72.401766
 43.405749,-72.401174
 43.406482,-72.400979
 43.409849,-72.40042
 43.41094,-72.400138
 43.41419,-72.400095
 43.415413,-72.399935
 43.417162,-72.399515
 43.419472,-72.398859
 43.419883,-72.398856
 43.419974,-72.398736
 43.420752,-72.398593
 43.423629,-72.397625
 43.423966,-72.39759
 43.424093,-72.397502
 43.426385,-72.396812
 43.428109,-72.396448
 43.429787,-72.396255
 43.43099,-72.395911
 43.431855,-72.395782
 43.437807,-72.395804
 43.438084,-72.395707
 43.438518,-72.39567
 43.438625,-72.395589
 43.441975,-72.394785
 43.44467,-72.393991
 43.44615,-72.393326
 43.446201,-72.393245
 43.446672,-72.392993
 43.446685,-72.392915
 43.44729,-72.392536
 43.447696,-72.392357
 43.447809,-72.392172
 43.44911,-72.391287
 43.449928,-72.39089
 43.451205,-72.390579
 43.452491,-72.390558
 43.453604,-72.390686
 43.457273,-72.391464
 43.458378,-72.39163
 43.461159,-72.391689
 43.462179,-72.391791
 43.464098,-72.392446
 43.465169,-72.39265
 43.467341,-72.392521
 43.467657,-72.392355
 43.468798,-72.391523
 43.469802,-72.390102
 43.470448,-72.389023
 43.472348,-72.386953
 43.472603,-72.386861
 43.472733,-72.386491
 43.47424,-72.384421
 43.475314,-72.383412
 43.476101,-72.382886
 43.477526,-72.382286
 43.480102,-72.381717
 43.480869,-72.381687
 43.48148,-72.381572
 43.483247,-72.381449
 43.483777,-72.381331
 43.484269,-72.381382
 43.484449,-72.381241
 43.484857,-72.381237
 43.485703,-72.380993
 43.487241,-72.380655
 43.488132,-72.380527
 43.488229,-72.380593
 43.488517,-72.380424
 43.489825,-72.380301
 43.491654,-72.380344
 43.493476,-72.380934
 43.494993,-72.381759
 43.495176,-72.381817
 43.496014,-72.382394
 43.496333,-72.382527
 43.496667,-72.382746
 43.497507,-72.383271
 43.497973,-72.383397
 43.499248,-72.384166
 43.49976,-72.384694
 43.50014,-72.384708
 43.500285,-72.384807
 43.50083,-72.385516
 43.50104,-72.385925
 43.502488,-72.387666
 43.503842,-72.389517
 43.504947,-72.391373
 43.505873,-72.392655
 43.506674,-72.393637
 43.508083,-72.39633
 43.508643,-72.397006
 43.510406,-72.398154
 43.510892,-72.398379
 43.511756,-72.398551
 43.513421,-72.398572
 43.513829,-72.398459
 43.513895,-72.398368
 43.517443,-72.396912
 43.517964,-72.39685
 43.520563,-72.395825
 43.520995,-72.395855
 43.522275,-72.395595
 43.522749,-72.395611
 43.523247,-72.395938
 43.523877,-72.395943
 43.526825,-72.394549
 43.527393,-72.394227
 43.527541,-72.394034
 43.527619,-72.392735
 43.527557,-72.391748
 43.527277,-72.390772
 43.527331,-72.390279
 43.528319,-72.389045
 43.529845,-72.387551
 43.530096,-72.387452
 43.531251,-72.386438
 43.53143,-72.386148
 43.535125,-72.383326
 43.538337,-72.381481
 43.540398,-72.380569
 43.540869,-72.380419
 43.54151,-72.380397
 43.542451,-72.38073
 43.543431,-72.380784
 43.544613,-72.381073
 43.544878,-72.381282
 43.545609,-72.381535
 43.545959,-72.381513
 43.547032,-72.381492
 43.549077,-72.380773
 43.549676,-72.380698
 43.552627,-72.381084
 43.554878,-72.381191
 43.557988,-72.382039
 43.558116,-72.382122
 43.561634,-72.382548
 43.561677,-72.382653
 43.562466,-72.382779
 43.56413,-72.38265
 43.564985,-72.381964
 43.565428,-72.381374
 43.565451,-72.380961
 43.565342,-72.380805
 43.564596,-72.380676
 43.564479,-72.380365
 43.564689,-72.380129
 43.565179,-72.380022
 43.567604,-72.38
 43.567943,-72.380118
 43.569804,-72.380322
 43.57111,-72.380301
 43.571621,-72.380298
 43.571915,-72.380167
 43.572191,-72.380183
 43.57408,-72.379464
 43.575129,-72.378434
 43.57661,-72.376572
 43.57809,-72.375011
 43.579458,-72.37307
 43.580515,-72.371058
 43.581114,-72.369593
 43.58207,-72.366782
 43.582761,-72.365726
 43.583655,-72.363929
 43.584316,-72.361933
 43.584751,-72.359498
 43.585077,-72.358489
 43.585532,-72.357709
 43.585512,-72.357615
 43.585711,-72.357521
 43.586152,-72.356991
 43.586422,-72.356504
 43.586639,-72.355291
 43.586561,-72.355354
 43.586468,-72.35438
 43.587455,-72.350582
 43.587735,-72.349895
 43.589025,-72.348007
 43.589561,-72.347615
 43.590362,-72.346451
 43.591296,-72.344606
 43.591584,-72.343651
 43.592059,-72.342589
 43.592592,-72.341645
 43.593734,-72.340508
 43.596353,-72.336645
 43.596663,-72.336441
 43.597234,-72.335712
 43.599422,-72.332278
 43.599826,-72.331538
 43.599841,-72.330304
 43.600812,-72.328523
 43.601644,-72.327912
 43.602149,-72.327772
 43.603019,-72.327676
 43.604188,-72.327719
 43.604456,-72.327869
 43.604868,-72.327898
 43.605047,-72.328089
 43.605466,-72.328169
 43.606833,-72.328212
 43.607447,-72.32862
 43.607703,-72.32862
 43.608418,-72.329553
 43.609498,-72.331624
 43.61029,-72.332686
 43.612011,-72.333362
 43.612077,-72.333523
 43.613514,-72.333931
 43.614473,-72.334612
 43.614516,-72.334735
 43.615809,-72.334912
 43.617693,-72.334778
 43.619223,-72.334414
 43.620862,-72.33348
 43.621662,-72.333212
 43.624116,-72.332751
 43.62504,-72.332386
 43.625483,-72.332085
 43.625743,-72.331372
 43.625801,-72.330852
 43.626329,-72.330229
 43.627013,-72.328974
 43.627384,-72.32895
 43.627809,-72.329516
 43.6281,-72.32951
 43.628488,-72.329178
 43.629467,-72.327815
 43.630476,-72.327268
 43.630896,-72.327193
 43.631199,-72.327375
 43.63161,-72.328266
 43.632457,-72.32921
 43.632593,-72.32935
 43.632791,-72.329382
 43.632845,-72.329489
 43.633792,-72.329725
 43.634646,-72.329671
 43.635559,-72.329113
 43.635943,-72.328738
 43.636681,-72.327579
 43.637259,-72.326372
 43.637395,-72.325798
 43.638909,-72.322483
 43.639771,-72.319822
 43.640214,-72.317666
 43.641021,-72.315542
 43.641308,-72.315112
 43.64245,-72.314243
 43.643281,-72.313964
 43.646565,-72.313879
 43.647265,-72.314128
 43.6475,-72.314313
 43.649398,-72.315134
 43.652177,-72.314731
 43.654995,-72.314447
 43.657363,-72.313492
 43.658065,-72.313181
 43.658581,-72.312741
 43.658861,-72.312363
 43.65914,-72.311642
 43.659746,-72.310907
 43.660933,-72.310209
 43.661395,-72.309844
 43.661996,-72.309179
 43.662594,-72.308933
 43.662831,-72.308809
 43.663937,-72.307613
 43.664488,-72.306873
 43.665241,-72.306325
 43.666925,-72.305821
 43.667445,-72.306025
 43.668143,-72.306025
 43.668232,-72.305869
 43.668005,-72.305363
 43.667995,-72.305123
 43.668078,-72.304884
 43.667998,-72.303947
 43.667663,-72.303876
 43.667595,-72.303729
 43.667511,-72.30369
 43.667453,-72.303504
 43.668073,-72.303573
 43.668904,-72.303179
 43.669067,-72.303364
 43.669175,-72.303895
 43.669377,-72.304255
 43.66968,-72.304539
 43.670231,-72.304716
 43.671472,-72.304727
 43.671822,-72.304791
 43.672087,-72.304539
 43.672384,-72.304502
 43.67304,-72.303976
 43.674126,-72.303085
 43.674282,-72.302458
 43.674468,-72.302388
 43.674623,-72.30286
 43.674965,-72.30316
 43.676532,-72.303321
 43.677894,-72.303107
 43.67938,-72.302592
 43.680303,-72.303343
 43.680978,-72.303836
 43.68125,-72.304662
 43.683407,-72.306111
 43.687061,-72.305532
 43.690963,-72.305574
 43.692375,-72.305113
 43.6954,-72.30522
 43.696944,-72.304158
 43.697929,-72.30301
 43.699101,-72.302259
 43.699488,-72.302077
 43.69983,-72.301894
 43.700334,-72.30183
 43.700558,-72.301923
 43.700766,-72.30223
 43.700781,-72.302612
 43.700702,-72.30293
 43.700745,-72.303064
 43.701022,-72.302814
 43.701026,-72.302559
 43.700843,-72.302261
 43.700943,-72.302029
 43.701327,-72.302098
 43.701331,-72.302599
 43.701257,-72.302991
 43.701358,-72.303348
 43.701505,-72.30345
 43.702455,-72.302919
 43.702651,-72.303077
 43.702571,-72.303317
 43.702229,-72.303463
 43.702119,-72.30363
 43.70227,-72.303776
 43.702296,-72.303944
 43.70192,-72.304212
 43.701916,-72.304351
 43.702006,-72.304452
 43.702228,-72.304241
 43.702533,-72.304507
 43.7028,-72.304373
 43.702932,-72.305059
 43.703126,-72.305489
 43.703452,-72.305832
 43.703646,-72.305961
 43.703685,-72.30566
 43.70394,-72.30521
 43.704061,-72.305086
 43.703979,-72.304684
 43.703871,-72.30381
 43.703855,-72.302957
 43.703717,-72.302635
 43.702818,-72.30315
 43.702758,-72.302763
 43.703273,-72.302442
 43.703452,-72.302045
 43.703425,-72.301837
 43.703248,-72.301679
 43.703165,-72.301457
 43.703405,-72.301192
 43.703716,-72.300253
 43.704096,-72.300167
 43.705375,-72.300403
 43.70581,-72.300339
 43.70657,-72.299802
 43.707919,-72.297657
 43.709021,-72.295082
 43.710339,-72.29358
 43.710913,-72.292689
 43.711254,-72.292346
 43.712099,-72.292131
 43.71289,-72.291648
 43.717365,-72.286928
 43.719296,-72.285587
 43.720916,-72.284771
 43.722219,-72.283216
 43.723017,-72.282754
 43.72401,-72.281799
 43.724816,-72.280437
 43.725886,-72.27769
 43.727429,-72.275587
 43.728181,-72.275008
 43.730678,-72.274021
 43.733174,-72.272283
 43.733872,-72.271596
 43.734236,-72.270947
 43.734445,-72.269998
 43.73458,-72.269306
 43.734529,-72.268184
 43.734705,-72.267873
 43.734685,-72.266822
 43.734379,-72.266725
 43.734352,-72.267101
 43.734182,-72.266629
 43.734081,-72.265438
 43.734236,-72.264258
 43.735957,-72.260824
 43.739577,-72.25207
 43.741491,-72.248089
 43.742422,-72.246823
 43.742925,-72.245772
 43.743483,-72.244152
 43.744003,-72.242049
 43.744894,-72.240504
 43.745425,-72.239249
 43.745272,-72.239179
 43.744746,-72.239938
 43.744421,-72.240918
 43.744274,-72.240808
 43.744375,-72.23971
 43.744863,-72.238755
 43.745251,-72.238498
 43.745654,-72.238541
 43.746289,-72.238423
 43.746894,-72.23809
 43.747731,-72.237049
 43.747998,-72.236599
 43.748173,-72.236019
 43.748289,-72.235451
 43.748405,-72.234635
 43.748366,-72.234077
 43.748413,-72.233241
 43.748506,-72.232956
 43.748521,-72.232511
 43.748413,-72.232023
 43.748192,-72.232246
 43.747909,-72.232329
 43.747729,-72.232786
 43.747601,-72.232849
 43.747549,-72.232976
 43.747554,-72.233248
 43.747657,-72.233679
 43.747651,-72.23381
 43.747708,-72.234069
 43.747671,-72.234296
 43.747596,-72.234335
 43.74752,-72.234299
 43.747339,-72.233892
 43.747213,-72.233936
 43.747202,-72.234186
 43.747261,-72.234474
 43.747269,-72.234824
 43.747224,-72.235105
 43.747056,-72.235372
 43.746968,-72.235323
 43.746958,-72.23522
 43.747042,-72.235064
 43.746924,-72.23494
 43.746821,-72.234939
 43.746851,-72.234563
 43.746746,-72.23453
 43.745953,-72.2359
 43.745516,-72.236433
 43.745412,-72.237014
 43.744968,-72.238031
 43.744821,-72.237945
 43.744981,-72.23699
 43.745278,-72.236052
 43.74739,-72.232372
 43.74832,-72.231138
 43.749258,-72.230569
 43.749692,-72.230848
 43.750064,-72.23117
 43.750591,-72.230827
 43.753629,-72.228541
 43.753962,-72.228166
 43.754214,-72.227806
 43.7542,-72.227477
 43.754342,-72.22719
 43.755093,-72.226814
 43.755535,-72.226664
 43.755791,-72.226213
 43.757441,-72.224282
 43.758778,-72.223424
 43.759557,-72.222565
 43.760084,-72.222281
 43.76151,-72.22131
 43.763059,-72.220581
 43.763687,-72.219894
 43.76519,-72.2188
 43.765787,-72.217941
 43.766391,-72.216836
 43.766984,-72.214358
 43.767265,-72.213247
 43.76739,-72.212137
 43.767902,-72.210474
 43.76887,-72.208489
 43.770183,-72.206626
 43.77035,-72.206008
 43.77059,-72.205845
 43.77104,-72.205174
 43.773914,-72.205324
 43.776075,-72.20511
 43.776586,-72.205018
 43.777563,-72.204198
 43.77843,-72.202717
 43.779282,-72.202921
 43.781567,-72.204648
 43.782388,-72.204992
 43.783256,-72.205077
 43.784782,-72.204659
 43.785634,-72.203833
 43.786563,-72.202535
 43.78709,-72.201408
 43.788445,-72.197878
 43.790792,-72.195207
 43.793394,-72.193083
 43.798931,-72.190915
 43.800132,-72.190239
 43.800945,-72.189553
 43.802768,-72.186377
 43.803338,-72.18509
 43.804422,-72.184124
 43.806071,-72.183437
 43.809478,-72.18259
 43.810662,-72.182611
 43.813078,-72.183641
 43.817723,-72.18686
 43.820169,-72.187976
 43.82188,-72.188287
 43.822716,-72.188008
 43.827228,-72.18524
 43.830262,-72.182933
 43.831493,-72.182332
 43.833598,-72.181624
 43.835239,-72.181592
 43.838667,-72.182322
 43.841252,-72.182676
 43.844022,-72.182268
 43.844881,-72.182279
 43.846545,-72.182976
 43.851806,-72.185959
 43.853454,-72.186731
 43.855133,-72.1873
 43.856401,-72.186946
 43.860115,-72.184682
 43.861376,-72.184242
 43.863108,-72.184092
 43.863921,-72.183727
 43.864632,-72.183073
 43.865135,-72.182096
 43.86563,-72.180444
 43.865963,-72.174951
 43.866148,-72.173889
 43.866806,-72.171893
 43.867742,-72.169887
 43.868237,-72.168267
 43.869119,-72.16699
 43.869529,-72.166926
 43.871176,-72.167634
 43.873458,-72.169104
 43.875855,-72.17097
 43.878655,-72.172558
 43.880078,-72.173009
 43.883612,-72.172354
 43.884485,-72.171893
 43.885185,-72.171088
 43.885576,-72.170155
 43.886465,-72.169318
 43.886248,-72.165949
 43.886426,-72.163568
 43.886921,-72.161272
 43.887671,-72.159812
 43.888429,-72.159308
 43.890254,-72.158879
 43.892403,-72.158654
 43.8932,-72.1583
 43.895256,-72.157034
 43.897537,-72.155317
 43.899879,-72.153161
 43.901572,-72.151294
 43.903087,-72.149169
 43.904811,-72.146004
 43.909001,-72.13652
 43.909944,-72.135147
 43.911915,-72.133902
 43.91329,-72.132497
 43.916057,-72.125791
 43.918051,-72.12209
 43.919048,-72.120942
 43.920934,-72.119461
 43.922279,-72.1187
 43.92353,-72.118217
 43.926552,-72.117916
 43.928236,-72.118292
 43.930261,-72.11797
 43.933645,-72.116994
 43.935376,-72.11709
 43.93774,-72.117605
 43.939015,-72.117949
 43.940197,-72.118635
 43.941464,-72.119
 43.944044,-72.119129
 43.94565,-72.11871
 43.946462,-72.118313
 43.947149,-72.117594
 43.947551,-72.116575
 43.947558,-72.112026
 43.947821,-72.110277
 43.948794,-72.107584
 43.949845,-72.105685
 43.951166,-72.104151
 43.954657,-72.101566
 43.956781,-72.099516
 43.957545,-72.09898
 43.95841,-72.098873
 43.959206,-72.099248
 43.960457,-72.100836
 43.961137,-72.101147
 43.962727,-72.100836
 43.96309,-72.100536
 43.964009,-72.098508
 43.965006,-72.093304
 43.965492,-72.09132
 43.965801,-72.090944
 43.966202,-72.090976
 43.966581,-72.091255
 43.967052,-72.092135
 43.967801,-72.095515
 43.968627,-72.098293
 43.968982,-72.102445
 43.969623,-72.104248
 43.969098,-72.105535
 43.968915,-72.106085
 43.968792,-72.106124
 43.968708,-72.105994
 43.968623,-72.105929
 43.968562,-72.106163
 43.968644,-72.106379
 43.968942,-72.106316
 43.969152,-72.105761
 43.969507,-72.104677
 43.969747,-72.104548
 43.970033,-72.105846
 43.969963,-72.106426
 43.969507,-72.107424
 43.968017,-72.109441
 43.967276,-72.110074
 43.967075,-72.110578
 43.966967,-72.111146
 43.967253,-72.112895
 43.967909,-72.114193
 43.968511,-72.114483
 43.969384,-72.114623
 43.970504,-72.114279
 43.97194,-72.113475
 43.974928,-72.112842
 43.977414,-72.112627
 43.980726,-72.113142
 43.981575,-72.113003
 43.984069,-72.112048
 43.985628,-72.111962
 43.986917,-72.112187
 43.988121,-72.112809
 43.989603,-72.114065
 43.991865,-72.116607
 43.992664,-72.116886
 43.993525,-72.116994
 43.99442,-72.116886
 43.994459,-72.116999
 43.995032,-72.116634
 43.995029,-72.116522
 43.995086,-72.116361
 43.995158,-72.116366
 43.995192,-72.116436
 43.995182,-72.116822
 43.995254,-72.116951
 43.995315,-72.116543
 43.995219,-72.116205
 43.995647,-72.115738
 43.997075,-72.113035
 44.000401,-72.109226
 44.00142,-72.107016
 44.00203,-72.104795
 44.0023,-72.104334
 44.002678,-72.104055
 44.003512,-72.103733
 44.00436,-72.103829
 44.006467,-72.104473
 44.007756,-72.104677
 44.008489,-72.105106
 44.010935,-72.105793
 44.012224,-72.105846
 44.013011,-72.105417
 44.013705,-72.103926
 44.014315,-72.103336
 44.014924,-72.102188
 44.015518,-72.099323
 44.015148,-72.096984
 44.014515,-72.095321
 44.014832,-72.095107
 44.01416,-72.094506
 44.01308,-72.093551
 44.012364,-72.093158
 44.011281,-72.093069
 44.010602,-72.093272
 44.009644,-72.093432
 44.009303,-72.093066
 44.009261,-72.09228
 44.009321,-72.091439
 44.00969,-72.090898
 44.010167,-72.09055
 44.011045,-72.090546
 44.012243,-72.091387
 44.013312,-72.092425
 44.014816,-72.094506
 44.01514,-72.094946
 44.018049,-72.095976
 44.020194,-72.09589
 44.021459,-72.095536
 44.021881,-72.095464
 44.022011,-72.095091
 44.02267,-72.094903
 44.023503,-72.094066
 44.023808,-72.09324
 44.024081,-72.092725
 44.024508,-72.092253
 44.024684,-72.093133
 44.024815,-72.092945
 44.024767,-72.092646
 44.02478,-72.092282
 44.023991,-72.091994
 44.023998,-72.091507
 44.023665,-72.090547
 44.021637,-72.087446
 44.020811,-72.085354
 44.020765,-72.084163
 44.02095,-72.082994
 44.021112,-72.082447
 44.021706,-72.081589
 44.022979,-72.081041
 44.023835,-72.080902
 44.026913,-72.081256
 44.028086,-72.080805
 44.028811,-72.080172
 44.029382,-72.079293
 44.030253,-72.075913
 44.030901,-72.07513
 44.032051,-72.074314
 44.033015,-72.074261
 44.03384,-72.074615
 44.03502,-72.075377
 44.038013,-72.077769
 44.039633,-72.078574
 44.040373,-72.07881
 44.040928,-72.078799
 44.041769,-72.078595
 44.042972,-72.07793
 44.044044,-72.076921
 44.044622,-72.076042
 44.046928,-72.07042
 44.04864,-72.065667
 44.048979,-72.062738
 44.049257,-72.061611
 44.04955,-72.061214
 44.049966,-72.061086
 44.050807,-72.061311
 44.051578,-72.061837
 44.052226,-72.06262
 44.052789,-72.063521
 44.053567,-72.066944
 44.054385,-72.068285
 44.054786,-72.068489
 44.055642,-72.068478
 44.05706,-72.06777
 44.057353,-72.06733
 44.057693,-72.066257
 44.057731,-72.063854
 44.057346,-72.060292
 44.057353,-72.058897
 44.058024,-72.056708
 44.058356,-72.056333
 44.060291,-72.055002
 44.063552,-72.053468
 44.065564,-72.051719
 44.067252,-72.049853
 44.069634,-72.047642
 44.070914,-72.047685
 44.072039,-72.048222
 44.073558,-72.049434
 44.075277,-72.052084
 44.076055,-72.052556
 44.076479,-72.052556
 44.076826,-72.052256
 44.077504,-72.050056
 44.07826,-72.046216
 44.079323,-72.043619
 44.079424,-72.04304
 44.079115,-72.041323
 44.078514,-72.040486
 44.077435,-72.039478
 44.076895,-72.038566
 44.076618,-72.036924
 44.076718,-72.035133
 44.077312,-72.03288
 44.077751,-72.03186
 44.078684,-72.030637
 44.079501,-72.03024
 44.080387,-72.030348
 44.081188,-72.030798
 44.082144,-72.031968
 44.082807,-72.033502
 44.08367,-72.037311
 44.08421,-72.03877
 44.086021,-72.042857
 44.086568,-72.04378
 44.087331,-72.04422
 44.087816,-72.04393
 44.088101,-72.043501
 44.088209,-72.042933
 44.088155,-72.038727
 44.088448,-72.036356
 44.089519,-72.033759
 44.090429,-72.032493
 44.091145,-72.031817
 44.09237,-72.031249
 44.097895,-72.030197
 44.09919,-72.030165
 44.100407,-72.030659
 44.101439,-72.031732
 44.102225,-72.033159
 44.103643,-72.037235
 44.103905,-72.038898
 44.103766,-72.040046
 44.102271,-72.04216
 44.1012,-72.043147
 44.100376,-72.043469
 44.097803,-72.043533
 44.097024,-72.044027
 44.096747,-72.044456
 44.096632,-72.045035
 44.096705,-72.046462
 44.096901,-72.047675
 44.096508,-72.047943
 44.098018,-72.050335
 44.100199,-72.052277
 44.10184,-72.052953
 44.10365,-72.052953
 44.104937,-72.053146
 44.107379,-72.054305
 44.109906,-72.055067
 44.110692,-72.055485
 44.11234,-72.054906
 44.114674,-72.053404
 44.118109,-72.053189
 44.118957,-72.053286
 44.119465,-72.053275
 44.119819,-72.053093
 44.120081,-72.053275
 44.120482,-72.0532
 44.120755,-72.052943
 44.120844,-72.052256
 44.12095,-72.051915
 44.120664,-72.051766
 44.120305,-72.051756
 44.1201,-72.05244
 44.119956,-72.052738
 44.119946,-72.052383
 44.119782,-72.052156
 44.119977,-72.052004
 44.120066,-72.051666
 44.12012,-72.051119
 44.120374,-72.050657
 44.122168,-72.04923
 44.123532,-72.046613
 44.124279,-72.043812
 44.124887,-72.043008
 44.125095,-72.042471
 44.125434,-72.040765
 44.124687,-72.038684
 44.124872,-72.037557
 44.125557,-72.036903
 44.125965,-72.036721
 44.128984,-72.035851
 44.131032,-72.033684
 44.131425,-72.033437
 44.131841,-72.033405
 44.132203,-72.033695
 44.132449,-72.034178
 44.133235,-72.036978
 44.13382,-72.038094
 44.135425,-72.040073
 44.13623,-72.041409
 44.136877,-72.042021
 44.139949,-72.041634
 44.141526,-72.041927
 44.143349,-72.041984
 44.143701,-72.042076
 44.144234,-72.042003
 44.144484,-72.042114
 44.144769,-72.042101
 44.145415,-72.042267
 44.14636,-72.041986
 44.146528,-72.042058
 44.147325,-72.041967
 44.148372,-72.042241
 44.148872,-72.04257
 44.149819,-72.042857
 44.150362,-72.04297
 44.150966,-72.042933
 44.152013,-72.042621
 44.15229,-72.042675
 44.152657,-72.042373
 44.153146,-72.04205
 44.153341,-72.041683
 44.153628,-72.041605
 44.154407,-72.040991
 44.15458,-72.040905
 44.154766,-72.040486
 44.15489,-72.039982
 44.15533,-72.039349
 44.155723,-72.038502
 44.156008,-72.038555
 44.156189,-72.03862
 44.156356,-72.038909
 44.156701,-72.039049
 44.156801,-72.039188
 44.156782,-72.039472
 44.156839,-72.039628
 44.156962,-72.03981
 44.157086,-72.039741
 44.157147,-72.039821
 44.156935,-72.040014
 44.157045,-72.040057
 44.156924,-72.040293
 44.15657,-72.042364
 44.156608,-72.043051
 44.156828,-72.043324
 44.157001,-72.043684
 44.157551,-72.043989
 44.157978,-72.044005
 44.158379,-72.043887
 44.161111,-72.042353
 44.161253,-72.042326
 44.161394,-72.042173
 44.161611,-72.042203
 44.161679,-72.042353
 44.161808,-72.042439
 44.161989,-72.042525
 44.16181,-72.042836
 44.161754,-72.043147
 44.161773,-72.045089
 44.161388,-72.046441
 44.161519,-72.047015
 44.161758,-72.047482
 44.162089,-72.047868
 44.162489,-72.04805
 44.164043,-72.048297
 44.164821,-72.048769
 44.165167,-72.049112
 44.166237,-72.051677
 44.166953,-72.052406
 44.169369,-72.05364
 44.172316,-72.054477
 44.175748,-72.056462
 44.178703,-72.057331
 44.180765,-72.058178
 44.183627,-72.060142
 44.189174,-72.065796
 44.189928,-72.066182
 44.190359,-72.066214
 44.191197,-72.065978
 44.193421,-72.065098
 44.194501,-72.064873
 44.195644,-72.064347
 44.19749,-72.064369
 44.197836,-72.064219
 44.198186,-72.06394
 44.198474,-72.063489
 44.198828,-72.062872
 44.198759,-72.062564
 44.199028,-72.061998
 44.199805,-72.06056
 44.200151,-72.060195
 44.202036,-72.058854
 44.20412,-72.058146
 44.205389,-72.057856
 44.206143,-72.057867
 44.206804,-72.058564
 44.207204,-72.058747
 44.207554,-72.05887
 44.207673,-72.058779
 44.207742,-72.058538
 44.207973,-72.058425
 44.20816,-72.05846
 44.208254,-72.058774
 44.208581,-72.058586
 44.208812,-72.05902
 44.209413,-72.05938
 44.209646,-72.059627
 44.209788,-72.05997
 44.209899,-72.059991
 44.209994,-72.05983
 44.210241,-72.059643
 44.210503,-72.059613
 44.210903,-72.059348
 44.211368,-72.058972
 44.211849,-72.058468
 44.212014,-72.057406
 44.212287,-72.056301
 44.212879,-72.055453
 44.215509,-72.053715
 44.21797,-72.052631
 44.218385,-72.052513
 44.219246,-72.052588
 44.220869,-72.053286
 44.222691,-72.053812
 44.223983,-72.053897
 44.224844,-72.053779
 44.227773,-72.052867
 44.232524,-72.050732
 44.235045,-72.049981
 44.237259,-72.048286
 44.238812,-72.047771
 44.239665,-72.047857
 44.240826,-72.048265
 44.244192,-72.050078
 44.244892,-72.050786
 44.246336,-72.053264
 44.247412,-72.054155
 44.247981,-72.054842
 44.250878,-72.055861
 44.251601,-72.056494
 44.254121,-72.057899
 44.256419,-72.059605
 44.25728,-72.059627
 44.258087,-72.059948
 44.258863,-72.05968
 44.259293,-72.059723
 44.260545,-72.060142
 44.26078,-72.060217
 44.260953,-72.060399
 44.260991,-72.061311
 44.261083,-72.061542
 44.261149,-72.061389
 44.261152,-72.06115
 44.261129,-72.060657
 44.26157,-72.0604
 44.261648,-72.060218
 44.261618,-72.060036
 44.261416,-72.060101
 44.261578,-72.059888
 44.26174,-72.059546
 44.262005,-72.059401
 44.26199,-72.05982
 44.261967,-72.060109
 44.261898,-72.060399
 44.261913,-72.060662
 44.262067,-72.060817
 44.262543,-72.061118
 44.262647,-72.061
 44.262827,-72.061011
 44.263137,-72.061153
 44.263308,-72.061552
 44.263573,-72.061558
 44.263496,-72.061397
 44.263311,-72.061214
 44.263254,-72.061005
 44.263396,-72.060817
 44.263803,-72.060667
 44.264226,-72.06056
 44.264595,-72.060501
 44.265701,-72.059484
 44.265793,-72.05938
 44.265824,-72.059255
 44.265501,-72.059291
 44.265209,-72.059362
 44.264979,-72.059251
 44.264802,-72.0594
 44.264537,-72.059366
 44.264011,-72.059591
 44.264095,-72.059405
 44.264474,-72.059106
 44.265067,-72.058893
 44.265084,-72.058627
 44.265163,-72.058532
 44.265762,-72.058876
 44.266231,-72.058897
 44.266899,-72.058693
 44.267065,-72.058701
 44.267199,-72.058838
 44.267284,-72.05924
 44.267631,-72.059436
 44.267763,-72.059589
 44.267695,-72.059731
 44.267566,-72.059809
 44.267556,-72.059927
 44.267814,-72.059948
 44.26799,-72.059627
 44.26854,-72.059219
 44.269289,-72.058318
 44.269734,-72.058457
 44.270072,-72.058414
 44.269969,-72.058605
 44.269911,-72.05916
 44.269888,-72.059734
 44.269815,-72.060313
 44.26945,-72.061064
 44.269439,-72.061955
 44.269258,-72.062502
 44.268981,-72.063274
 44.26857,-72.063441
 44.268267,-72.063822
 44.268027,-72.0642
 44.267879,-72.064578
 44.267722,-72.064605
 44.267745,-72.06512
 44.267975,-72.065415
 44.268451,-72.065731
 44.268643,-72.065892
 44.268467,-72.066096
 44.268159,-72.066482
 44.268159,-72.066997
 44.26872,-72.067641
 44.270687,-72.068456
 44.273237,-72.067952
 44.274797,-72.066954
 44.275388,-72.066203
 44.276556,-72.065871
 44.279713,-72.064122
 44.281595,-72.062674
 44.282517,-72.061472
 44.285167,-72.059927
 44.28628,-72.058908
 44.286887,-72.058049
 44.287686,-72.056408
 44.288146,-72.056156
 44.288799,-72.055193
 44.289293,-72.054641
 44.289909,-72.054218
 44.290251,-72.053672
 44.290466,-72.053179
 44.291126,-72.049102
 44.291564,-72.047385
 44.292025,-72.046387
 44.292923,-72.045432
 44.294582,-72.044842
 44.295273,-72.044156
 44.295542,-72.04304
 44.295481,-72.04186
 44.295742,-72.040089
 44.29644,-72.038598
 44.29783,-72.03686
 44.300103,-72.035186
 44.300986,-72.033942
 44.302038,-72.032901
 44.302837,-72.032483
 44.304111,-72.032236
 44.306683,-72.032193
 44.308403,-72.032408
 44.310553,-72.032429
 44.311827,-72.032171
 44.313455,-72.031463
 44.315151,-72.031367
 44.315512,-72.03156
 44.316241,-72.033051
 44.317024,-72.033491
 44.317876,-72.033556
 44.319104,-72.033019
 44.320348,-72.032751
 44.32097,-72.03126
 44.322175,-72.029564
 44.322359,-72.028438
 44.322052,-72.025938
 44.320778,-72.02022
 44.320302,-72.019308
 44.320287,-72.018728
 44.320816,-72.014962
 44.322159,-72.009898
 44.323211,-72.006605
 44.323595,-72.004695
 44.323817,-72.004899
 44.325115,-72.001433
 44.325652,-71.99917
 44.327548,-71.993784
 44.328538,-71.992346
 44.329965,-71.988012
 44.331277,-71.986477
 44.336304,-71.984568
 44.337516,-71.98107
 44.337363,-71.979783
 44.337574,-71.978018
 44.337509,-71.977197
 44.33678,-71.973335
 44.336542,-71.963196
 44.336688,-71.961404
 44.337539,-71.958067
 44.337708,-71.951721
 44.337724,-71.945418
 44.337578,-71.944249
 44.336718,-71.942199
 44.335805,-71.93882
 44.335675,-71.936846
 44.335821,-71.935065
 44.336503,-71.932222
 44.337647,-71.929003
 44.33866,-71.927898
 44.341944,-71.925087
 44.343632,-71.921622
 44.346732,-71.917051
 44.348236,-71.906966
 44.34812,-71.905088
 44.347468,-71.902277
 44.345397,-71.89642
 44.34367,-71.892675
 44.34321,-71.891001
 44.34275,-71.888115
 44.341875,-71.88538
 44.33965,-71.880766
 44.338491,-71.877773
 44.338222,-71.876646
 44.337509,-71.876131
 44.337286,-71.875638
 44.337033,-71.873943
 44.33668,-71.872848
 44.336711,-71.870949
 44.337616,-71.868246
 44.339251,-71.864727
 44.340118,-71.861755
 44.340586,-71.854577
 44.340977,-71.85226
 44.34354,-71.846166
 44.344806,-71.842368
 44.347507,-71.838194
 44.350046,-71.833398
 44.351028,-71.828817
 44.352371,-71.825019
 44.352754,-71.823313
 44.352862,-71.819129
 44.354419,-71.814601
 44.355171,-71.813293
 44.3558,-71.812713
 44.356605,-71.812338
 44.357457,-71.81223
 44.358723,-71.812584
 44.362765,-71.814591
 44.365457,-71.815685
 44.367566,-71.816136
 44.367996,-71.816071
 44.36874,-71.815513
 44.370442,-71.812842
 44.371647,-71.812209
 44.372068,-71.81223
 44.37282,-71.812756
 44.374308,-71.814913
 44.375006,-71.815578
 44.37542,-71.815739
 44.3767,-71.815664
 44.379108,-71.814837
 44.381662,-71.814483
 44.38206,-71.814269
 44.382643,-71.813411
 44.383701,-71.809484
 44.383908,-71.808792
 44.38387,-71.807714
 44.383326,-71.80325
 44.383648,-71.801523
 44.384437,-71.800139
 44.385265,-71.799892
 44.38589,-71.799903
 44.386484,-71.800128
 44.390579,-71.803561
 44.391,-71.803658
 44.391836,-71.803465
 44.392626,-71.803004
 44.393661,-71.801941
 44.395746,-71.798755
 44.397049,-71.797189
 44.39885,-71.794581
 44.399832,-71.792629
 44.400238,-71.791604
 44.400276,-71.790665
 44.399885,-71.785371
 44.399678,-71.780033
 44.39987,-71.778263
 44.401434,-71.774701
 44.403097,-71.772856
 44.405527,-71.767598
 44.406546,-71.76497
 44.406837,-71.763511
 44.407006,-71.761665
 44.40697,-71.760303
 44.406719,-71.759155
 44.406728,-71.758028
 44.406554,-71.756945
 44.406389,-71.756076
 44.406071,-71.755292
 44.40496,-71.753458
 44.401932,-71.749456
 44.401756,-71.748909
 44.40102,-71.745465
 44.400951,-71.744285
 44.401119,-71.743104
 44.401564,-71.742107
 44.402254,-71.741549
 44.407972,-71.73833
 44.409298,-71.736839
 44.409972,-71.735326
 44.410156,-71.732354
 44.41067,-71.731099
 44.410976,-71.72596
 44.410869,-71.722205
 44.409712,-71.716594
 44.409543,-71.714212
 44.410371,-71.711229
 44.411413,-71.708375
 44.412793,-71.705006
 44.413498,-71.702646
 44.416096,-71.698655
 44.417575,-71.69608
 44.419283,-71.694245
 44.420157,-71.69152
 44.421758,-71.688709
 44.423498,-71.684461
 44.424195,-71.683774
 44.426632,-71.683152
 44.427045,-71.68298
 44.427329,-71.682583
 44.427532,-71.6821
 44.427612,-71.681446
 44.427735,-71.68092
 44.427674,-71.680266
 44.427632,-71.679724
 44.427344,-71.679182
 44.426509,-71.677884
 44.426616,-71.677337
 44.426907,-71.676908
 44.428057,-71.676124
 44.428907,-71.675974
 44.430125,-71.676511
 44.434339,-71.679182
 44.43522,-71.677938
 44.435496,-71.677412
 44.435557,-71.676843
 44.435695,-71.675663
 44.435756,-71.669569
 44.436691,-71.665589
 44.43738,-71.664076
 44.438001,-71.663153
 44.43997,-71.660836
 44.442628,-71.658915
 44.445508,-71.657757
 44.448457,-71.656973
 44.453174,-71.65678
 44.454875,-71.656426
 44.456521,-71.65574
 44.458688,-71.654302
 44.460105,-71.652972
 44.460649,-71.652296
 44.460825,-71.651781
 44.460832,-71.65118
 44.459998,-71.646534
 44.460273,-71.644185
 44.461024,-71.642725
 44.462364,-71.640773
 44.463757,-71.639378
 44.464554,-71.638938
 44.465427,-71.638981
 44.466499,-71.639893
 44.467387,-71.641701
 44.467907,-71.643227
 44.468796,-71.645311
 44.469324,-71.646255
 44.46999,-71.647006
 44.470526,-71.64736
 44.471184,-71.647586
 44.471613,-71.647564
 44.472823,-71.647049
 44.473963,-71.646191
 44.474488,-71.645692
 44.475211,-71.644549
 44.476497,-71.64235
 44.477324,-71.639228
 44.477891,-71.638348
 44.479353,-71.637093
 44.480027,-71.636487
 44.48044,-71.63588
 44.480631,-71.635387
 44.48062,-71.634904
 44.480493,-71.634582
 44.481083,-71.633933
 44.481182,-71.633713
 44.482618,-71.633584
 44.483219,-71.633391
 44.483724,-71.632812
 44.484175,-71.632233
 44.483923,-71.6319
 44.4839,-71.631417
 44.483969,-71.628617
 44.483693,-71.626868
 44.483272,-71.625828
 44.482951,-71.625463
 44.482116,-71.625302
 44.481718,-71.625495
 44.481022,-71.626192
 44.480233,-71.627705
 44.479935,-71.629561
 44.478809,-71.632737
 44.479338,-71.634454
 44.478128,-71.635194
 44.477286,-71.635419
 44.476015,-71.635323
 44.47525,-71.634818
 44.474607,-71.634035
 44.473856,-71.632576
 44.473581,-71.630967
 44.473726,-71.628038
 44.474499,-71.625237
 44.474943,-71.624218
 44.47528,-71.623907
 44.476069,-71.623414
 44.479345,-71.621987
 44.48292,-71.619905
 44.485094,-71.618253
 44.485645,-71.617373
 44.485767,-71.616595
 44.485599,-71.615603
 44.484198,-71.611902
 44.483938,-71.610754
 44.483877,-71.609563
 44.484244,-71.606698
 44.484987,-71.603254
 44.485415,-71.600314
 44.486097,-71.598802
 44.486778,-71.598083
 44.487482,-71.597718
 44.488305,-71.597611
 44.489372,-71.59716
 44.490253,-71.596656
 44.491225,-71.595765
 44.493222,-71.594682
 44.494056,-71.594435
 44.499781,-71.594167
 44.500202,-71.59407
 44.500875,-71.593384
 44.501059,-71.592869
 44.501066,-71.592295
 44.500906,-71.591721
 44.500653,-71.591259
 44.499934,-71.590616
 44.499207,-71.590278
 44.498296,-71.590068
 44.498005,-71.589671
 44.49789,-71.58789
 44.498044,-71.586936
 44.49848,-71.58612
 44.499635,-71.585391
 44.500064,-71.585401
 44.501541,-71.586517
 44.501969,-71.586624
 44.502382,-71.586458
 44.502704,-71.586142
 44.503125,-71.586045
 44.503614,-71.586131
 44.50421,-71.587064
 44.505019,-71.587998
 44.50569,-71.588287
 44.506403,-71.588137
 44.506592,-71.587316
 44.506382,-71.586388
 44.505597,-71.585667
 44.504933,-71.58531
 44.504295,-71.585219
 44.503599,-71.585069
 44.502451,-71.584479
 44.50195,-71.583508
 44.501556,-71.582344
 44.501219,-71.580606
 44.501204,-71.578814
 44.501541,-71.577097
 44.501824,-71.576679
 44.502643,-71.576325
 44.503484,-71.576196
 44.504104,-71.576309
 44.504571,-71.576571
 44.505229,-71.577333
 44.507081,-71.580648
 44.508664,-71.582655
 44.50959,-71.583427
 44.511862,-71.58465
 44.513699,-71.585187
 44.514862,-71.585927
 44.515179,-71.586238
 44.515466,-71.586721
 44.516874,-71.589682
 44.518327,-71.591882
 44.519004,-71.592536
 44.519803,-71.593083
 44.52066,-71.593491
 44.521146,-71.593603
 44.521509,-71.593523
 44.521919,-71.593491
 44.522328,-71.593201
 44.522726,-71.592944
 44.522733,-71.592332
 44.521938,-71.588287
 44.521869,-71.587118
 44.522037,-71.585294
 44.522764,-71.583138
 44.52408,-71.580766
 44.525043,-71.579576
 44.526114,-71.578578
 44.528814,-71.576625
 44.531476,-71.574222
 44.532623,-71.573417
 44.533816,-71.572741
 44.536753,-71.571497
 44.537808,-71.571282
 44.538428,-71.571432
 44.539873,-71.57272
 44.542779,-71.576518
 44.545585,-71.58185
 44.546227,-71.583395
 44.547061,-71.586152
 44.54859,-71.588352
 44.55424,-71.597364
 44.554599,-71.597654
 44.555448,-71.597686
 44.557145,-71.597353
 44.559332,-71.596591
 44.560516,-71.595878
 44.56245,-71.594306
 44.564201,-71.59259
 44.564874,-71.591753
 44.565256,-71.590642
 44.565455,-71.589532
 44.565562,-71.588529
 44.5655,-71.58774
 44.565309,-71.586453
 44.564644,-71.583642
 44.564491,-71.58185
 44.564579,-71.579978
 44.564897,-71.577204
 44.564814,-71.576225
 44.564564,-71.575311
 44.564048,-71.573911
 44.562886,-71.571411
 44.562443,-71.568503
 44.56284,-71.563321
 44.563123,-71.561562
 44.563605,-71.55991
 44.5644,-71.558493
 44.565118,-71.557893
 44.565959,-71.557828
 44.567148,-71.558279
 44.568092,-71.55845
 44.568948,-71.558343
 44.569395,-71.558204
 44.569735,-71.557935
 44.569983,-71.55749
 44.569987,-71.556852
 44.568871,-71.553
 44.568879,-71.550618
 44.569146,-71.549492
 44.569651,-71.548526
 44.570369,-71.547909
 44.571149,-71.547421
 44.571562,-71.547292
 44.57241,-71.547421
 44.573125,-71.547893
 44.57364,-71.548537
 44.575184,-71.551155
 44.57596,-71.55211
 44.576919,-71.552893
 44.577981,-71.553665
 44.579212,-71.554288
 44.580045,-71.554502
 44.580465,-71.554465
 44.580885,-71.554298
 44.581099,-71.55403
 44.581107,-71.553676
 44.581071,-71.553094
 44.580851,-71.552491
 44.580427,-71.552099
 44.578325,-71.550329
 44.577699,-71.549524
 44.577492,-71.549009
 44.577324,-71.547239
 44.577615,-71.545501
 44.57805,-71.544482
 44.580308,-71.540861
 44.580992,-71.539407
 44.582268,-71.537808
 44.583117,-71.537164
 44.584095,-71.537046
 44.584989,-71.536821
 44.585921,-71.536295
 44.587449,-71.534622
 44.587854,-71.534493
 44.588164,-71.534536
 44.588366,-71.534665
 44.588313,-71.535105
 44.588037,-71.536306
 44.587762,-71.53695
 44.587686,-71.537915
 44.587984,-71.539031
 44.588251,-71.539471
 44.588633,-71.539707
 44.589482,-71.539739
 44.589887,-71.5396
 44.590593,-71.538972
 44.591636,-71.537765
 44.592026,-71.537551
 44.593294,-71.537336
 44.593722,-71.537422
 44.5941,-71.537722
 44.594325,-71.538173
 44.594417,-71.538742
 44.594387,-71.539439
 44.594142,-71.539836
 44.592606,-71.541917
 44.591147,-71.544685
 44.590887,-71.545812
 44.590933,-71.546391
 44.591178,-71.546831
 44.591544,-71.547089
 44.592087,-71.54711
 44.593707,-71.545404
 44.595372,-71.544868
 44.596648,-71.545029
 44.597015,-71.545297
 44.597259,-71.545769
 44.597374,-71.546375
 44.59729,-71.546938
 44.597248,-71.547325
 44.596824,-71.547915
 44.595151,-71.549771
 44.593684,-71.552711
 44.593348,-71.553741
 44.593386,-71.55447
 44.593516,-71.554856
 44.593779,-71.554899
 44.593943,-71.554749
 44.594975,-71.553859
 44.595334,-71.553762
 44.597038,-71.553891
 44.597718,-71.55388
 44.598333,-71.553542
 44.598703,-71.552989
 44.599001,-71.551681
 44.599803,-71.550329
 44.600208,-71.550146
 44.600628,-71.5502
 44.601048,-71.550447
 44.601186,-71.550951
 44.601247,-71.551418
 44.601155,-71.552035
 44.599948,-71.555371
 44.599757,-71.556852
 44.599734,-71.557732
 44.599822,-71.558805
 44.600017,-71.560092
 44.600452,-71.561111
 44.600773,-71.561487
 44.60117,-71.561712
 44.601659,-71.561975
 44.601995,-71.562002
 44.602408,-71.561986
 44.602805,-71.561712
 44.603031,-71.561503
 44.603149,-71.560671
 44.603176,-71.559786
 44.603019,-71.558279
 44.603248,-71.555918
 44.603745,-71.554964
 44.604417,-71.554213
 44.605945,-71.553247
 44.607228,-71.553032
 44.608496,-71.55314
 44.610573,-71.553859
 44.611925,-71.554556
 44.614117,-71.555049
 44.617119,-71.556047
 44.618558,-71.556138
 44.62096,-71.556058
 44.624526,-71.554921
 44.624744,-71.554856
 44.62487,-71.55462
 44.625026,-71.554422
 44.625061,-71.554137
 44.62511,-71.553977
 44.624992,-71.553558
 44.624927,-71.553268
 44.62477,-71.553065
 44.624396,-71.552517
 44.623457,-71.551541
 44.622907,-71.550618
 44.622281,-71.549052
 44.621853,-71.547207
 44.621884,-71.546777
 44.622144,-71.546338
 44.622525,-71.546112
 44.623373,-71.545984
 44.623778,-71.546123
 44.625106,-71.547228
 44.625366,-71.547979
 44.625572,-71.548768
 44.625549,-71.549406
 44.625419,-71.550211
 44.625419,-71.55093
 44.625557,-71.551477
 44.625923,-71.55197
 44.626275,-71.551949
 44.626538,-71.552458
 44.626656,-71.552893
 44.627034,-71.553011
 44.627061,-71.55315
 44.626924,-71.553462
 44.627101,-71.554567
 44.627172,-71.555865
 44.627298,-71.556702
 44.627603,-71.557099
 44.628,-71.557292
 44.628317,-71.557383
 44.628819,-71.557171
 44.62926,-71.557152
 44.629466,-71.55712
 44.629734,-71.556551
 44.629764,-71.556047
 44.629672,-71.554867
 44.629362,-71.554052
 44.629,-71.553817
 44.628186,-71.552776
 44.627939,-71.552106
 44.627823,-71.552232
 44.627826,-71.55164
 44.627594,-71.552093
 44.627362,-71.552224
 44.62731,-71.552122
 44.627754,-71.551167
 44.627878,-71.55032
 44.628201,-71.549226
 44.628012,-71.548671
 44.62855,-71.54696
 44.62889,-71.546665
 44.629716,-71.546775
 44.630366,-71.547205
 44.630707,-71.548054
 44.630896,-71.549514
 44.630785,-71.550244
 44.630309,-71.551361
 44.630108,-71.552133
 44.63013,-71.55295
 44.63038,-71.553703
 44.630711,-71.55418
 44.634047,-71.557903
 44.635322,-71.560296
 44.636383,-71.562892
 44.636666,-71.5633
 44.63733,-71.563751
 44.638048,-71.563976
 44.638468,-71.564013
 44.638872,-71.563751
 44.639063,-71.563268
 44.639128,-71.562243
 44.639101,-71.560875
 44.639307,-71.559727
 44.639872,-71.558858
 44.640582,-71.558182
 44.641185,-71.557909
 44.641819,-71.557785
 44.643475,-71.558311
 44.644246,-71.558837
 44.644979,-71.559448
 44.646269,-71.561143
 44.646784,-71.561632
 44.647376,-71.562034
 44.647899,-71.562275
 44.648635,-71.562281
 44.649727,-71.562045
 44.650589,-71.56198
 44.651566,-71.562409
 44.652353,-71.562796
 44.653024,-71.563767
 44.653635,-71.564791
 44.653795,-71.565054
 44.653848,-71.565789
 44.653738,-71.566427
 44.653436,-71.566873
 44.65336,-71.567082
 44.653116,-71.567141
 44.652719,-71.567353
 44.651528,-71.567715
 44.650872,-71.568195
 44.650292,-71.56904
 44.650067,-71.570011
 44.649902,-71.571625
 44.649956,-71.573299
 44.650265,-71.575214
 44.650628,-71.576883
 44.651689,-71.579908
 44.652101,-71.580096
 44.652253,-71.579897
 44.652704,-71.576368
 44.653215,-71.57508
 44.653627,-71.574672
 44.65423,-71.574426
 44.654791,-71.57449
 44.655276,-71.574694
 44.65584,-71.57523
 44.656039,-71.575842
 44.656184,-71.576625
 44.656144,-71.577422
 44.655875,-71.578283
 44.655506,-71.579112
 44.655367,-71.579618
 44.655466,-71.58141
 44.65581,-71.582505
 44.656497,-71.584017
 44.657359,-71.58523
 44.659687,-71.587311
 44.660374,-71.587713
 44.66077,-71.587794
 44.661068,-71.58767
 44.661411,-71.587225
 44.662022,-71.586195
 44.662678,-71.585444
 44.663033,-71.585122
 44.663449,-71.584972
 44.663876,-71.584918
 44.665536,-71.585181
 44.66602,-71.585144
 44.666623,-71.585433
 44.66921,-71.587708
 44.669614,-71.587858
 44.669904,-71.587869
 44.670286,-71.587477
 44.670446,-71.586978
 44.670759,-71.585053
 44.671072,-71.583728
 44.67156,-71.582633
 44.672346,-71.581582
 44.672737,-71.581458
 44.67296,-71.581442
 44.673376,-71.58156
 44.673795,-71.581834
 44.674078,-71.582215
 44.674284,-71.582687
 44.674413,-71.583288
 44.674484,-71.584157
 44.674432,-71.585369
 44.674339,-71.586185
 44.674321,-71.586788
 44.674455,-71.587756
 44.674719,-71.58847
 44.675741,-71.589548
 44.676344,-71.590294
 44.676633,-71.591098
 44.676714,-71.591967
 44.676641,-71.593008
 44.677038,-71.594703
 44.677457,-71.595744
 44.677618,-71.596109
 44.678068,-71.596559
 44.678464,-71.596742
 44.678884,-71.596688
 44.67925,-71.596447
 44.680211,-71.59524
 44.681295,-71.594263
 44.682126,-71.593995
 44.683408,-71.593963
 44.683881,-71.594038
 44.684155,-71.59422
 44.685177,-71.595186
 44.687298,-71.596549
 44.690067,-71.597031
 44.690967,-71.597595
 44.691821,-71.597943
 44.692202,-71.597922
 44.692767,-71.597664
 44.69433,-71.59672
 44.694662,-71.596398
 44.694933,-71.595883
 44.695021,-71.595564
 44.695063,-71.595138
 44.695043,-71.59469
 44.695223,-71.594199
 44.695551,-71.593856
 44.695962,-71.59377
 44.696382,-71.593888
 44.696698,-71.594086
 44.697015,-71.594628
 44.697549,-71.596259
 44.698167,-71.599445
 44.698719,-71.60047
 44.699013,-71.600744
 44.699402,-71.600958
 44.700172,-71.600819
 44.701324,-71.600046
 44.702368,-71.599016
 44.703169,-71.598619
 44.703798,-71.598614
 44.704427,-71.598802
 44.70519,-71.599306
 44.706235,-71.600368
 44.706822,-71.601226
 44.707239,-71.602466
 44.707565,-71.603919
 44.70776,-71.604295
 44.708568,-71.605175
 44.709349,-71.605877
 44.710283,-71.606516
 44.710825,-71.606387
 44.711267,-71.606677
 44.71222,-71.607481
 44.713905,-71.6085
 44.714519,-71.609576
 44.71543,-71.610577
 44.715952,-71.611577
 44.71649,-71.612256
 44.716654,-71.612502
 44.716833,-71.612556
 44.717382,-71.6124
 44.717824,-71.612631
 44.71798,-71.612846
 44.718197,-71.612996
 44.718537,-71.612695
 44.719166,-71.612545
 44.720012,-71.613919
 44.721334,-71.617126
 44.722062,-71.618468
 44.722207,-71.618671
 44.722398,-71.61872
 44.722863,-71.618661
 44.726118,-71.617835
 44.727757,-71.617169
 44.728218,-71.617035
 44.728587,-71.617094
 44.728759,-71.617223
 44.728869,-71.617502
 44.729014,-71.618038
 44.728961,-71.619219
 44.728435,-71.620544
 44.727898,-71.621388
 44.727574,-71.622105
 44.727314,-71.62322
 44.72733,-71.623821
 44.727436,-71.624401
 44.72765,-71.624916
 44.728012,-71.625602
 44.728222,-71.625795
 44.728587,-71.626085
 44.729075,-71.626273
 44.729853,-71.626289
 44.733534,-71.625999
 44.734472,-71.625785
 44.736003,-71.625098
 44.736849,-71.624937
 44.737695,-71.625077
 44.739982,-71.626214
 44.740477,-71.626418
 44.74082,-71.626364
 44.741273,-71.626208
 44.74271,-71.625109
 44.743365,-71.625077
 44.744142,-71.625323
 44.746969,-71.626943
 44.747305,-71.627287
 44.747526,-71.627855
 44.748112,-71.630065
 44.748642,-71.631353
 44.748973,-71.631589
 44.750535,-71.632082
 44.750951,-71.632174
 44.751381,-71.63205
 44.751777,-71.631857
 44.752029,-71.631696
 44.752402,-71.631063
 44.752806,-71.630977
 44.753137,-71.630763
 44.753332,-71.630162
 44.753591,-71.628113
 44.753636,-71.626085
 44.753804,-71.625227
 44.754017,-71.624626
 44.75489,-71.623397
 44.755374,-71.622276
 44.755892,-71.620635
 44.755998,-71.620281
 44.755998,-71.619433
 44.755838,-71.61887
 44.75577,-71.618307
 44.755823,-71.617717
 44.755934,-71.617234
 44.756257,-71.616708
 44.758368,-71.614133
 44.758691,-71.613243
 44.758931,-71.612931
 44.759133,-71.612792
 44.759411,-71.612695
 44.760836,-71.613168
 44.761453,-71.612926
 44.762131,-71.612406
 44.764683,-71.611633
 44.765258,-71.611397
 44.765422,-71.61114
 44.765567,-71.610684
 44.765553,-71.610173
 44.765662,-71.609083
 44.765833,-71.60849
 44.766062,-71.60776
 44.766961,-71.605958
 44.769078,-71.603018
 44.76984,-71.602471
 44.771599,-71.601655
 44.772315,-71.601157
 44.773031,-71.600379
 44.773572,-71.599456
 44.774859,-71.595948
 44.775438,-71.595079
 44.775902,-71.594768
 44.776462,-71.594655
 44.776809,-71.594735
 44.777365,-71.595165
 44.777738,-71.595604
 44.778225,-71.595835
 44.778606,-71.595787
 44.779017,-71.595712
 44.779832,-71.595325
 44.780807,-71.594564
 44.781374,-71.593705
 44.78265,-71.592472
 44.782795,-71.590819
 44.783202,-71.589757
 44.783548,-71.588674
 44.783838,-71.586496
 44.784375,-71.585063
 44.785049,-71.58361
 44.785148,-71.583084
 44.78474,-71.581737
 44.784622,-71.58052
 44.784828,-71.579361
 44.785475,-71.57861
 44.789435,-71.575606
 44.789949,-71.574662
 44.790325,-71.573589
 44.790927,-71.572763
 44.791315,-71.572527
 44.792579,-71.572291
 44.792926,-71.572081
 44.793318,-71.571293
 44.794269,-71.571143
 44.794985,-71.571507
 44.796017,-71.57236
 44.796774,-71.572613
 44.799172,-71.572806
 44.800429,-71.571915
 44.801373,-71.571872
 44.802796,-71.570499
 44.803588,-71.570252
 44.804349,-71.569512
 44.805129,-71.569254
 44.806062,-71.568514
 44.806899,-71.568385
 44.807276,-71.568546
 44.807653,-71.5689
 44.80919,-71.571132
 44.810385,-71.571915
 44.811215,-71.57287
 44.811938,-71.575145
 44.812341,-71.575965
 44.812844,-71.576507
 44.81319,-71.57677
 44.814069,-71.576947
 44.814921,-71.576915
 44.815713,-71.576496
 44.817053,-71.575316
 44.818719,-71.574436
 44.81991,-71.574039
 44.820462,-71.573664
 44.82085,-71.573031
 44.822205,-71.569485
 44.823746,-71.565879
 44.824008,-71.565513
 44.824046,-71.565167
 44.823875,-71.564743
 44.823386,-71.564488
 44.823157,-71.564361
 44.823049,-71.564169
 44.822943,-71.563622
 44.823103,-71.562865
 44.823476,-71.562023
 44.82397,-71.561481
 44.824526,-71.56109
 44.826192,-71.560414
 44.828285,-71.559845
 44.829437,-71.559277
 44.830727,-71.558815
 44.833938,-71.557152
 44.834227,-71.556755
 44.834569,-71.555521
 44.834744,-71.554459
 44.835269,-71.553118
 44.83581,-71.552287
 44.836882,-71.551176
 44.837681,-71.550779
 44.838419,-71.55064
 44.839218,-71.550672
 44.840424,-71.551005
 44.841774,-71.551445
 44.842143,-71.551396
 44.84274,-71.551552
 44.843813,-71.552523
 44.845532,-71.553622
 44.845958,-71.554121
 44.84678,-71.555285
 44.847004,-71.555479
 44.847578,-71.555693
 44.848362,-71.555779
 44.848757,-71.555741
 44.849198,-71.555597
 44.849982,-71.555146
 44.850765,-71.554443
 44.85164,-71.55344
 44.85383,-71.550597
 44.854135,-71.55013
 44.854454,-71.548888
 44.85485,-71.548011
 44.855116,-71.547614
 44.855549,-71.547389
 44.856078,-71.547233
 44.856622,-71.547443
 44.858436,-71.54887
 44.859002,-71.549535
 44.859512,-71.549685
 44.860261,-71.5499
 44.860767,-71.549921
 44.862067,-71.549438
 44.862987,-71.548451
 44.865945,-71.545898
 44.866306,-71.545115
 44.866411,-71.544369
 44.866668,-71.543559
 44.868447,-71.539932
 44.868607,-71.539294
 44.86866,-71.538648
 44.868576,-71.537379
 44.868721,-71.535931
 44.869029,-71.535115
 44.870355,-71.53268
 44.870969,-71.532023
 44.871964,-71.531323
 44.87269,-71.530266
 44.872979,-71.529311
 44.873306,-71.528855
 44.873663,-71.528656
 44.87415,-71.52849
 44.874499,-71.528474
 44.875579,-71.528903
 44.876582,-71.528882
 44.877316,-71.528608
 44.877761,-71.528249
 44.878149,-71.527804
 44.878354,-71.527401
 44.878529,-71.526865
 44.878688,-71.524494
 44.879068,-71.523432
 44.87957,-71.522648
 44.88027,-71.521983
 44.881501,-71.521511
 44.88309,-71.520556
 44.884474,-71.519161
 44.88474,-71.5187
 44.884816,-71.518131
 44.884785,-71.517759
 44.884481,-71.516957
 44.884451,-71.516426
 44.88447,-71.516152
 44.884626,-71.515943
 44.885013,-71.515707
 44.886268,-71.515514
 44.886716,-71.51538
 44.887012,-71.515117
 44.888335,-71.513121
 44.889053,-71.512257
 44.889559,-71.511544
 44.890251,-71.510761
 44.890406,-71.51068
 44.890653,-71.510707
 44.890904,-71.510814
 44.891018,-71.510986
 44.892166,-71.513207
 44.892668,-71.513636
 44.893169,-71.514022
 44.893458,-71.514044
 44.893929,-71.514044
 44.894279,-71.513851
 44.894606,-71.513497
 44.895024,-71.512488
 44.895601,-71.51002
 44.896008,-71.509414
 44.89631,-71.508634
 44.896536,-71.508261
 44.896905,-71.50795
 44.897304,-71.50781
 44.898155,-71.507832
 44.899234,-71.507574
 44.899664,-71.507113
 44.900215,-71.506072
 44.901073,-71.504002
 44.90162,-71.5031
 44.902532,-71.502178
 44.904691,-71.500504
 44.904721,-71.50001
 44.904592,-71.498594
 44.904314,-71.497827
 44.903627,-71.496674
 44.903596,-71.496191
 44.903809,-71.495558
 44.904064,-71.495102
 44.904455,-71.494839
 44.905234,-71.4947
 44.905846,-71.494796
 44.907213,-71.495869
 44.907814,-71.496084
 44.908893,-71.495966
 44.909421,-71.495681
 44.90963,-71.495419
 44.909899,-71.495091
 44.910093,-71.494721
 44.91026,-71.493305
 44.910371,-71.493085
 44.910967,-71.493058
 44.911377,-71.493198
 44.911696,-71.493562
 44.911839,-71.494051
 44.911845,-71.49456
 44.91178,-71.495365
 44.910921,-71.498433
 44.910902,-71.498948
 44.910959,-71.49942
 44.911161,-71.499935
 44.911514,-71.500279
 44.91232,-71.500611
 44.913581,-71.50044
 44.914424,-71.50059
 44.91503,-71.50093
 44.916229,-71.502065
 44.918063,-71.503326
 44.919043,-71.504248
 44.919767,-71.50508
 44.920946,-71.506791
 44.921892,-71.507832
 44.922842,-71.50869
 44.923617,-71.509023
 44.924103,-71.50957
 44.924392,-71.510187
 44.924627,-71.511362
 44.925007,-71.511801
 44.926002,-71.512252
 44.926351,-71.512928
 44.926526,-71.514698
 44.926689,-71.515154
 44.927065,-71.515589
 44.92746,-71.51576
 44.927863,-71.515664
 44.92819,-71.515288
 44.928676,-71.513647
 44.928995,-71.513293
 44.929405,-71.513271
 44.930172,-71.513776
 44.93081,-71.514671
 44.931205,-71.515374
 44.931691,-71.515836
 44.932512,-71.516136
 44.933024,-71.516144
 44.933765,-71.515959
 44.934395,-71.515954
 44.9352,-71.516275
 44.935432,-71.516431
 44.935831,-71.516994
 44.936488,-71.519033
 44.936742,-71.519773
 44.93776,-71.520782
 44.938007,-71.521335
 44.938481,-71.521761
 44.938777,-71.521731
 44.938922,-71.52139
 44.938899,-71.520942
 44.938519,-71.520138
 44.938489,-71.518947
 44.938572,-71.518448
 44.93899,-71.517305
 44.939552,-71.516436
 44.939844,-71.516152
 44.940729,-71.51576
 44.943812,-71.514806
 44.944025,-71.514854
 44.944177,-71.515031
 44.944397,-71.515535
 44.944693,-71.517273
 44.944773,-71.517531
 44.944944,-71.517724
 44.945111,-71.517885
 44.945323,-71.51796
 44.945502,-71.518013
 44.945741,-71.517938
 44.947237,-71.516844
 44.947651,-71.516667
 44.948065,-71.516683
 44.948475,-71.516844
 44.94863,-71.517032
 44.948725,-71.517284
 44.948854,-71.51803
 44.949135,-71.518904
 44.949367,-71.519156
 44.949553,-71.519194
 44.950062,-71.519076
 44.950396,-71.518743
 44.951778,-71.516469
 44.952355,-71.516007
 44.952947,-71.515803
 44.954796,-71.515825
 44.95549,-71.51576
 44.957259,-71.515197
 44.958558,-71.514999
 44.959393,-71.515138
 44.961238,-71.515927
 44.962278,-71.516157
 44.963018,-71.516286
 44.964079,-71.516232
 44.96438,-71.516329
 44.964532,-71.516463
 44.964593,-71.516747
 44.964635,-71.517096
 44.964525,-71.517316
 44.963747,-71.518593
 44.963515,-71.51914
 44.963462,-71.520481
 44.963773,-71.522573
 44.963917,-71.52334
 44.964138,-71.523592
 44.964327,-71.523678
 44.964517,-71.523592
 44.964699,-71.523356
 44.964912,-71.522369
 44.965185,-71.52179
 44.965527,-71.521715
 44.965724,-71.521763
 44.965861,-71.522005
 44.966119,-71.522917
 44.966498,-71.523142
 44.967941,-71.523131
 44.968328,-71.523346
 44.969314,-71.524483
 44.969679,-71.525277
 44.970248,-71.525942
 44.970618,-71.526181
 44.971185,-71.526377
 44.972176,-71.526543
 44.972996,-71.52702
 44.97336,-71.527348
 44.973603,-71.527787
 44.974123,-71.529273
 44.974817,-71.530437
 44.975971,-71.531543
 44.976791,-71.531875
 44.979394,-71.532229
 44.979815,-71.532632
 44.980137,-71.533152
 44.980767,-71.534686
 44.980785,-71.535201
 44.980621,-71.535544
 44.980566,-71.536038
 44.980623,-71.536403
 44.980896,-71.536821
 44.981291,-71.536907
 44.982103,-71.536574
 44.983363,-71.536338
 44.98378,-71.536424
 44.983996,-71.536531
 44.984137,-71.536725
 44.984493,-71.537765
 44.984404,-71.538433
 44.983814,-71.539895
 44.983742,-71.540523
 44.983757,-71.540812
 44.983894,-71.541038
 44.984038,-71.541204
 44.984273,-71.541241
 44.984691,-71.541177
 44.98509,-71.540928
 44.985535,-71.54027
 44.985909,-71.539943
 44.98617,-71.53989
 44.986599,-71.539047
 44.98696,-71.538677
 44.987339,-71.53843
 44.987673,-71.538409
 44.987976,-71.538559
 44.988386,-71.538538
 44.988773,-71.538312
 44.989005,-71.537953
 44.98916,-71.537293
 44.989225,-71.535861
 44.989395,-71.535115
 44.990211,-71.534075
 44.990516,-71.533259
 44.990913,-71.53283
 44.991323,-71.532766
 44.991664,-71.533055
 44.991892,-71.53356
 44.992347,-71.536177
 44.992559,-71.536708
 44.992817,-71.536885
 44.993151,-71.536853
 44.994058,-71.536354
 44.994676,-71.535834
 44.996232,-71.533892
 44.996406,-71.533098
 44.99693,-71.532261
 44.997241,-71.531757
 44.999335,-71.530395
 44.999486,-71.530105
 44.999782,-71.529553
 44.999896,-71.52882
 45.001584,-71.525289
 45.002071,-71.524521
 45.002125,-71.523933
 45.001982,-71.522015
 45.002066,-71.521323
 45.002441,-71.519958
 45.003357,-71.517441
 45.004046,-71.515889
 45.004099,-71.51516
 45.004383,-71.514038
 45.004814,-71.513231
 45.006379,-71.511079
 45.006984,-71.510099
 45.007618,-71.509269
 45.007865,-71.508722
 45.007945,-71.507789
 45.007861,-71.505986
 45.007869,-71.505589
 45.008316,-71.504656
 45.008222,-71.504222
 45.007626,-71.503358
 45.007285,-71.502167
 45.006898,-71.50133
 45.006124,-71.500499
 45.00535,-71.499817
 45.005092,-71.499361
 45.00491,-71.499249
 45.004558,-71.499018
 45.004023,-71.498766
 45.003833,-71.49839
 45.003693,-71.497838
 45.003689,-71.497564
 45.003898,-71.497173
 45.003985,-71.496781
 45.00414,-71.496432
 45.004524,-71.496019
 45.004668,-71.49581
 45.004615,-71.495494
 45.004395,-71.495
 45.004072,-71.494673
 45.003477,-71.494517
 45.003173,-71.494313
 45.002927,-71.4939
 45.002629,-71.492578
 45.002586,-71.491595
 45.002436,-71.490878
 45.002301,-71.490698
 45.001929,-71.490054
 45.00144,-71.49007
 45.001284,-71.489872
 45.000996,-71.489394
 45.000814,-71.488895
 45.000723,-71.488568
 45.000753,-71.488305
 45.00081,-71.488005
 45.000958,-71.487705
 45.001201,-71.487361
 45.001656,-71.487125
 45.002035,-71.486728
 45.002195,-71.486202
 45.00227,-71.485639
 45.002255,-71.485012
 45.00202,-71.484271
 45.002187,-71.481482
 45.00227,-71.480656
 45.002563,-71.480248
 45.0029,-71.479905
 45.003192,-71.479701
 45.003515,-71.479561
 45.004573,-71.479304
 45.005631,-71.479175
 45.0065,-71.478928
 45.007277,-71.478574
 45.008005,-71.477995
 45.008688,-71.477265
 45.009124,-71.47675
 45.009575,-71.476085
 45.010122,-71.474798
 45.010336,-71.474076
 45.01052,-71.473183
 45.010842,-71.472083
 45.010903,-71.471558
 45.010964,-71.469294
 45.01132,-71.467566
 45.011741,-71.466392
 45.011959,-71.465922
 45.012162,-71.465603
 45.012754,-71.465153
 45.013641,-71.465045
 45.013641,-71.46556
 45.013351,-71.50107
 45.013456,-71.50102
