41.689306,-84.806063
 41.695876,-84.80601
 41.696092,-84.805698
 41.698167,-84.745188
 41.698928,-84.718419
 41.699785,-84.679881
 41.70025,-84.650699
 41.700987,-84.624349
 41.701403,-84.592581
 41.703213,-84.515076
 41.703758,-84.476709
 41.704895,-84.438772
 41.706554,-84.360065
 41.709749,-84.249011
 41.710967,-84.192266
 41.714843,-84.076223
 41.715348,-84.056053
 41.716092,-84.036666
 41.716637,-84.017698
 41.716717,-84.000521
 41.717334,-83.976746
 41.718695,-83.93839
 41.71912,-83.91881
 41.719904,-83.899251
 41.720049,-83.88025
 41.721074,-83.859082
 41.721834,-83.820534
 41.722467,-83.802241
 41.723444,-83.765001
 41.724805,-83.725262
 41.725181,-83.71007
 41.726567,-83.685704
 41.726855,-83.665524
 41.728761,-83.605614
 41.730114,-83.547678
 41.731651,-83.50193
 41.732476,-83.471353
 41.732404,-83.464744
 41.733076,-83.447599
 41.733757,-83.416121
 41.733941,-83.415617
 41.742643,-83.403815
 41.753129,-83.390468
 41.764918,-83.375062
 41.81509,-83.305217
 41.85867,-83.248826
 41.950849,-83.12538
 41.959361,-83.112676
 41.869505,-83.071886
 41.863672,-83.069226
 41.863469,-83.068998
 41.676556,-82.679821
 41.676526,-82.39745
 41.878836,-81.958716
 42.080921,-81.520454
 42.082227,-81.517493
 42.082864,-81.516227
 42.207583,-81.245531
 42.323326,-80.51984
 42.249066,-80.519807
 42.204386,-80.519475
 42.071684,-80.519743
 41.919802,-80.519228
 41.885625,-80.519432
 41.757891,-80.519325
 41.752833,-80.519443
 41.669025,-80.519443
 41.628427,-80.519314
 41.543557,-80.519357
 41.528909,-80.519164
 41.494202,-80.519164
 41.473562,-80.519357
 41.460828,-80.519153
 41.437016,-80.519153
 41.435222,-80.519013
 41.404521,-80.519003
 41.380689,-80.519249
 41.3642,-80.519249
 41.361494,-80.519089
 41.267856,-80.519121
 41.265792,-80.518842
 41.250435,-80.518713
 41.248217,-80.519078
 41.228975,-80.519121
 41.221672,-80.519056
 41.221535,-80.518842
 41.220268,-80.518895
 41.21997,-80.518895
 41.210939,-80.518842
 41.208259,-80.519121
 41.188957,-80.51897
 41.186809,-80.518477
 41.186067,-80.518713
 41.185251,-80.519271
 41.184799,-80.519282
 41.182554,-80.51897
 41.161815,-80.519228
 41.150813,-80.519056
 41.118636,-80.518992
 41.104927,-80.519207
 41.07077,-80.518938
 41.046953,-80.51911
 41.041386,-80.518842
 41.029344,-80.519207
 41.014685,-80.518906
 41.013794,-80.519046
 40.922098,-80.519024
 40.906856,-80.519893
 40.895689,-80.519657
 40.874998,-80.518906
 40.841306,-80.519121
 40.799281,-80.51911
 40.793685,-80.51896
 40.749817,-80.519142
 40.722567,-80.518938
 40.639383,-80.519003
 40.638699,-80.519174
 40.636948,-80.521964
 40.636004,-80.525944
 40.635939,-80.527146
 40.636207,-80.529828
 40.635963,-80.531384
 40.634758,-80.534613
 40.634082,-80.535332
 40.633765,-80.536426
 40.632942,-80.537853
 40.632617,-80.53898
 40.632136,-80.539366
 40.631257,-80.542252
 40.630508,-80.543711
 40.629702,-80.545803
 40.629262,-80.547498
 40.629099,-80.549891
 40.628839,-80.551028
 40.626811,-80.554268
 40.625899,-80.556983
 40.624938,-80.558249
 40.623644,-80.560727
 40.622764,-80.561939
 40.619841,-80.565255
 40.618684,-80.566199
 40.617731,-80.567476
 40.615622,-80.571402
 40.615044,-80.573033
 40.614254,-80.576434
 40.614115,-80.578827
 40.614685,-80.581713
 40.615076,-80.582796
 40.616119,-80.58462
 40.620158,-80.589191
 40.621119,-80.591208
 40.622495,-80.592152
 40.622789,-80.592613
 40.623595,-80.594062
 40.624344,-80.596068
 40.625272,-80.599415
 40.625321,-80.601819
 40.624946,-80.604168
 40.623611,-80.609393
 40.623212,-80.610391
 40.622504,-80.613878
 40.621217,-80.61715
 40.620549,-80.619779
 40.620158,-80.62274
 40.620223,-80.625722
 40.6198,-80.627428
 40.61813,-80.630261
 40.617251,-80.632374
 40.616127,-80.634252
 40.614571,-80.635486
 40.613757,-80.636376
 40.612926,-80.636827
 40.612576,-80.637192
 40.6119,-80.637985
 40.610882,-80.639842
 40.609619,-80.640528
 40.606899,-80.642706
 40.603698,-80.644916
 40.602794,-80.646268
 40.600928,-80.647974
 40.598818,-80.65086
 40.597686,-80.651804
 40.597254,-80.652609
 40.597057,-80.653234
 40.596054,-80.654684
 40.596126,-80.654846
 40.597735,-80.653177
 40.597596,-80.65366
 40.597091,-80.654379
 40.59679,-80.654808
 40.596472,-80.655248
 40.591715,-80.662351
 40.590704,-80.663552
 40.587836,-80.665795
 40.585237,-80.666889
 40.583559,-80.66779
 40.582654,-80.667951
 40.578849,-80.667855
 40.577945,-80.667769
 40.574807,-80.666975
 40.573903,-80.666921
 40.573568,-80.666728
 40.573683,-80.665634
 40.573389,-80.665194
 40.572696,-80.664432
 40.571556,-80.663563
 40.570309,-80.662812
 40.569909,-80.662758
 40.569807,-80.662914
 40.570156,-80.664333
 40.569971,-80.664356
 40.569869,-80.664185
 40.569331,-80.663198
 40.565867,-80.65631
 40.562639,-80.65262
 40.558963,-80.649551
 40.548937,-80.641912
 40.5476,-80.640346
 40.544966,-80.638533
 40.543034,-80.636955
 40.541836,-80.635175
 40.540988,-80.634778
 40.539871,-80.633737
 40.538615,-80.632975
 40.537987,-80.630722
 40.537694,-80.630282
 40.536495,-80.629445
 40.536426,-80.629115
 40.536748,-80.628957
 40.536446,-80.628469
 40.535737,-80.627503
 40.535419,-80.62731
 40.53413,-80.626742
 40.530159,-80.625486
 40.526114,-80.624564
 40.523105,-80.623137
 40.520471,-80.622214
 40.516833,-80.622
 40.515528,-80.621474
 40.51344,-80.620916
 40.509802,-80.62112
 40.509386,-80.620927
 40.508897,-80.61995
 40.508538,-80.619628
 40.508106,-80.619489
 40.507192,-80.619543
 40.505381,-80.618974
 40.503823,-80.618234
 40.503374,-80.618094
 40.502485,-80.618137
 40.502085,-80.617955
 40.501661,-80.617182
 40.501571,-80.616614
 40.501873,-80.615594
 40.501155,-80.614908
 40.499499,-80.613964
 40.498618,-80.613652
 40.498471,-80.613931
 40.49945,-80.615112
 40.499515,-80.615627
 40.499132,-80.615755
 40.498259,-80.615455
 40.497557,-80.614725
 40.495518,-80.613513
 40.489676,-80.608835
 40.485498,-80.603675
 40.484372,-80.602688
 40.484103,-80.602216
 40.483678,-80.600531
 40.48265,-80.599329
 40.475191,-80.595413
 40.471208,-80.594705
 40.46405,-80.595832
 40.462875,-80.596154
 40.458115,-80.598278
 40.451348,-80.602806
 40.449813,-80.604115
 40.449396,-80.604308
 40.446596,-80.604801
 40.440684,-80.609565
 40.43741,-80.611228
 40.434764,-80.612193
 40.429407,-80.61288
 40.426696,-80.612354
 40.42534,-80.612472
 40.418291,-80.612183
 40.407647,-80.612687
 40.405065,-80.61214
 40.402933,-80.612193
 40.4025,-80.612333
 40.400033,-80.614994
 40.399885,-80.615455
 40.400082,-80.615927
 40.400858,-80.616195
 40.400294,-80.617
 40.396952,-80.623426
 40.395751,-80.627975
 40.393749,-80.631956
 40.393406,-80.63231
 40.390799,-80.633415
 40.386305,-80.631698
 40.385529,-80.63114
 40.385324,-80.630701
 40.385929,-80.630239
 40.384172,-80.626323
 40.381818,-80.619156
 40.378672,-80.614318
 40.374994,-80.609833
 40.374593,-80.609576
 40.37,-80.607784
 40.369109,-80.607655
 40.362013,-80.608696
 40.354851,-80.611861
 40.351843,-80.612483
 40.347738,-80.612783
 40.340836,-80.610777
 40.331055,-80.604662
 40.327792,-80.602891
 40.321076,-80.60051
 40.317444,-80.599973
 40.3109,-80.601947
 40.3073,-80.602838
 40.306899,-80.603074
 40.303561,-80.606807
 40.291966,-80.614854
 40.288046,-80.615809
 40.284895,-80.616796
 40.280311,-80.61671
 40.27229,-80.616238
 40.265225,-80.619274
 40.26213,-80.622128
 40.2615,-80.622965
 40.254393,-80.636827
 40.254442,-80.637374
 40.254827,-80.637567
 40.254565,-80.638028
 40.254409,-80.638372
 40.251314,-80.644466
 40.24975,-80.646654
 40.244714,-80.652244
 40.236876,-80.6569
 40.233682,-80.659261
 40.229914,-80.66146
 40.228858,-80.661449
 40.227048,-80.661868
 40.224877,-80.662812
 40.219568,-80.664196
 40.219126,-80.664271
 40.217356,-80.663745
 40.212793,-80.664378
 40.211417,-80.665451
 40.20641,-80.666277
 40.200543,-80.667844
 40.199232,-80.668337
 40.192291,-80.672683
 40.18639,-80.67957
 40.185996,-80.681899
 40.185546,-80.682864
 40.181111,-80.687284
 40.175143,-80.69046
 40.169716,-80.694698
 40.166462,-80.696801
 40.163313,-80.699151
 40.161796,-80.700105
 40.161354,-80.700213
 40.159812,-80.701436
 40.153359,-80.705674
 40.151588,-80.706275
 40.151243,-80.706103
 40.150981,-80.705695
 40.150251,-80.70621
 40.148028,-80.706532
 40.144937,-80.707412
 40.1384,-80.710148
 40.137514,-80.710073
 40.136825,-80.710233
 40.133323,-80.710309
 40.131502,-80.710545
 40.125833,-80.710706
 40.120427,-80.709429
 40.117522,-80.708452
 40.117096,-80.708506
 40.11685,-80.708742
 40.116677,-80.708302
 40.116267,-80.70812
 40.114897,-80.707884
 40.113568,-80.707444
 40.111328,-80.707133
 40.10949,-80.707326
 40.10816,-80.707744
 40.104985,-80.708227
 40.102925,-80.708925
 40.10162,-80.708903
 40.101177,-80.709053
 40.099675,-80.710126
 40.09915,-80.710974
 40.096688,-80.713667
 40.095555,-80.716274
 40.094349,-80.717872
 40.09347,-80.719965
 40.092814,-80.720651
 40.09086,-80.724717
 40.088808,-80.727775
 40.087109,-80.729803
 40.086379,-80.731305
 40.079763,-80.737506
 40.078933,-80.738032
 40.077595,-80.738568
 40.074574,-80.739233
 40.073211,-80.738965
 40.071832,-80.738955
 40.071557,-80.738938
 40.07137,-80.738297
 40.071249,-80.7383
 40.070814,-80.738257
 40.070436,-80.737978
 40.070169,-80.738
 40.070397,-80.738236
 40.070133,-80.738322
 40.066545,-80.738182
 40.06565,-80.737925
 40.062743,-80.736154
 40.060493,-80.734996
 40.060091,-80.734727
 40.059499,-80.733848
 40.05867,-80.733365
 40.055525,-80.732528
 40.053275,-80.732646
 40.051107,-80.732549
 40.050203,-80.732313
 40.048692,-80.731316
 40.047789,-80.731455
 40.044372,-80.731037
 40.036766,-80.732013
 40.035961,-80.732292
 40.033192,-80.733901
 40.032305,-80.734266
 40.030933,-80.735822
 40.028403,-80.737174
 40.026382,-80.737764
 40.02547,-80.737689
 40.024608,-80.737334
 40.023737,-80.737656
 40.021904,-80.737785
 40.020113,-80.738289
 40.018906,-80.73903
 40.017566,-80.739437
 40.015019,-80.740789
 40.009505,-80.741755
 40.008675,-80.742152
 40.005939,-80.742195
 40.000169,-80.741733
 39.999282,-80.741444
 39.995172,-80.740875
 39.994219,-80.740339
 39.992262,-80.739791
 39.988588,-80.739684
 39.985473,-80.73889
 39.982447,-80.73904
 39.981568,-80.738901
 39.977942,-80.73963
 39.973182,-80.740982
 39.971513,-80.740113
 39.971061,-80.740092
 39.970641,-80.740285
 39.97,-80.741132
 39.969079,-80.743192
 39.967714,-80.744576
 39.966407,-80.74625
 39.964729,-80.749115
 39.961785,-80.75478
 39.959442,-80.758181
 39.955938,-80.761313
 39.953964,-80.762848
 39.951078,-80.764017
 39.949721,-80.764307
 39.946957,-80.764328
 39.941693,-80.763588
 39.938065,-80.762773
 39.930093,-80.761313
 39.926523,-80.75994
 39.921232,-80.756786
 39.918541,-80.75597
 39.915958,-80.755692
 39.914131,-80.755906
 39.913242,-80.756207
 39.910271,-80.757805
 39.909218,-80.758985
 39.908609,-80.760541
 39.908576,-80.76332
 39.908889,-80.766292
 39.910131,-80.77039
 39.911588,-80.773276
 39.916089,-80.780872
 39.917381,-80.783855
 39.918303,-80.787041
 39.918344,-80.788307
 39.918813,-80.78997
 39.919628,-80.795066
 39.919677,-80.79747
 39.919521,-80.799851
 39.91929,-80.801632
 39.918591,-80.803853
 39.91771,-80.805334
 39.916254,-80.806793
 39.915456,-80.807362
 39.913291,-80.808413
 39.911053,-80.809078
 39.906148,-80.809593
 39.905234,-80.809507
 39.903432,-80.809025
 39.901679,-80.808316
 39.897547,-80.806214
 39.892584,-80.802995
 39.891028,-80.801708
 39.885586,-80.796139
 39.883808,-80.794691
 39.882565,-80.793918
 39.880078,-80.792867
 39.872108,-80.790174
 39.869803,-80.790206
 39.867234,-80.790807
 39.865521,-80.791708
 39.863948,-80.792942
 39.861667,-80.795721
 39.859987,-80.798575
 39.859616,-80.799658
 39.859657,-80.800238
 39.859336,-80.800002
 39.858924,-80.799916
 39.858315,-80.801504
 39.858109,-80.803242
 39.856659,-80.806289
 39.855482,-80.808134
 39.854839,-80.809722
 39.854238,-80.812608
 39.853011,-80.816352
 39.850293,-80.82074
 39.849321,-80.822039
 39.847146,-80.824249
 39.844247,-80.826083
 39.841487,-80.82692
 39.840169,-80.826362
 39.838826,-80.826362
 39.837912,-80.826169
 39.836659,-80.825472
 39.835745,-80.825654
 39.835572,-80.82589
 39.835621,-80.826191
 39.830835,-80.824581
 39.829582,-80.823852
 39.828684,-80.823637
 39.827836,-80.823197
 39.826484,-80.822994
 39.826089,-80.822747
 39.825051,-80.822511
 39.823205,-80.822403
 39.819513,-80.822521
 39.816909,-80.823144
 39.816151,-80.823187
 39.811602,-80.822221
 39.803236,-80.824742
 39.800945,-80.825032
 39.798884,-80.825944
 39.798184,-80.826598
 39.796222,-80.829098
 39.792661,-80.832939
 39.790459,-80.835643
 39.788728,-80.839312
 39.785876,-80.844022
 39.782322,-80.851189
 39.781696,-80.852058
 39.780467,-80.852841
 39.780212,-80.853217
 39.780203,-80.853796
 39.778859,-80.856221
 39.777045,-80.860212
 39.775248,-80.862926
 39.771908,-80.866145
 39.770605,-80.866467
 39.770028,-80.867314
 39.766655,-80.868956
 39.763727,-80.869879
 39.763323,-80.870147
 39.763026,-80.870072
 39.762276,-80.868591
 39.760965,-80.868119
 39.759596,-80.86828
 39.75807,-80.868012
 39.757096,-80.867604
 39.753311,-80.865394
 39.752312,-80.86416
 39.748386,-80.860813
 39.747751,-80.859954
 39.746984,-80.859311
 39.745821,-80.857648
 39.745408,-80.856586
 39.744558,-80.856328
 39.743734,-80.855802
 39.742595,-80.854762
 39.741267,-80.853088
 39.741011,-80.852659
 39.741061,-80.850899
 39.740632,-80.849558
 39.740483,-80.848367
 39.738256,-80.845664
 39.737893,-80.845717
 39.737835,-80.846221
 39.738239,-80.847273
 39.737959,-80.847359
 39.733025,-80.842928
 39.729304,-80.840632
 39.726647,-80.838271
 39.724254,-80.836866
 39.722785,-80.835321
 39.721539,-80.834538
 39.720879,-80.833722
 39.719756,-80.831823
 39.719352,-80.831566
 39.717074,-80.831094
 39.713996,-80.829774
 39.712147,-80.829763
 39.707624,-80.830901
 39.70599,-80.831695
 39.704801,-80.832628
 39.703365,-80.834098
 39.702333,-80.836791
 39.701029,-80.839087
 39.700113,-80.841855
 39.699411,-80.844709
 39.698907,-80.850019
 39.698577,-80.851758
 39.697801,-80.853217
 39.697298,-80.85488
 39.695878,-80.85724
 39.694541,-80.860212
 39.693665,-80.861607
 39.691899,-80.863538
 39.691469,-80.863709
 39.690429,-80.863709
 39.689158,-80.864578
 39.686095,-80.865887
 39.683345,-80.866306
 39.68176,-80.866338
 39.680753,-80.865523
 39.680323,-80.865351
 39.679019,-80.865855
 39.678614,-80.865866
 39.678597,-80.866145
 39.679303,-80.866274
 39.679277,-80.866553
 39.678655,-80.86666
 39.67636,-80.866413
 39.675005,-80.866048
 39.672545,-80.866241
 39.66792,-80.865855
 39.665674,-80.865244
 39.664848,-80.865458
 39.657637,-80.866145
 39.654705,-80.866274
 39.652871,-80.866596
 39.648947,-80.868387
 39.647725,-80.869374
 39.646866,-80.869793
 39.643123,-80.870715
 39.642661,-80.870769
 39.641768,-80.870522
 39.639174,-80.870994
 39.638802,-80.87123
 39.638579,-80.871681
 39.636803,-80.872121
 39.634688,-80.873344
 39.632878,-80.873762
 39.628061,-80.875554
 39.627185,-80.875951
 39.626433,-80.876552
 39.625557,-80.876884
 39.621094,-80.880071
 39.620722,-80.880382
 39.620483,-80.880876
 39.617946,-80.887656
 39.616714,-80.892377
 39.61678,-80.896958
 39.618359,-80.906088
 39.618648,-80.91715
 39.618607,-80.91774
 39.618202,-80.918802
 39.618227,-80.919971
 39.617367,-80.925722
 39.616284,-80.929027
 39.614929,-80.932857
 39.614689,-80.93334
 39.613565,-80.934466
 39.613276,-80.935603
 39.612813,-80.936537
 39.607085,-80.943543
 39.603473,-80.948853
 39.602291,-80.95071
 39.601291,-80.952716
 39.590394,-80.969957
 39.588352,-80.973519
 39.58335,-80.978851
 39.577346,-80.987563
 39.575453,-80.989258
 39.573881,-80.991361
 39.571194,-80.993764
 39.569035,-80.996897
 39.567116,-81.000255
 39.565165,-81.004568
 39.562998,-81.008366
 39.561509,-81.009783
 39.560144,-81.011424
 39.55729,-81.016885
 39.555264,-81.020179
 39.552368,-81.023805
 39.551814,-81.024288
 39.549059,-81.026391
 39.548646,-81.026627
 39.547744,-81.02668
 39.547396,-81.027024
 39.547065,-81.028107
 39.546768,-81.028558
 39.545096,-81.030285
 39.543541,-81.032506
 39.538345,-81.041068
 39.53621,-81.044952
 39.534779,-81.046776
 39.531941,-81.049844
 39.531188,-81.05052
 39.529913,-81.051217
 39.529293,-81.051958
 39.528805,-81.052955
 39.527572,-81.054747
 39.525974,-81.055874
 39.525321,-81.057429
 39.523856,-81.058888
 39.522863,-81.060133
 39.522052,-81.061603
 39.520479,-81.063588
 39.518526,-81.066957
 39.515637,-81.070948
 39.51303,-81.073415
 39.510141,-81.075293
 39.505812,-81.080475
 39.504571,-81.081247
 39.503883,-81.08202
 39.502592,-81.084498
 39.500812,-81.086397
 39.499256,-81.088597
 39.498105,-81.089594
 39.496358,-81.092116
 39.494429,-81.093446
 39.493088,-81.095088
 39.487193,-81.100763
 39.485802,-81.101214
 39.484974,-81.10175
 39.482771,-81.103789
 39.479401,-81.105666
 39.474647,-81.109132
 39.470274,-81.111556
 39.465553,-81.114839
 39.465288,-81.115183
 39.465611,-81.115344
 39.465949,-81.115346
 39.466137,-81.115231
 39.466253,-81.115157
 39.466444,-81.115244
 39.466237,-81.115354
 39.466162,-81.115494
 39.466042,-81.115612
 39.465151,-81.116298
 39.464854,-81.116717
 39.463083,-81.117543
 39.461345,-81.11868
 39.459473,-81.120354
 39.453617,-81.124527
 39.449574,-81.128304
 39.446277,-81.13251
 39.445125,-81.134259
 39.443733,-81.138271
 39.443269,-81.143045
 39.443277,-81.150234
 39.442963,-81.15135
 39.443112,-81.152508
 39.441388,-81.162282
 39.440203,-81.167035
 39.439052,-81.170715
 39.437842,-81.172507
 39.437585,-81.173655
 39.436243,-81.177464
 39.435124,-81.179835
 39.431403,-81.185178
 39.430682,-81.185907
 39.429348,-81.186304
 39.428039,-81.18771
 39.427061,-81.18845
 39.425337,-81.189265
 39.423381,-81.190875
 39.419817,-81.194726
 39.415524,-81.200144
 39.414762,-81.200423
 39.414264,-81.20141
 39.410484,-81.205444
 39.406953,-81.208352
 39.40372,-81.210691
 39.401896,-81.211431
 39.400039,-81.211431
 39.397867,-81.210916
 39.396938,-81.210895
 39.394982,-81.211131
 39.392942,-81.211689
 39.390455,-81.213255
 39.388771,-81.215326
 39.38761,-81.217214
 39.386251,-81.221012
 39.386035,-81.223555
 39.386673,-81.227674
 39.389153,-81.236086
 39.39014,-81.241343
 39.390363,-81.244326
 39.389932,-81.248499
 39.390073,-81.250248
 39.387586,-81.25631
 39.386582,-81.260301
 39.3863,-81.268101
 39.385952,-81.27045
 39.384625,-81.274066
 39.383829,-81.275547
 39.381341,-81.278733
 39.379907,-81.280214
 39.379111,-81.281683
 39.377543,-81.286029
 39.37659,-81.290481
 39.375188,-81.295567
 39.372244,-81.301661
 39.370336,-81.305051
 39.36555,-81.312304
 39.361063,-81.319953
 39.35611,-81.330639
 39.354078,-81.33389
 39.34954,-81.340005
 39.346719,-81.345037
 39.344719,-81.350466
 39.343126,-81.357054
 39.342438,-81.363748
 39.342463,-81.371194
 39.34189,-81.37143
 39.341683,-81.373179
 39.341683,-81.376172
 39.342081,-81.379734
 39.342803,-81.382931
 39.343367,-81.384455
 39.345383,-81.387395
 39.348519,-81.390978
 39.351879,-81.393918
 39.355745,-81.395967
 39.360167,-81.397319
 39.368984,-81.400677
 39.37712,-81.402769
 39.378762,-81.403649
 39.384584,-81.405698
 39.387809,-81.406631
 39.388614,-81.407189
 39.390529,-81.409217
 39.391375,-81.4097
 39.392901,-81.41103
 39.394633,-81.412801
 39.39698,-81.415697
 39.399459,-81.419291
 39.405212,-81.428465
 39.407832,-81.43472
 39.408387,-81.435664
 39.41031,-81.446757
 39.409233,-81.456038
 39.406945,-81.460544
 39.403819,-81.467571
 39.399981,-81.473343
 39.396797,-81.476594
 39.394774,-81.478053
 39.391707,-81.481122
 39.389775,-81.482785
 39.383945,-81.489168
 39.380338,-81.493825
 39.376183,-81.498706
 39.373902,-81.502483
 39.373197,-81.503245
 39.370295,-81.507837
 39.367309,-81.512976
 39.36516,-81.516902
 39.361751,-81.523962
 39.360308,-81.527717
 39.359495,-81.531097
 39.358267,-81.534337
 39.357562,-81.535099
 39.355986,-81.536354
 39.355123,-81.536783
 39.354816,-81.537169
 39.352734,-81.542459
 39.338612,-81.557575
 39.330746,-81.559646
 39.317998,-81.560161
 39.293956,-81.565021
 39.282455,-81.565075
 39.275952,-81.565322
 39.270878,-81.567253
 39.267854,-81.570042
 39.267597,-81.570482
 39.26704,-81.573905
 39.267439,-81.576866
 39.26822,-81.579022
 39.268502,-81.583807
 39.268826,-81.586071
 39.269831,-81.588753
 39.273112,-81.594579
 39.273818,-81.597615
 39.274574,-81.599804
 39.275388,-81.603001
 39.27582,-81.605941
 39.275986,-81.608677
 39.275653,-81.611649
 39.275263,-81.613998
 39.274682,-81.616133
 39.274549,-81.617861
 39.273776,-81.619985
 39.273619,-81.621766
 39.274125,-81.624041
 39.274258,-81.627034
 39.275454,-81.63228
 39.27611,-81.636389
 39.276318,-81.639447
 39.277082,-81.642698
 39.277314,-81.646292
 39.27719,-81.652622
 39.277306,-81.656227
 39.275944,-81.666538
 39.275811,-81.670722
 39.274117,-81.677556
 39.272099,-81.681569
 39.27023,-81.684476
 39.264997,-81.690538
 39.263028,-81.692104
 39.261641,-81.692308
 39.260802,-81.69277
 39.260794,-81.693166
 39.261649,-81.692973
 39.26209,-81.692963
 39.261766,-81.69336
 39.259498,-81.694486
 39.257471,-81.696171
 39.256117,-81.69661
 39.253342,-81.696825
 39.251032,-81.696503
 39.248905,-81.696997
 39.245208,-81.696471
 39.243388,-81.695967
 39.239998,-81.694454
 39.236267,-81.692287
 39.234912,-81.6919
 39.2305,-81.691149
 39.229112,-81.691107
 39.22774,-81.691428
 39.226527,-81.692297
 39.2243,-81.69425
 39.222712,-81.696739
 39.220834,-81.700881
 39.219845,-81.705741
 39.219587,-81.709313
 39.218947,-81.712822
 39.216478,-81.724237
 39.215788,-81.725686
 39.209504,-81.730278
 39.205547,-81.732627
 39.203768,-81.733357
 39.201914,-81.733367
 39.196002,-81.73458
 39.192701,-81.736801
 39.190165,-81.739676
 39.189558,-81.740642
 39.189125,-81.741639
 39.188319,-81.745094
 39.187645,-81.74666
 39.186714,-81.749654
 39.185699,-81.751671
 39.18362,-81.754053
 39.180859,-81.755973
 39.179063,-81.756392
 39.176751,-81.756231
 39.174513,-81.755415
 39.173241,-81.754718
 39.170529,-81.753978
 39.168442,-81.752733
 39.165389,-81.751456
 39.160714,-81.749933
 39.158293,-81.748656
 39.149865,-81.745781
 39.147485,-81.743946
 39.146304,-81.743549
 39.142626,-81.742798
 39.141694,-81.742895
 39.141353,-81.743152
 39.141669,-81.743463
 39.1435,-81.743871
 39.143874,-81.744128
 39.143633,-81.744365
 39.139447,-81.7443
 39.138998,-81.74444
 39.138349,-81.745019
 39.137941,-81.745126
 39.136568,-81.744794
 39.133323,-81.744525
 39.131001,-81.744826
 39.126898,-81.744579
 39.123751,-81.743549
 39.118391,-81.742862
 39.116626,-81.742176
 39.114362,-81.742744
 39.112947,-81.742465
 39.111249,-81.74238
 39.109451,-81.742938
 39.106662,-81.74297
 39.10533,-81.743442
 39.10319,-81.743635
 39.097387,-81.745791
 39.09488,-81.747637
 39.09105,-81.751006
 39.089659,-81.752594
 39.089068,-81.753516
 39.088335,-81.754214
 39.087003,-81.756392
 39.086012,-81.757658
 39.083164,-81.762346
 39.081965,-81.764846
 39.08109,-81.767625
 39.079749,-81.770736
 39.079325,-81.772141
 39.079066,-81.773847
 39.078475,-81.775081
 39.078134,-81.777388
 39.078034,-81.780982
 39.078517,-81.785595
 39.079683,-81.790595
 39.082073,-81.796088
 39.082831,-81.798234
 39.08378,-81.802804
 39.084022,-81.80701
 39.083289,-81.810443
 39.082456,-81.811806
 39.08174,-81.812514
 39.080874,-81.812868
 39.079691,-81.813769
 39.079358,-81.813866
 39.078575,-81.813662
 39.07631,-81.81407
 39.074452,-81.814005
 39.073095,-81.814134
 39.070696,-81.813791
 39.06908,-81.813866
 39.067755,-81.813501
 39.065898,-81.81334
 39.063665,-81.812686
 39.061091,-81.812235
 39.058908,-81.811323
 39.056984,-81.809714
 39.055251,-81.808952
 39.05401,-81.80819
 39.049944,-81.804832
 39.047794,-81.803459
 39.046311,-81.802011
 39.044969,-81.80038
 39.043469,-81.797998
 39.041261,-81.79508
 39.039603,-81.792001
 39.036978,-81.787838
 39.03597,-81.785263
 39.034011,-81.782742
 39.031311,-81.780027
 39.030478,-81.778708
 39.029311,-81.777892
 39.028002,-81.775542
 39.02601,-81.772764
 39.025293,-81.772034
 39.023751,-81.770918
 39.021268,-81.76829
 39.020476,-81.767668
 39.017316,-81.765318
 39.015149,-81.764277
 39.011931,-81.763966
 39.008447,-81.763998
 39.004787,-81.76461
 39.002586,-81.765189
 39.001835,-81.765629
 38.999951,-81.76741
 38.9983,-81.770307
 38.997399,-81.771412
 38.995065,-81.773365
 38.99323,-81.774244
 38.99012,-81.775532
 38.989186,-81.775628
 38.987401,-81.776261
 38.984966,-81.776733
 38.982347,-81.776519
 38.980604,-81.775811
 38.975316,-81.778836
 38.972197,-81.780092
 38.969936,-81.780864
 38.964815,-81.781819
 38.96202,-81.781551
 38.95905,-81.780767
 38.955688,-81.778686
 38.951867,-81.774276
 38.948646,-81.769706
 38.946518,-81.767367
 38.944632,-81.765597
 38.940852,-81.762604
 38.939092,-81.761831
 38.937923,-81.760887
 38.936888,-81.75784
 38.937256,-81.757797
 38.937673,-81.758001
 38.937673,-81.757658
 38.936964,-81.756928
 38.935153,-81.756338
 38.933709,-81.756166
 38.931622,-81.756896
 38.929903,-81.757829
 38.927666,-81.758677
 38.92603,-81.759835
 38.925696,-81.760125
 38.924194,-81.762486
 38.922909,-81.766337
 38.9227,-81.769931
 38.922884,-81.773472
 38.924361,-81.779791
 38.926055,-81.785392
 38.927975,-81.789511
 38.930245,-81.793481
 38.93254,-81.796474
 38.939208,-81.802837
 38.94192,-81.80598
 38.944941,-81.811709
 38.946118,-81.814295
 38.946635,-81.816752
 38.946969,-81.819735
 38.946518,-81.82511
 38.945934,-81.827105
 38.94444,-81.829401
 38.943589,-81.831483
 38.941996,-81.832223
 38.940919,-81.833339
 38.940527,-81.834294
 38.941378,-81.834143
 38.941211,-81.834551
 38.939909,-81.835216
 38.937122,-81.838049
 38.928693,-81.844454
 38.926356,-81.844422
 38.923518,-81.845312
 38.921189,-81.845344
 38.913042,-81.846085
 38.911648,-81.845967
 38.909861,-81.845387
 38.90132,-81.848756
 38.900301,-81.849968
 38.897279,-81.852243
 38.892553,-81.856138
 38.890465,-81.858552
 38.888219,-81.862264
 38.884477,-81.869162
 38.880961,-81.875192
 38.875064,-81.886972
 38.874279,-81.88915
 38.873862,-81.890963
 38.873837,-81.893131
 38.87392,-81.894933
 38.874413,-81.897862
 38.875215,-81.900673
 38.877453,-81.906681
 38.879216,-81.910222
 38.88416,-81.915854
 38.886248,-81.919084
 38.890381,-81.924813
 38.891609,-81.926959
 38.893304,-81.927935
 38.895141,-81.928332
 38.896076,-81.928278
 38.901212,-81.926669
 38.903691,-81.924169
 38.90537,-81.921304
 38.907248,-81.919523
 38.909218,-81.91667
 38.909469,-81.916884
 38.908409,-81.918858
 38.908684,-81.919008
 38.910721,-81.917582
 38.915563,-81.911874
 38.916431,-81.910458
 38.917366,-81.908398
 38.924194,-81.901016
 38.925421,-81.899965
 38.928559,-81.898795
 38.929936,-81.898527
 38.933158,-81.899203
 38.937665,-81.900662
 38.942521,-81.904256
 38.945642,-81.906906
 38.948946,-81.909159
 38.953702,-81.911659
 38.95437,-81.912464
 38.955237,-81.912872
 38.956147,-81.912915
 38.957398,-81.91373
 38.964489,-81.917099
 38.966633,-81.9183
 38.97751,-81.926605
 38.987726,-81.933342
 38.990245,-81.936668
 38.993297,-81.941979
 38.99509,-81.947397
 38.995957,-81.951442
 38.995832,-81.955036
 38.995223,-81.959016
 38.994214,-81.96099
 38.992922,-81.967835
 38.992396,-81.974208
 38.992621,-81.977191
 38.993213,-81.979455
 38.994314,-81.981128
 38.995548,-81.981965
 38.997374,-81.982394
 39.000176,-81.982566
 39.002844,-81.982985
 39.006429,-81.984186
 39.012181,-81.987233
 39.01815,-81.991246
 39.022426,-81.994979
 39.023476,-81.99617
 39.026685,-82.000419
 39.027819,-82.002254
 39.028744,-82.004249
 39.029519,-82.007049
 39.029752,-82.010622
 39.029377,-82.022381
 39.027952,-82.028925
 39.02691,-82.031758
 39.023826,-82.037702
 39.022685,-82.038721
 39.018017,-82.041446
 39.016708,-82.042058
 39.014849,-82.0421
 39.012657,-82.043098
 39.00938,-82.044096
 39.006162,-82.044729
 39.00392,-82.045598
 39.000484,-82.047411
 38.998442,-82.048795
 38.997133,-82.049289
 38.994406,-82.05152
 38.994064,-82.05195
 38.993239,-82.053773
 38.98992,-82.05902
 38.98771,-82.06358
 38.984908,-82.068708
 38.983765,-82.071894
 38.982581,-82.07448
 38.981105,-82.079222
 38.979078,-82.083235
 38.97786,-82.085037
 38.975859,-82.089168
 38.974908,-82.090509
 38.973757,-82.091507
 38.972956,-82.092097
 38.971229,-82.092998
 38.968477,-82.093556
 38.964464,-82.094961
 38.963638,-82.095466
 38.954987,-82.101066
 38.950966,-82.104821
 38.948129,-82.106817
 38.946627,-82.108233
 38.945408,-82.109113
 38.940185,-82.110872
 38.938791,-82.11098
 38.936488,-82.110626
 38.935253,-82.110575
 38.934134,-82.110807
 38.932565,-82.111695
 38.931781,-82.112347
 38.935829,-82.11088
 38.936288,-82.110958
 38.936505,-82.111355
 38.936262,-82.111731
 38.934694,-82.112288
 38.934243,-82.112417
 38.93249,-82.112632
 38.932048,-82.112739
 38.930287,-82.11349
 38.92916,-82.114542
 38.92593,-82.116902
 38.923835,-82.118779
 38.9226,-82.119606
 38.921047,-82.120947
 38.918409,-82.122899
 38.916373,-82.124037
 38.91406,-82.125882
 38.9128,-82.126579
 38.91093,-82.128382
 38.910095,-82.128822
 38.908275,-82.129186
 38.907739,-82.129508
 38.907503,-82.129873
 38.907656,-82.130061
 38.908093,-82.129862
 38.908267,-82.130045
 38.907999,-82.130474
 38.906906,-82.131375
 38.905603,-82.134594
 38.904768,-82.135999
 38.9036,-82.136976
 38.903157,-82.137115
 38.90228,-82.137051
 38.901963,-82.137426
 38.901612,-82.137448
 38.901742,-82.136418
 38.901706,-82.136235
 38.90147,-82.136418
 38.901153,-82.136815
 38.900736,-82.139068
 38.901078,-82.140055
 38.900853,-82.140505
 38.900076,-82.141138
 38.899133,-82.142372
 38.897989,-82.143134
 38.895859,-82.143756
 38.891701,-82.144561
 38.883767,-82.14528
 38.882548,-82.144893
 38.879224,-82.14293
 38.875674,-82.141525
 38.874304,-82.141299
 38.870395,-82.140044
 38.866695,-82.139357
 38.864999,-82.13925
 38.854598,-82.140967
 38.847897,-82.142426
 38.841964,-82.144142
 38.841078,-82.144507
 38.839925,-82.145258
 38.837944,-82.147125
 38.836306,-82.148176
 38.835103,-82.150011
 38.828968,-82.156277
 38.826503,-82.159045
 38.824547,-82.161641
 38.823703,-82.163068
 38.821036,-82.169216
 38.817066,-82.18032
 38.816648,-82.182026
 38.81648,-82.184429
 38.815745,-82.18915
 38.814992,-82.191339
 38.813521,-82.19342
 38.810888,-82.19593
 38.809517,-82.197561
 38.805997,-82.203827
 38.801214,-82.21138
 38.798121,-82.215049
 38.795453,-82.217377
 38.791598,-82.219577
 38.787116,-82.221551
 38.785268,-82.221733
 38.779714,-82.221529
 38.77754,-82.221272
 38.774755,-82.220832
 38.772546,-82.219824
 38.769318,-82.217453
 38.768213,-82.216401
 38.767101,-82.213751
 38.764851,-82.209996
 38.764156,-82.207775
 38.763637,-82.206767
 38.760442,-82.201703
 38.75907,-82.200072
 38.75779,-82.198977
 38.756175,-82.197754
 38.752452,-82.195652
 38.749716,-82.194825
 38.745984,-82.194514
 38.741482,-82.193388
 38.74026,-82.192551
 38.738846,-82.190984
 38.737281,-82.189686
 38.735113,-82.188646
 38.732862,-82.187948
 38.72882,-82.187766
 38.725681,-82.187315
 38.723387,-82.186661
 38.722483,-82.18665
 38.722324,-82.187026
 38.722977,-82.187841
 38.724676,-82.188624
 38.726827,-82.190062
 38.728158,-82.19063
 38.731654,-82.191908
 38.735551,-82.191855
 38.737318,-82.191663
 38.738176,-82.192524
 38.735687,-82.193857
 38.728309,-82.191714
 38.727129,-82.191253
 38.723212,-82.188689
 38.719478,-82.186618
 38.71726,-82.185642
 38.715192,-82.18429
 38.710881,-82.182916
 38.708562,-82.182487
 38.705766,-82.182798
 38.699118,-82.185094
 38.694663,-82.186961
 38.690024,-82.189322
 38.688215,-82.189912
 38.685141,-82.190566
 38.681875,-82.190963
 38.680937,-82.19092
 38.680016,-82.190738
 38.672762,-82.187734
 38.66663,-82.18606
 38.66524,-82.185781
 38.659409,-82.185502
 38.656443,-82.18371
 38.652732,-82.181157
 38.648701,-82.179022
 38.642551,-82.176747
 38.635361,-82.174902
 38.633224,-82.174226
 38.629678,-82.172692
 38.627365,-82.17223
 38.622839,-82.171994
 38.621431,-82.172177
 38.618622,-82.172091
 38.614674,-82.173185
 38.613283,-82.1731
 38.612352,-82.173218
 38.610734,-82.174355
 38.609376,-82.174537
 38.609049,-82.174934
 38.608638,-82.175138
 38.607917,-82.175095
 38.607012,-82.175342
 38.605896,-82.176415
 38.603683,-82.177348
 38.599533,-82.181586
 38.596699,-82.18635
 38.594862,-82.18901
 38.593068,-82.193838
 38.592053,-82.200716
 38.591659,-82.205501
 38.591441,-82.214566
 38.591919,-82.216401
 38.591273,-82.221723
 38.591676,-82.223225
 38.592196,-82.224212
 38.593227,-82.225435
 38.593588,-82.226529
 38.593898,-82.22949
 38.594468,-82.232709
 38.59498,-82.23479
 38.595902,-82.237548
 38.596933,-82.242172
 38.597135,-82.243695
 38.597059,-82.244071
 38.596883,-82.244318
 38.596539,-82.243899
 38.596715,-82.246292
 38.597277,-82.24788
 38.597604,-82.247965
 38.598376,-82.246099
 38.59861,-82.247257
 38.598744,-82.252643
 38.598543,-82.254682
 38.598635,-82.256248
 38.598074,-82.262192
 38.59778,-82.262621
 38.597,-82.2632
 38.5969,-82.263662
 38.597302,-82.264713
 38.59669,-82.267116
 38.595273,-82.271558
 38.593554,-82.27439
 38.589068,-82.279218
 38.587449,-82.280334
 38.585545,-82.282931
 38.582769,-82.287233
 38.579096,-82.291127
 38.577452,-82.292265
 38.575321,-82.293445
 38.57439,-82.293434
 38.574097,-82.293273
 38.57512,-82.292254
 38.57538,-82.291846
 38.575137,-82.291664
 38.573686,-82.29278
 38.573141,-82.293584
 38.572763,-82.29381
 38.570935,-82.293692
 38.568133,-82.293874
 38.560281,-82.293295
 38.55669,-82.293413
 38.547326,-82.294807
 38.538272,-82.295752
 38.536459,-82.296352
 38.533354,-82.297736
 38.529443,-82.300215
 38.526791,-82.301416
 38.523215,-82.302843
 38.517834,-82.303938
 38.505897,-82.303401
 38.503932,-82.303122
 38.499247,-82.303648
 38.496224,-82.30426
 38.493478,-82.305086
 38.491345,-82.306287
 38.49043,-82.306502
 38.488398,-82.307864
 38.485299,-82.309635
 38.483199,-82.310622
 38.479991,-82.311534
 38.476682,-82.311866
 38.475976,-82.312521
 38.475514,-82.312628
 38.472238,-82.31295
 38.466274,-82.314463
 38.464905,-82.314913
 38.461427,-82.31663
 38.457857,-82.318132
 38.454143,-82.320471
 38.451371,-82.322842
 38.449228,-82.324054
 38.446489,-82.327348
 38.444523,-82.330256
 38.442052,-82.336789
 38.440909,-82.340716
 38.439615,-82.351863
 38.439161,-82.354524
 38.438531,-82.360446
 38.438312,-82.364545
 38.437657,-82.367806
 38.436296,-82.372774
 38.434766,-82.381775
 38.434867,-82.386518
 38.434363,-82.389822
 38.435648,-82.39303
 38.439195,-82.404553
 38.439228,-82.405111
 38.43069,-82.431868
 38.428597,-82.439851
 38.427194,-82.445945
 38.424596,-82.459828
 38.418099,-82.486328
 38.410752,-82.5077
 38.409642,-82.51286
 38.408154,-82.517914
 38.407826,-82.519898
 38.405993,-82.527344
 38.404017,-82.538481
 38.40374,-82.541313
 38.403378,-82.549703
 38.403874,-82.555883
 38.40464,-82.560453
 38.404724,-82.564498
 38.404606,-82.56629
 38.404917,-82.570474
 38.405598,-82.573285
 38.407515,-82.578521
 38.410054,-82.583585
 38.41245,-82.587254
 38.415131,-82.590612
 38.416989,-82.592447
 38.418174,-82.593445
 38.42389,-82.5972
 38.428026,-82.599324
 38.431623,-82.60074
 38.437565,-82.602704
 38.448993,-82.60486
 38.451791,-82.605289
 38.453572,-82.6053
 38.455286,-82.605525
 38.459646,-82.606341
 38.462461,-82.607553
 38.467274,-82.609935
 38.471382,-82.612896
 38.472717,-82.614591
 38.47391,-82.616447
 38.474985,-82.618464
 38.476489,-82.620782
 38.478429,-82.624902
 38.481377,-82.629386
 38.484341,-82.637551
 38.488574,-82.645522
 38.493478,-82.653118
 38.497022,-82.657367
 38.499725,-82.659749
 38.501321,-82.661755
 38.504906,-82.66463
 38.507391,-82.667559
 38.510464,-82.670317
 38.513461,-82.673374
 38.515274,-82.675552
 38.523408,-82.681561
 38.529216,-82.685251
 38.536107,-82.690165
 38.537601,-82.691613
 38.538809,-82.693448
 38.540907,-82.69539
 38.542627,-82.697418
 38.544381,-82.700239
 38.545212,-82.702385
 38.546739,-82.705432
 38.547746,-82.708136
 38.550548,-82.714208
 38.551161,-82.71511
 38.552847,-82.716966
 38.553678,-82.719755
 38.554223,-82.72071
 38.555767,-82.722062
 38.557655,-82.725077
 38.558452,-82.727448
 38.559199,-82.730913
 38.559064,-82.732705
 38.559299,-82.734475
 38.558905,-82.73617
 38.558972,-82.739679
 38.559173,-82.741449
 38.559241,-82.746255
 38.560499,-82.765836
 38.55987,-82.772026
 38.559148,-82.775502
 38.558997,-82.779686
 38.559543,-82.787797
 38.559996,-82.790126
 38.561497,-82.795619
 38.563083,-82.799975
 38.565365,-82.80477
 38.566942,-82.809008
 38.568267,-82.811497
 38.569198,-82.812828
 38.572797,-82.820402
 38.573367,-82.821347
 38.575464,-82.823879
 38.576152,-82.825434
 38.577829,-82.827977
 38.578089,-82.828288
 38.578387,-82.827875
 38.579037,-82.828664
 38.58422,-82.83715
 38.588338,-82.842075
 38.589479,-82.843115
 38.592128,-82.845283
 38.595072,-82.847149
 38.599122,-82.848748
 38.60432,-82.851323
 38.611287,-82.853694
 38.61589,-82.854896
 38.620408,-82.855743
 38.622755,-82.855786
 38.627575,-82.856355
 38.629846,-82.857106
 38.631707,-82.857406
 38.632168,-82.857374
 38.632939,-82.856827
 38.6334,-82.856741
 38.636668,-82.856988
 38.641344,-82.856601
 38.643355,-82.857063
 38.644679,-82.857631
 38.645609,-82.857674
 38.64571,-82.857385
 38.645316,-82.857063
 38.645232,-82.856634
 38.645618,-82.856344
 38.646087,-82.856323
 38.648877,-82.856687
 38.655153,-82.858307
 38.657013,-82.858565
 38.660515,-82.859466
 38.664117,-82.860818
 38.667661,-82.862384
 38.669018,-82.863157
 38.671807,-82.865367
 38.677947,-82.869455
 38.682704,-82.874798
 38.683123,-82.875066
 38.685493,-82.876139
 38.687645,-82.876514
 38.688441,-82.877051
 38.690266,-82.877587
 38.69308,-82.877501
 38.69576,-82.876976
 38.698096,-82.876868
 38.699846,-82.876064
 38.702174,-82.875817
 38.703379,-82.875463
 38.705221,-82.875205
 38.707767,-82.874111
 38.709592,-82.873574
 38.711994,-82.87336
 38.713811,-82.872834
 38.714263,-82.872963
 38.714715,-82.872877
 38.717252,-82.871536
 38.7224,-82.870356
 38.727539,-82.869937
 38.730067,-82.870002
 38.731925,-82.87027
 38.733331,-82.87027
 38.734218,-82.870581
 38.737239,-82.870871
 38.73908,-82.8713
 38.74267,-82.872684
 38.745716,-82.874701
 38.746586,-82.875098
 38.748151,-82.876364
 38.749481,-82.878048
 38.75154,-82.879207
 38.75164,-82.879604
 38.751038,-82.880902
 38.751623,-82.88293
 38.752577,-82.884958
 38.752878,-82.885237
 38.753698,-82.884679
 38.75461,-82.885408
 38.754903,-82.885838
 38.755163,-82.886975
 38.755983,-82.88911
 38.756275,-82.89088
 38.756518,-82.894077
 38.7563,-82.896459
 38.75589,-82.898176
 38.754552,-82.901319
 38.754677,-82.90325
 38.753799,-82.905471
 38.753389,-82.907199
 38.753297,-82.909559
 38.752602,-82.91178
 38.75195,-82.915395
 38.750092,-82.923464
 38.748402,-82.92915
 38.74544,-82.936918
 38.744034,-82.941188
 38.742386,-82.944825
 38.736804,-82.954867
 38.734419,-82.960199
 38.732544,-82.96286
 38.732075,-82.963868
 38.731096,-82.965156
 38.730594,-82.966154
 38.729556,-82.967345
 38.728878,-82.968439
 38.728443,-82.969651
 38.728171,-82.970252
 38.7276,-82.971078
 38.727247,-82.971309
 38.727196,-82.971754
 38.728476,-82.970982
 38.728267,-82.971529
 38.727706,-82.973074
 38.725974,-82.979296
 38.725848,-82.981367
 38.726317,-82.984307
 38.726342,-82.986689
 38.728485,-82.993888
 38.728644,-82.995765
 38.729422,-82.999724
 38.729765,-83.003941
 38.729983,-83.011708
 38.729179,-83.013028
 38.729364,-83.013436
 38.729799,-83.013307
 38.73055,-83.012886
 38.730698,-83.013516
 38.730108,-83.013725
 38.729723,-83.014026
 38.729205,-83.015013
 38.728116,-83.018768
 38.728845,-83.021278
 38.72779,-83.025838
 38.727045,-83.028038
 38.725764,-83.030548
 38.723731,-83.033026
 38.722056,-83.034067
 38.719503,-83.036385
 38.716147,-83.038541
 38.70785,-83.042693
 38.70379,-83.046062
 38.700943,-83.048948
 38.69689,-83.051974
 38.69581,-83.053111
 38.693599,-83.05692
 38.693156,-83.057992
 38.690174,-83.06179
 38.688952,-83.064344
 38.688466,-83.066028
 38.687486,-83.06796
 38.685426,-83.073581
 38.683659,-83.077615
 38.681021,-83.084332
 38.679354,-83.092325
 38.678274,-83.098783
 38.677093,-83.103236
 38.676297,-83.105328
 38.67535,-83.106594
 38.675015,-83.107688
 38.671749,-83.112237
 38.665843,-83.11801
 38.662207,-83.120778
 38.659459,-83.122387
 38.659141,-83.122537
 38.658437,-83.122526
 38.657658,-83.122312
 38.655731,-83.123417
 38.65388,-83.123717
 38.652103,-83.124468
 38.650369,-83.124769
 38.645341,-83.126281
 38.642283,-83.127741
 38.640154,-83.129007
 38.633735,-83.133427
 38.631581,-83.135154
 38.628287,-83.138545
 38.624985,-83.142997
 38.620911,-83.154134
 38.620249,-83.157105
 38.620006,-83.159477
 38.620089,-83.170538
 38.619855,-83.174711
 38.618958,-83.18205
 38.618329,-83.184292
 38.61796,-83.188519
 38.617181,-83.194227
 38.616803,-83.199506
 38.616778,-83.202896
 38.617139,-83.205868
 38.617516,-83.207606
 38.619042,-83.212488
 38.621942,-83.218646
 38.622529,-83.220288
 38.625739,-83.226178
 38.626912,-83.22945
 38.627541,-83.231703
 38.627818,-83.23283
 38.628522,-83.239374
 38.628396,-83.242378
 38.627876,-83.245586
 38.626141,-83.251165
 38.625236,-83.252431
 38.623778,-83.253933
 38.623333,-83.254673
 38.623015,-83.2558
 38.622654,-83.261175
 38.622093,-83.262827
 38.621288,-83.264297
 38.619972,-83.265971
 38.618086,-83.267752
 38.617658,-83.267977
 38.615563,-83.268245
 38.615135,-83.268471
 38.613936,-83.270295
 38.610583,-83.273578
 38.608336,-83.276485
 38.602979,-83.282086
 38.601034,-83.284703
 38.598778,-83.28715
 38.598032,-83.288684
 38.596782,-83.292568
 38.596548,-83.294338
 38.597394,-83.299338
 38.598208,-83.302159
 38.599918,-83.306226
 38.601822,-83.309584
 38.602794,-83.310893
 38.607448,-83.315935
 38.608848,-83.317244
 38.610072,-83.318145
 38.611832,-83.31895
 38.615496,-83.31998
 38.617155,-83.320227
 38.622789,-83.32057
 38.626661,-83.32146
 38.628522,-83.321707
 38.63034,-83.322319
 38.632025,-83.32337
 38.632561,-83.324068
 38.633022,-83.324132
 38.634263,-83.324947
 38.635319,-83.326074
 38.637347,-83.327576
 38.642157,-83.334185
 38.643272,-83.336556
 38.645718,-83.340182
 38.648475,-83.345611
 38.649078,-83.34721
 38.652363,-83.352896
 38.652505,-83.354806
 38.652757,-83.35531
 38.653871,-83.356394
 38.654148,-83.356876
 38.655723,-83.360556
 38.656829,-83.362488
 38.658697,-83.367273
 38.659233,-83.368936
 38.659518,-83.370695
 38.660289,-83.372658
 38.660674,-83.374375
 38.661369,-83.376167
 38.662241,-83.380222
 38.66266,-83.383774
 38.663087,-83.384804
 38.663849,-83.391423
 38.665139,-83.398772
 38.666178,-83.408246
 38.666773,-83.41022
 38.666061,-83.414286
 38.666689,-83.416561
 38.666932,-83.418932
 38.667041,-83.419844
 38.66738,-83.419806
 38.667468,-83.419168
 38.667711,-83.417484
 38.667971,-83.417666
 38.668088,-83.418235
 38.668272,-83.419544
 38.668339,-83.419801
 38.668473,-83.423803
 38.668909,-83.428127
 38.668817,-83.430616
 38.669303,-83.440197
 38.670107,-83.446934
 38.671246,-83.449541
 38.673231,-83.455893
 38.673985,-83.457363
 38.673608,-83.459669
 38.673675,-83.460249
 38.674923,-83.465238
 38.675484,-83.468145
 38.677947,-83.471975
 38.682269,-83.476503
 38.689823,-83.48617
 38.694152,-83.493336
 38.696053,-83.496877
 38.699377,-83.504816
 38.700985,-83.509687
 38.701663,-83.512563
 38.702977,-83.520845
 38.702668,-83.522583
 38.702852,-83.525555
 38.702509,-83.530093
 38.700868,-83.540082
 38.698791,-83.549094
 38.696798,-83.556529
 38.69607,-83.558739
 38.695291,-83.562055
 38.692737,-83.569447
 38.691765,-83.574586
 38.691799,-83.575058
 38.692511,-83.575423
 38.691137,-83.581152
 38.690576,-83.584414
 38.690476,-83.586195
 38.689747,-83.590282
 38.687989,-83.597074
 38.686624,-83.604648
 38.685116,-83.611783
 38.684078,-83.615752
 38.68319,-83.618413
 38.681565,-83.62205
 38.679714,-83.625526
 38.679329,-83.626567
 38.678684,-83.62734
 38.67762,-83.629142
 38.673508,-83.633541
 38.669923,-83.63633
 38.667619,-83.637435
 38.664427,-83.638326
 38.657583,-83.639667
 38.655714,-83.639871
 38.654324,-83.639785
 38.654005,-83.640128
 38.653226,-83.639892
 38.652304,-83.639989
 38.645417,-83.64207
 38.645098,-83.642403
 38.643406,-83.6428
 38.640908,-83.643669
 38.639157,-83.644549
 38.636308,-83.64634
 38.633366,-83.648797
 38.631598,-83.650964
 38.630533,-83.652928
 38.630265,-83.654022
 38.62931,-83.656061
 38.628371,-83.660073
 38.628094,-83.661897
 38.627876,-83.66547
 38.62848,-83.671424
 38.628899,-83.673431
 38.628932,-83.674622
 38.630642,-83.68211
 38.631815,-83.68535
 38.633693,-83.690189
 38.634405,-83.691487
 38.637623,-83.698869
 38.638721,-83.7008
 38.640397,-83.705167
 38.640171,-83.705424
 38.639936,-83.706486
 38.640012,-83.707666
 38.640799,-83.709812
 38.641579,-83.710434
 38.641822,-83.710917
 38.641872,-83.71331
 38.643657,-83.716625
 38.643967,-83.717065
 38.645232,-83.717837
 38.645568,-83.718234
 38.64685,-83.720756
 38.647252,-83.723695
 38.647403,-83.728448
 38.648098,-83.738222
 38.648618,-83.742986
 38.649489,-83.748275
 38.651676,-83.758714
 38.652405,-83.763124
 38.653084,-83.765355
 38.655178,-83.769346
 38.656443,-83.770945
 38.657197,-83.771642
 38.658454,-83.772447
 38.661361,-83.773756
 38.663221,-83.773992
 38.666279,-83.775462
 38.671807,-83.777157
 38.674588,-83.777736
 38.678156,-83.77823
 38.679513,-83.778691
 38.683232,-83.779378
 38.685493,-83.779989
 38.688022,-83.780966
 38.690325,-83.781534
 38.694353,-83.783219
 38.696178,-83.783712
 38.698146,-83.785311
 38.700273,-83.787682
 38.701688,-83.790053
 38.704928,-83.798465
 38.705171,-83.799623
 38.705766,-83.801222
 38.706042,-83.802981
 38.706921,-83.806393
 38.707381,-83.811157
 38.707934,-83.81474
 38.709927,-83.821875
 38.710948,-83.823881
 38.713208,-83.827347
 38.716356,-83.834031
 38.717905,-83.836284
 38.719897,-83.838601
 38.721537,-83.839749
 38.722249,-83.840511
 38.723111,-83.840972
 38.725346,-83.841873
 38.727171,-83.842367
 38.730535,-83.842635
 38.731925,-83.842978
 38.742235,-83.846068
 38.747063,-83.848525
 38.749498,-83.850317
 38.751481,-83.851937
 38.752561,-83.853096
 38.753573,-83.855091
 38.754326,-83.855499
 38.754569,-83.85595
 38.755665,-83.857023
 38.756886,-83.8589
 38.760216,-83.866153
 38.761605,-83.869994
 38.762701,-83.87465
 38.763102,-83.877611
 38.763069,-83.878931
 38.765403,-83.887246
 38.765612,-83.890228
 38.768824,-83.909476
 38.769543,-83.912952
 38.76951,-83.917608
 38.770865,-83.925548
 38.771844,-83.928498
 38.772212,-83.928734
 38.772513,-83.928369
 38.773015,-83.926685
 38.773291,-83.926256
 38.77365,-83.926406
 38.774336,-83.928638
 38.77626,-83.932747
 38.778644,-83.936234
 38.783436,-83.944484
 38.784398,-83.947467
 38.78587,-83.953797
 38.786246,-83.957562
 38.786882,-83.960223
 38.787618,-83.969536
 38.787375,-83.972508
 38.787777,-83.975458
 38.787467,-83.978441
 38.786815,-83.979803
 38.785552,-83.984964
 38.784147,-83.988075
 38.782625,-83.994298
 38.780969,-83.999909
 38.780501,-84.002473
 38.780099,-84.006035
 38.779581,-84.008278
 38.776352,-84.01774
 38.77442,-84.025573
 38.771149,-84.040335
 38.77053,-84.044842
 38.771434,-84.050871
 38.771041,-84.055302
 38.771099,-84.063445
 38.770907,-84.066439
 38.77038,-84.070162
 38.77043,-84.071352
 38.77125,-84.07441
 38.771501,-84.076695
 38.772722,-84.082865
 38.773692,-84.086233
 38.774219,-84.091576
 38.77452,-84.092714
 38.775348,-84.094859
 38.779154,-84.108667
 38.780584,-84.111242
 38.780869,-84.111629
 38.780818,-84.111285
 38.780839,-84.110282
 38.781009,-84.110242
 38.781094,-84.110523
 38.781462,-84.111704
 38.783946,-84.119493
 38.789332,-84.134771
 38.79052,-84.139963
 38.79246,-84.146379
 38.794801,-84.15567
 38.79639,-84.165069
 38.798004,-84.176581
 38.799542,-84.189262
 38.800955,-84.198693
 38.802494,-84.205388
 38.805654,-84.212844
 38.807493,-84.21469
 38.810461,-84.21852
 38.813396,-84.221728
 38.813772,-84.222103
 38.817768,-84.225397
 38.826294,-84.230086
 38.830398,-84.231287
 38.834209,-84.232038
 38.842783,-84.233261
 38.848599,-84.233111
 38.85276,-84.233251
 38.855099,-84.233015
 38.856803,-84.233068
 38.858508,-84.232854
 38.85931,-84.232918
 38.861632,-84.232553
 38.865358,-84.232532
 38.867964,-84.232006
 38.873093,-84.23148
 38.875131,-84.231942
 38.884168,-84.23236
 38.893146,-84.234474
 38.900602,-84.239967
 38.903115,-84.242649
 38.906614,-84.245363
 38.923184,-84.257079
 38.92679,-84.261028
 38.941461,-84.274932
 38.945075,-84.279835
 38.955638,-84.288086
 38.968193,-84.295092
 38.985016,-84.296454
 38.989486,-84.297184
 38.996099,-84.299458
 39.006671,-84.304919
 39.01705,-84.313835
 39.027344,-84.326473
 39.032761,-84.336247
 39.036878,-84.345968
 39.041228,-84.360119
 39.041445,-84.361289
 39.045119,-84.387006
 39.045236,-84.394215
 39.046286,-84.40091
 39.045669,-84.402498
 39.045619,-84.406693
 39.045736,-84.407262
 39.050894,-84.421477
 39.052918,-84.425533
 39.053435,-84.426219
 39.053801,-84.426584
 39.056784,-84.428269
 39.0574,-84.429159
 39.058159,-84.429803
 39.061058,-84.430618
 39.063898,-84.431702
 39.067555,-84.432635
 39.072995,-84.43315
 39.075793,-84.433064
 39.0781,-84.432667
 39.083389,-84.432914
 39.084288,-84.433161
 39.086836,-84.43462
 39.092366,-84.433944
 39.094056,-84.432957
 39.094497,-84.432946
 39.102099,-84.435521
 39.109625,-84.440682
 39.114304,-84.445134
 39.117792,-84.449973
 39.120272,-84.455316
 39.121704,-84.462086
 39.121446,-84.469929
 39.121213,-84.471066
 39.118816,-84.476849
 39.116751,-84.480861
 39.110691,-84.487749
 39.102208,-84.494015
 39.100284,-84.496472
 39.096671,-84.501976
 39.09508,-84.505924
 39.093765,-84.510623
 39.093132,-84.514132
 39.092357,-84.519432
 39.092191,-84.523627
 39.092532,-84.525987
 39.092882,-84.527103
 39.096679,-84.534677
 39.099227,-84.541265
 39.099926,-84.545932
 39.09951,-84.550824
 39.098811,-84.55282
 39.097637,-84.554676
 39.094314,-84.558399
 39.089701,-84.562175
 39.088219,-84.563624
 39.08433,-84.568731
 39.082573,-84.571509
 39.081956,-84.573119
 39.081049,-84.57653
 39.079558,-84.584749
 39.077317,-84.594769
 39.076634,-84.596765
 39.074735,-84.600177
 39.074011,-84.602376
 39.073569,-84.604715
 39.073311,-84.607944
 39.073336,-84.618931
 39.074286,-84.623576
 39.075993,-84.628597
 39.076651,-84.632106
 39.076859,-84.632621
 39.078633,-84.634563
 39.08089,-84.637738
 39.091516,-84.650248
 39.095322,-84.657072
 39.097895,-84.666127
 39.098278,-84.677457
 39.100368,-84.684688
 39.100626,-84.685192
 39.102091,-84.68752
 39.103856,-84.689484
 39.105946,-84.690986
 39.112414,-84.69679
 39.119931,-84.702852
 39.129669,-84.711478
 39.131325,-84.71313
 39.13254,-84.71401
 39.137117,-84.71873
 39.141911,-84.726176
 39.144249,-84.731648
 39.147377,-84.744008
 39.147186,-84.744405
 39.147402,-84.745392
 39.147302,-84.750777
 39.146587,-84.754436
 39.143749,-84.7592
 39.139023,-84.766023
 39.138024,-84.767214
 39.133131,-84.771634
 39.12778,-84.775808
 39.12088,-84.781955
 39.118041,-84.784015
 39.115136,-84.787899
 39.113763,-84.791032
 39.112889,-84.793886
 39.110441,-84.804443
 39.109259,-84.810258
 39.108701,-84.81117
 39.107078,-84.812297
 39.106129,-84.814829
 39.105879,-84.815987
 39.105446,-84.820139
 39.105561,-84.820154
 39.111506,-84.82012
 39.111931,-84.820203
 39.112938,-84.820114
 39.113771,-84.820107
 39.118971,-84.820093
 39.119941,-84.820079
 39.120867,-84.82018
 39.126665,-84.820102
 39.130073,-84.820056
 39.130818,-84.820032
 39.14786,-84.820107
 39.149249,-84.820268
 39.156498,-84.820309
 39.158488,-84.819835
 39.173964,-84.819946
 39.181707,-84.819956
 39.189449,-84.820003
 39.194981,-84.820067
 39.196187,-84.820104
 39.196396,-84.820074
 39.20121,-84.820119
 39.209295,-84.820085
 39.217579,-84.820116
 39.218376,-84.820153
 39.218757,-84.820158
 39.224225,-84.820167
 39.229686,-84.820162
 39.243623,-84.819833
 39.244332,-84.820091
 39.247567,-84.820103
 39.248338,-84.819825
 39.251425,-84.820084
 39.25744,-84.820021
 39.263504,-84.819893
 39.264784,-84.81982
 39.267359,-84.819741
 39.267642,-84.819745
 39.270001,-84.819813
 39.270044,-84.819638
 39.273496,-84.819658
 39.279988,-84.819507
 39.290023,-84.819394
 39.297823,-84.81934
 39.299047,-84.819288
 39.304472,-84.819343
 39.305276,-84.819474
 39.310371,-84.819351
 39.329159,-84.819029
 39.347949,-84.818771
 39.361738,-84.81847
 39.361833,-84.818401
 39.361886,-84.818332
 39.366696,-84.818275
 39.368384,-84.818254
 39.371399,-84.818126
 39.37419,-84.81819
 39.374686,-84.818212
 39.375074,-84.818169
 39.377264,-84.818159
 39.377363,-84.818079
 39.378823,-84.818041
 39.378976,-84.817955
 39.379097,-84.817955
 39.385574,-84.817806
 39.386466,-84.817762
 39.38697,-84.817664
 39.391852,-84.818361
 39.392177,-84.818315
 39.392595,-84.81831
 39.393845,-84.818321
 39.39404,-84.818277
 39.394364,-84.817848
 39.394664,-84.817697
 39.396142,-84.817673
 39.406973,-84.817412
 39.428391,-84.816921
 39.449797,-84.816569
 39.471181,-84.816218
 39.478521,-84.816106
 39.478871,-84.81623
 39.481094,-84.816134
 39.491088,-84.815772
 39.512819,-84.815476
 39.532143,-84.815276
 39.551503,-84.815163
 39.561026,-84.815127
 39.562445,-84.815088
 39.565719,-84.815047
 39.567323,-84.814876
 39.568529,-84.815135
 39.579993,-84.815062
 39.591472,-84.815021
 39.611497,-84.814854
 39.621532,-84.814759
 39.63155,-84.814751
 39.671774,-84.814577
 39.678109,-84.814625
 39.680294,-84.814638
 39.682165,-84.814609
 39.690309,-84.814533
 39.701013,-84.814447
 39.711711,-84.814404
 39.75176,-84.814342
 39.771748,-84.814307
 39.785119,-84.81431
 39.786907,-84.81429
 39.791795,-84.814314
 39.804704,-84.814209
 39.807523,-84.813934
 39.813887,-84.814154
 39.8218,-84.813909
 39.852582,-84.813591
 39.865504,-84.812697
 39.872898,-84.81314
 39.901225,-84.812686
 39.902387,-84.812647
 39.909048,-84.812094
 39.913354,-84.81257
 39.916856,-84.812422
 39.920753,-84.812446
 39.942653,-84.812011
 39.953611,-84.811847
 39.959169,-84.811756
 39.96203,-84.811744
 39.964719,-84.811688
 39.986548,-84.811335
 39.994633,-84.811224
 40.000236,-84.810953
 40.008601,-84.810726
 40.052553,-84.809656
 40.063569,-84.809407
 40.074564,-84.809207
 40.096584,-84.808855
 40.107126,-84.808465
 40.140307,-84.807603
 40.149286,-84.807357
 40.158363,-84.807111
 40.167475,-84.806844
 40.176586,-84.806608
 40.194513,-84.806068
 40.200772,-84.805922
 40.202475,-84.805927
 40.212436,-84.805657
 40.230398,-84.80516
 40.248389,-84.804737
 40.284668,-84.80399
 40.323785,-84.803623
 40.356864,-84.803943
 40.392802,-84.804113
 40.408509,-84.804197
 40.429113,-84.804025
 40.447091,-84.803739
 40.465244,-84.803476
 40.500834,-84.802883
 40.545406,-84.802656
 40.566964,-84.802478
 40.588189,-84.8023
 40.628444,-84.802234
 40.648388,-84.802281
 40.668269,-84.802382
 40.68925,-84.802316
 40.69137,-84.802343
 40.691506,-84.802112
 40.706516,-84.802294
 40.748318,-84.802249
 40.788207,-84.802247
 40.828104,-84.802299
 40.847394,-84.802384
 40.86676,-84.80249
 40.905443,-84.802799
 41.062309,-84.803349
 41.219528,-84.803534
 41.258286,-84.803435
 41.297923,-84.803766
 41.317496,-84.80391
 41.325217,-84.80396
 41.327292,-84.80378
 41.330108,-84.803857
 41.336901,-84.804054
 41.376338,-84.803912
 41.384254,-84.803978
 41.392443,-84.804022
 41.400462,-84.804088
 41.405478,-84.804132
 41.408287,-84.804197
 41.408379,-84.804203
 41.408439,-84.804046
 41.408627,-84.803932
 41.411112,-84.803939
 41.411416,-84.803888
 41.415477,-84.803902
 41.45469,-84.804128
 41.532979,-84.80473
 41.613051,-84.805654
 41.616997,-84.805787
 41.620302,-84.805748
 41.629156,-84.805756
 41.631386,-84.805975
 41.632268,-84.80585
 41.641922,-84.805773
