36.980879,-89.134274
 36.981215,-89.134709
 36.98508,-89.139698
 36.999956,-89.161767
 37.000899,-89.163837
 37.002758,-89.16682
 37.003144,-89.166992
 37.003564,-89.166745
 37.003906,-89.167646
 37.005174,-89.168247
 37.008036,-89.171423
 37.008559,-89.17227
 37.010615,-89.173794
 37.013194,-89.175242
 37.016929,-89.176573
 37.020227,-89.178944
 37.022411,-89.180027
 37.026617,-89.181207
 37.031139,-89.181594
 37.036826,-89.182742
 37.038008,-89.182817
 37.040397,-89.182559
 37.044645,-89.181626
 37.046075,-89.181572
 37.048413,-89.181046
 37.057078,-89.178021
 37.061153,-89.176229
 37.063628,-89.174727
 37.065862,-89.17403
 37.066521,-89.173172
 37.067703,-89.172163
 37.069886,-89.170951
 37.073849,-89.168365
 37.088657,-89.154793
 37.09012,-89.152089
 37.090313,-89.151483
 37.089992,-89.151242
 37.089067,-89.151542
 37.088806,-89.151553
 37.088905,-89.151371
 37.089752,-89.149901
 37.090847,-89.14857
 37.091019,-89.148077
 37.090565,-89.147133
 37.090736,-89.146575
 37.092319,-89.144354
 37.09386,-89.142745
 37.094074,-89.142326
 37.093714,-89.142133
 37.093543,-89.142069
 37.09368,-89.141747
 37.093945,-89.141253
 37.094613,-89.140395
 37.096975,-89.138346
 37.099054,-89.137133
 37.102118,-89.135953
 37.102948,-89.135385
 37.103564,-89.134462
 37.10501,-89.131415
 37.109083,-89.124849
 37.111153,-89.12236
 37.113446,-89.120611
 37.115705,-89.11839
 37.117989,-89.115472
 37.119478,-89.113981
 37.120316,-89.11339
 37.121052,-89.112639
 37.121813,-89.111127
 37.122455,-89.110268
 37.122942,-89.109646
 37.122211,-89.1097
 37.121519,-89.110288
 37.120479,-89.112128
 37.12009,-89.113195
 37.118138,-89.114002
 37.115792,-89.115667
 37.115702,-89.115328
 37.117491,-89.113664
 37.119066,-89.111269
 37.120915,-89.109968
 37.121796,-89.109507
 37.122241,-89.109292
 37.122686,-89.109077
 37.123139,-89.108895
 37.125312,-89.108251
 37.127211,-89.106792
 37.129837,-89.105333
 37.132352,-89.103606
 37.135431,-89.102479
 37.136757,-89.101793
 37.138869,-89.100398
 37.140383,-89.099185
 37.142051,-89.098735
 37.146583,-89.096653
 37.150808,-89.095677
 37.156323,-89.093091
 37.161385,-89.089444
 37.165335,-89.086955
 37.167695,-89.083983
 37.169431,-89.082395
 37.175817,-89.07541
 37.177296,-89.07305
 37.179074,-89.071194
 37.186707,-89.061002
 37.189502,-89.056957
 37.193151,-89.052933
 37.194399,-89.051099
 37.197296,-89.048095
 37.203082,-89.041153
 37.203697,-89.038289
 37.204244,-89.037366
 37.208064,-89.033761
 37.211302,-89.029866
 37.211439,-89.029309
 37.211259,-89.027528
 37.211336,-89.026937
 37.212609,-89.024416
 37.215027,-89.018419
 37.215856,-89.014986
 37.216258,-89.013891
 37.217061,-89.0124
 37.220718,-89.00681
 37.221237,-89.006016
 37.221397,-89.005973
 37.221437,-89.006102
 37.221102,-89.006939
 37.22047,-89.008538
 37.220658,-89.008575
 37.221034,-89.00784
 37.224366,-89.00122
 37.224442,-89.000008
 37.226339,-88.992562
 37.227338,-88.987724
 37.228731,-88.98326
 37.22897,-88.980879
 37.229261,-88.979784
 37.229124,-88.979237
 37.229158,-88.978229
 37.229884,-88.971319
 37.229893,-88.967317
 37.230119,-88.9661
 37.229645,-88.965805
 37.229431,-88.967339
 37.22903,-88.970708
 37.228611,-88.97295
 37.22862,-88.970579
 37.228159,-88.968894
 37.226749,-88.966652
 37.225775,-88.963273
 37.225852,-88.960279
 37.225673,-88.957876
 37.224818,-88.952887
 37.224861,-88.950495
 37.224203,-88.944315
 37.224195,-88.940109
 37.224801,-88.934358
 37.22507,-88.932832
 37.225374,-88.932422
 37.226014,-88.934691
 37.2268,-88.937523
 37.22815,-88.941375
 37.228432,-88.941847
 37.228722,-88.941858
 37.227808,-88.933318
 37.227526,-88.931547
 37.226228,-88.927031
 37.224981,-88.923372
 37.224178,-88.916591
 37.221982,-88.909982
 37.219299,-88.902901
 37.21818,-88.898588
 37.216608,-88.8942
 37.213925,-88.884072
 37.211618,-88.877281
 37.211029,-88.875006
 37.2109,-88.873816
 37.209251,-88.868355
 37.208012,-88.865318
 37.206859,-88.861381
 37.20362,-88.853967
 37.20315,-88.852272
 37.20068,-88.845427
 37.200441,-88.844268
 37.19833,-88.839558
 37.196476,-88.834827
 37.193134,-88.822564
 37.191921,-88.82
 37.191365,-88.816491
 37.190203,-88.813884
 37.188758,-88.80602
 37.188391,-88.804915
 37.185057,-88.797437
 37.181894,-88.792942
 37.180843,-88.790195
 37.179834,-88.788983
 37.178826,-88.786944
 37.177338,-88.785657
 37.175552,-88.784809
 37.17521,-88.784412
 37.174637,-88.783457
 37.173816,-88.78129
 37.172919,-88.779702
 37.172602,-88.779252
 37.170602,-88.77761
 37.168969,-88.775722
 37.164805,-88.767943
 37.162933,-88.765208
 37.160137,-88.761935
 37.157324,-88.756142
 37.155964,-88.754457
 37.154801,-88.752537
 37.152929,-88.748363
 37.151201,-88.744994
 37.150235,-88.743664
 37.14601,-88.736336
 37.144736,-88.733793
 37.143471,-88.730564
 37.141888,-88.725479
 37.141127,-88.722153
 37.140896,-88.719771
 37.141042,-88.716778
 37.142667,-88.707401
 37.14235,-88.707089
 37.141888,-88.706928
 37.141649,-88.706521
 37.142273,-88.703753
 37.143103,-88.704042
 37.142992,-88.702734
 37.141341,-88.693582
 37.138852,-88.685203
 37.137441,-88.681587
 37.135645,-88.678282
 37.134875,-88.674817
 37.129486,-88.662221
 37.126022,-88.652372
 37.125397,-88.649486
 37.124439,-88.648607
 37.123011,-88.645002
 37.122001,-88.639755
 37.121445,-88.638103
 37.121146,-88.636097
 37.120975,-88.634316
 37.121385,-88.630764
 37.119615,-88.626151
 37.114379,-88.614467
 37.109819,-88.606002
 37.106961,-88.601013
 37.105592,-88.599318
 37.10406,-88.597881
 37.102657,-88.596261
 37.100911,-88.591797
 37.099285,-88.588847
 37.098318,-88.588364
 37.09356,-88.58433
 37.08828,-88.579191
 37.087373,-88.57785
 37.087056,-88.577957
 37.085849,-88.576305
 37.08454,-88.573097
 37.082657,-88.569278
 37.079002,-88.564482
 37.074851,-88.557229
 37.072616,-88.551843
 37.071649,-88.548775
 37.070262,-88.545631
 37.066744,-88.52824
 37.065845,-88.522071
 37.065442,-88.5147
 37.065477,-88.504561
 37.066444,-88.498124
 37.068113,-88.491966
 37.067874,-88.487202
 37.067257,-88.483586
 37.068268,-88.478951
 37.068473,-88.475969
 37.069209,-88.473759
 37.069971,-88.472064
 37.073917,-88.459489
 37.074662,-88.458835
 37.098678,-88.444984
 37.10151,-88.444608
 37.108082,-88.442055
 37.108373,-88.442162
 37.108065,-88.442996
 37.108535,-88.443289
 37.108706,-88.443729
 37.109083,-88.443857
 37.109545,-88.443761
 37.12029,-88.438439
 37.121933,-88.437248
 37.124551,-88.435736
 37.129101,-88.433461
 37.134969,-88.431498
 37.14158,-88.428504
 37.149816,-88.425114
 37.151218,-88.424771
 37.152501,-88.424771
 37.153809,-88.4255
 37.157529,-88.428226
 37.158589,-88.430071
 37.160411,-88.431873
 37.163771,-88.433933
 37.164224,-88.434083
 37.166105,-88.433837
 37.168285,-88.435038
 37.169191,-88.435242
 37.169567,-88.435103
 37.170987,-88.435339
 37.179689,-88.437999
 37.180527,-88.438557
 37.181612,-88.439727
 37.182151,-88.440017
 37.186878,-88.441615
 37.188211,-88.442216
 37.189168,-88.442248
 37.192203,-88.443975
 37.194561,-88.444415
 37.203432,-88.44802
 37.207209,-88.451164
 37.213259,-88.45862
 37.215369,-88.462697
 37.216993,-88.467053
 37.220393,-88.472064
 37.223469,-88.47496
 37.227039,-88.477997
 37.22915,-88.479402
 37.234719,-88.482084
 37.237008,-88.482921
 37.240647,-88.484799
 37.242799,-88.486108
 37.244781,-88.487792
 37.245157,-88.488157
 37.245532,-88.489187
 37.246318,-88.48968
 37.248342,-88.492202
 37.249333,-88.494251
 37.250153,-88.495324
 37.253406,-88.500506
 37.255968,-88.50322
 37.257949,-88.504905
 37.25929,-88.506439
 37.260144,-88.507876
 37.260989,-88.510687
 37.261647,-88.511492
 37.262953,-88.512189
 37.263431,-88.5122
 37.263739,-88.511878
 37.263636,-88.511342
 37.262262,-88.50969
 37.262074,-88.509175
 37.262219,-88.508627
 37.262535,-88.508188
 37.262424,-88.507168
 37.262953,-88.506224
 37.263508,-88.504711
 37.264251,-88.50396
 37.264704,-88.503842
 37.265062,-88.504121
 37.265088,-88.504679
 37.264516,-88.505913
 37.265011,-88.506675
 37.266898,-88.506932
 37.269528,-88.50837
 37.270902,-88.508885
 37.275743,-88.50999
 37.276947,-88.510956
 37.278569,-88.513123
 37.279354,-88.51353
 37.27944,-88.513992
 37.280789,-88.513734
 37.282171,-88.514163
 37.282931,-88.514721
 37.283682,-88.515633
 37.284126,-88.515805
 37.284596,-88.515751
 37.285953,-88.515172
 37.28737,-88.514915
 37.287942,-88.514196
 37.288411,-88.514915
 37.290776,-88.514507
 37.293268,-88.513402
 37.296034,-88.512458
 37.298261,-88.511395
 37.303168,-88.508488
 37.307435,-88.505098
 37.309808,-88.503692
 37.312504,-88.502491
 37.315738,-88.501385
 37.31782,-88.500248
 37.319731,-88.498735
 37.322342,-88.497233
 37.326625,-88.494304
 37.328468,-88.493371
 37.330439,-88.491729
 37.333228,-88.490957
 37.335421,-88.489648
 37.339097,-88.486859
 37.340436,-88.486204
 37.342782,-88.485678
 37.345119,-88.484337
 37.345571,-88.484241
 37.346978,-88.484391
 37.350015,-88.48334
 37.354407,-88.482385
 37.357742,-88.482181
 37.361971,-88.482202
 37.364333,-88.481838
 37.375256,-88.478158
 37.379783,-88.477235
 37.386433,-88.476344
 37.388513,-88.47525
 37.396414,-88.469564
 37.400386,-88.465476
 37.407937,-88.456099
 37.408542,-88.455166
 37.411499,-88.449758
 37.416127,-88.439094
 37.417908,-88.432882
 37.419254,-88.425415
 37.421555,-88.418806
 37.423719,-88.414257
 37.424869,-88.410308
 37.424963,-88.408538
 37.424043,-88.404397
 37.421265,-88.39679
 37.416076,-88.387113
 37.412812,-88.382113
 37.410801,-88.37956
 37.409454,-88.377113
 37.406582,-88.374968
 37.405935,-88.374195
 37.404085,-88.373069
 37.403037,-88.371845
 37.402474,-88.37088
 37.401929,-88.369217
 37.401375,-88.366299
 37.401469,-88.364528
 37.401946,-88.362812
 37.403437,-88.359733
 37.408517,-88.352426
 37.409003,-88.35072
 37.410511,-88.348403
 37.413119,-88.34585
 37.416118,-88.343865
 37.421538,-88.338382
 37.427468,-88.332868
 37.429189,-88.330786
 37.430203,-88.329134
 37.431361,-88.326752
 37.433934,-88.323287
 37.435408,-88.318899
 37.436234,-88.317461
 37.437606,-88.315809
 37.439131,-88.31436
 37.440528,-88.312633
 37.446431,-88.299158
 37.447683,-88.295413
 37.451116,-88.286519
 37.452649,-88.281423
 37.453253,-88.278526
 37.454352,-88.270458
 37.455025,-88.26696
 37.455953,-88.259493
 37.456703,-88.255395
 37.456737,-88.251597
 37.456924,-88.249816
 37.456822,-88.237628
 37.457384,-88.22559
 37.457742,-88.222371
 37.458355,-88.218981
 37.459096,-88.212447
 37.460152,-88.208252
 37.460671,-88.195871
 37.462102,-88.187653
 37.462749,-88.184745
 37.464027,-88.180228
 37.464103,-88.179038
 37.463669,-88.176152
 37.463737,-88.175679
 37.464044,-88.174553
 37.465313,-88.172804
 37.465611,-88.171667
 37.466956,-88.157022
 37.468148,-88.151153
 37.46969,-88.145478
 37.471622,-88.135082
 37.471622,-88.133279
 37.470558,-88.129309
 37.470524,-88.128108
 37.471384,-88.124771
 37.471418,-88.119117
 37.472406,-88.108796
 37.47301,-88.096157
 37.47456,-88.091791
 37.476306,-88.08825
 37.476178,-88.087317
 37.475412,-88.087606
 37.474245,-88.089323
 37.472849,-88.090975
 37.471955,-88.091158
 37.471546,-88.090954
 37.471197,-88.090535
 37.47106,-88.09001
 37.47112,-88.087596
 37.47198,-88.085471
 37.472849,-88.084055
 37.473666,-88.083454
 37.474977,-88.083154
 37.475326,-88.082875
 37.475701,-88.0825
 37.47651,-88.08103
 37.480043,-88.078058
 37.481099,-88.076524
 37.482078,-88.074474
 37.483542,-88.072382
 37.485662,-88.072382
 37.486088,-88.070966
 37.486505,-88.070912
 37.487246,-88.071567
 37.491443,-88.070526
 37.491877,-88.070312
 37.492175,-88.069936
 37.49226,-88.068713
 37.491996,-88.068531
 37.486769,-88.068123
 37.482691,-88.068488
 37.481789,-88.068337
 37.481618,-88.067855
 37.481874,-88.067393
 37.48436,-88.064454
 37.485986,-88.063209
 37.487305,-88.062544
 37.488225,-88.062243
 37.489144,-88.062308
 37.489374,-88.062758
 37.489153,-88.063231
 37.487169,-88.065698
 37.487493,-88.066009
 37.487952,-88.065966
 37.491988,-88.064121
 37.495963,-88.062576
 37.502551,-88.061374
 37.50536,-88.061342
 37.507513,-88.062598
 37.508441,-88.062844
 37.509385,-88.062909
 37.513351,-88.062576
 37.514747,-88.062855
 37.516083,-88.063531
 37.52135,-88.067125
 37.525341,-88.069067
 37.527315,-88.07073
 37.528796,-88.072232
 37.53088,-88.075504
 37.532105,-88.078358
 37.532599,-88.081287
 37.533901,-88.084474
 37.534394,-88.08677
 37.534922,-88.087746
 37.536776,-88.090053
 37.538248,-88.091587
 37.542255,-88.094816
 37.551459,-88.101286
 37.553534,-88.102992
 37.556154,-88.105588
 37.562329,-88.114504
 37.568418,-88.121939
 37.569838,-88.124353
 37.57284,-88.131284
 37.574226,-88.133258
 37.580424,-88.13624
 37.58641,-88.139931
 37.58987,-88.140886
 37.590822,-88.140929
 37.59554,-88.140253
 37.599315,-88.140789
 37.601168,-88.141304
 37.605256,-88.142914
 37.612617,-88.14728
 37.617019,-88.14948
 37.618302,-88.150274
 37.621897,-88.151829
 37.622628,-88.152537
 37.623851,-88.15287
 37.624684,-88.153396
 37.62776,-88.154565
 37.632068,-88.156539
 37.635756,-88.157676
 37.640615,-88.158427
 37.649085,-88.158653
 37.65408,-88.159983
 37.655974,-88.160198
 37.658063,-88.160123
 37.661818,-88.159372
 37.664068,-88.158427
 37.665368,-88.157676
 37.669673,-88.154243
 37.673155,-88.152838
 37.676289,-88.150756
 37.682606,-88.145403
 37.684449,-88.14316
 37.687429,-88.13859
 37.689908,-88.136863
 37.69102,-88.134921
 37.691716,-88.134148
 37.694425,-88.133537
 37.697345,-88.132174
 37.699425,-88.130736
 37.702158,-88.128419
 37.706767,-88.125275
 37.709738,-88.122325
 37.710875,-88.120898
 37.712726,-88.1174
 37.713872,-88.114107
 37.716146,-88.106425
 37.716927,-88.104236
 37.717886,-88.102165
 37.71949,-88.099859
 37.721298,-88.098078
 37.723334,-88.095556
 37.725133,-88.092027
 37.72734,-88.088315
 37.728553,-88.085943
 37.730428,-88.081781
 37.730972,-88.080118
 37.731599,-88.077006
 37.733492,-88.072178
 37.738769,-88.06366
 37.7424,-88.059797
 37.744801,-88.057866
 37.747016,-88.056868
 37.747847,-88.05631
 37.749162,-88.054937
 37.751512,-88.051976
 37.752674,-88.050925
 37.756576,-88.048393
 37.762658,-88.044873
 37.765083,-88.043844
 37.76767,-88.042341
 37.770392,-88.041279
 37.775761,-88.040121
 37.779933,-88.039584
 37.781756,-88.038962
 37.783172,-88.039005
 37.784105,-88.038812
 37.790812,-88.036408
 37.79294,-88.035121
 37.794084,-88.034037
 37.796229,-88.032525
 37.797467,-88.031087
 37.798374,-88.029735
 37.79922,-88.028025
 37.800014,-88.02836
 37.80057,-88.028373
 37.802935,-88.028244
 37.80435,-88.02848
 37.804791,-88.028694
 37.806478,-88.030014
 37.807572,-88.031141
 37.808445,-88.032568
 37.80947,-88.035336
 37.809852,-88.037685
 37.809775,-88.039488
 37.809292,-88.041805
 37.808182,-88.045571
 37.806097,-88.050292
 37.803435,-88.054594
 37.802112,-88.057373
 37.801095,-88.060076
 37.80057,-88.062383
 37.800442,-88.064185
 37.800578,-88.066889
 37.800926,-88.068627
 37.801773,-88.070773
 37.804868,-88.076813
 37.810623,-88.082939
 37.813335,-88.085353
 37.814446,-88.086834
 37.815531,-88.088669
 37.816607,-88.089859
 37.817429,-88.09045
 37.818768,-88.091072
 37.821065,-88.091769
 37.822472,-88.091737
 37.824141,-88.09105
 37.825819,-88.089935
 37.828192,-88.087606
 37.82937,-88.085718
 37.830684,-88.081877
 37.830972,-88.079506
 37.830819,-88.078326
 37.830362,-88.076792
 37.829209,-88.074163
 37.825658,-88.06778
 37.823862,-88.063649
 37.822989,-88.06087
 37.822438,-88.057652
 37.821557,-88.043715
 37.823141,-88.037063
 37.824311,-88.033211
 37.825319,-88.031173
 37.826904,-88.028941
 37.828082,-88.027943
 37.83026,-88.026742
 37.832311,-88.026034
 37.832777,-88.025937
 37.833717,-88.026077
 37.836886,-88.0273
 37.8382,-88.027997
 37.838971,-88.028673
 37.841191,-88.031462
 37.841826,-88.033072
 37.842605,-88.035883
 37.844071,-88.042846
 37.845206,-88.049465
 37.846503,-88.053982
 37.847994,-88.057812
 37.848883,-88.059615
 37.853161,-88.065001
 37.854788,-88.066481
 37.857812,-88.068423
 37.866714,-88.072329
 37.868468,-88.07323
 37.871008,-88.074882
 37.879054,-88.078519
 37.885549,-88.084377
 37.888631,-88.089248
 37.891637,-88.093089
 37.892534,-88.094012
 37.893736,-88.094966
 37.901517,-88.097874
 37.903862,-88.097767
 37.90564,-88.095868
 37.905843,-88.095363
 37.906173,-88.092391
 37.905707,-88.086362
 37.903718,-88.083025
 37.900239,-88.078594
 37.895811,-88.071395
 37.894879,-88.067994
 37.893855,-88.0619
 37.892864,-88.058531
 37.891586,-88.056353
 37.89123,-88.055066
 37.891103,-88.049659
 37.89123,-88.044852
 37.892026,-88.038973
 37.89272,-88.036237
 37.892949,-88.031119
 37.892678,-88.029349
 37.892069,-88.02789
 37.891061,-88.026634
 37.889071,-88.024982
 37.888766,-88.024564
 37.888284,-88.022879
 37.888055,-88.020755
 37.888335,-88.018996
 37.889317,-88.016968
 37.891069,-88.014951
 37.891899,-88.014382
 37.893533,-88.013631
 37.894922,-88.013406
 37.899756,-88.015852
 37.902761,-88.017815
 37.909661,-88.01994
 37.912437,-88.019929
 37.912894,-88.02009
 37.913673,-88.020755
 37.914739,-88.022676
 37.914553,-88.024424
 37.914621,-88.028609
 37.913647,-88.0326
 37.913935,-88.033597
 37.914494,-88.034488
 37.914866,-88.036215
 37.914951,-88.041612
 37.915611,-88.049701
 37.916051,-88.053263
 37.917803,-88.061836
 37.918548,-88.063745
 37.919623,-88.065119
 37.921409,-88.066975
 37.922898,-88.068316
 37.924219,-88.068981
 37.925598,-88.069421
 37.926944,-88.069593
 37.927748,-88.069314
 37.928619,-88.068895
 37.930193,-88.067554
 37.932038,-88.064775
 37.9328,-88.063252
 37.933824,-88.059883
 37.934128,-88.057523
 37.934001,-88.056343
 37.933629,-88.055162
 37.933079,-88.054197
 37.932301,-88.053564
 37.931378,-88.053317
 37.930523,-88.052813
 37.928247,-88.050656
 37.926842,-88.048822
 37.925065,-88.04482
 37.924295,-88.041269
 37.924396,-88.038887
 37.924811,-88.03717
 37.926207,-88.034037
 37.929144,-88.030872
 37.930016,-88.030432
 37.930955,-88.030357
 37.932309,-88.030862
 37.935508,-88.033007
 37.942911,-88.03614
 37.955796,-88.036977
 37.95671,-88.036805
 37.957395,-88.03599
 37.957911,-88.034981
 37.958495,-88.032407
 37.958427,-88.028222
 37.959425,-88.020734
 37.961633,-88.016281
 37.961972,-88.015895
 37.962708,-88.015165
 37.964365,-88.014007
 37.967038,-88.012837
 37.970244,-88.01229
 37.977204,-88.012644
 37.982837,-88.015165
 37.991445,-88.019682
 37.998133,-88.022922
 38.00001,-88.023148
 38.005758,-88.025454
 38.007627,-88.025787
 38.009512,-88.02554
 38.012724,-88.024553
 38.016688,-88.022676
 38.019528,-88.020884
 38.022343,-88.018556
 38.024185,-88.016689
 38.025225,-88.014693
 38.025597,-88.012955
 38.026332,-88.010713
 38.027448,-88.008792
 38.029112,-88.007698
 38.030836,-88.007923
 38.032197,-88.009297
 38.033684,-88.011818
 38.034318,-88.014071
 38.034707,-88.017021
 38.034715,-88.017622
 38.03431,-88.01935
 38.032484,-88.024843
 38.031758,-88.027697
 38.03158,-88.03128
 38.031665,-88.032482
 38.03202,-88.034005
 38.034048,-88.038061
 38.035679,-88.040228
 38.037284,-88.041483
 38.039092,-88.042138
 38.040106,-88.042213
 38.044365,-88.042417
 38.046241,-88.042127
 38.048404,-88.040453
 38.050271,-88.03775
 38.051057,-88.035572
 38.051656,-88.033029
 38.052121,-88.030089
 38.052146,-88.027686
 38.051741,-88.017279
 38.051166,-88.008331
 38.051065,-88.004737
 38.051302,-88.002967
 38.051623,-88.001218
 38.052501,-87.999469
 38.055636,-87.988687
 38.059581,-87.979299
 38.060011,-87.978408
 38.06709,-87.967315
 38.074117,-87.964075
 38.081524,-87.959043
 38.086084,-87.956725
 38.088432,-87.956951
 38.092325,-87.959032
 38.094621,-87.959751
 38.096935,-87.960309
 38.098826,-87.960448
 38.099755,-87.960277
 38.100076,-87.960491
 38.10016,-87.960802
 38.099898,-87.962873
 38.099451,-87.963914
 38.097104,-87.966853
 38.095981,-87.968709
 38.094098,-87.975512
 38.09023,-87.985854
 38.088702,-87.990189
 38.086667,-87.996916
 38.084556,-88.002462
 38.083982,-88.004748
 38.083931,-88.00655
 38.084514,-88.010681
 38.084961,-88.011732
 38.085307,-88.012129
 38.086996,-88.013213
 38.088753,-88.014103
 38.090577,-88.014704
 38.095516,-88.016732
 38.097391,-88.016678
 38.10016,-88.015745
 38.101046,-88.015294
 38.103377,-88.013256
 38.105065,-88.009865
 38.10726,-88.003224
 38.107834,-88.000306
 38.108526,-87.998149
 38.108493,-87.99698
 38.107454,-87.991122
 38.107074,-87.985811
 38.107133,-87.983419
 38.108324,-87.978859
 38.109784,-87.975715
 38.110451,-87.974868
 38.110873,-87.97461
 38.11176,-87.974213
 38.113161,-87.973881
 38.114579,-87.973784
 38.117955,-87.973945
 38.119289,-87.974439
 38.120707,-87.974449
 38.121635,-87.974321
 38.124767,-87.973108
 38.128117,-87.971349
 38.130599,-87.969579
 38.131603,-87.968323
 38.132312,-87.966896
 38.132607,-87.965759
 38.132641,-87.964557
 38.132109,-87.960416
 38.132244,-87.959236
 38.132843,-87.956972
 38.132725,-87.955234
 38.132067,-87.953635
 38.130658,-87.951232
 38.128995,-87.949108
 38.126792,-87.946919
 38.126573,-87.946383
 38.126624,-87.94546
 38.12729,-87.944827
 38.13032,-87.943132
 38.131974,-87.941984
 38.136633,-87.938046
 38.139189,-87.935375
 38.139772,-87.934023
 38.140269,-87.931094
 38.140759,-87.929388
 38.141527,-87.927886
 38.142556,-87.926652
 38.143442,-87.925955
 38.144792,-87.925472
 38.14621,-87.925515
 38.147602,-87.925837
 38.148859,-87.926652
 38.150336,-87.928122
 38.150783,-87.928262
 38.15123,-87.928112
 38.152276,-87.927232
 38.152909,-87.925676
 38.153002,-87.923906
 38.155128,-87.919099
 38.155954,-87.91764
 38.15792,-87.915033
 38.159,-87.913874
 38.160628,-87.912791
 38.161598,-87.911589
 38.162391,-87.910978
 38.166153,-87.910645
 38.167562,-87.910795
 38.169949,-87.912254
 38.171122,-87.912759
 38.171501,-87.913102
 38.173382,-87.915795
 38.174133,-87.917286
 38.173871,-87.921438
 38.173458,-87.922522
 38.172682,-87.923638
 38.1721,-87.924324
 38.170843,-87.92514
 38.166609,-87.925869
 38.166145,-87.925805
 38.163479,-87.924603
 38.162071,-87.924517
 38.16116,-87.924753
 38.159422,-87.925923
 38.158679,-87.926642
 38.158089,-87.927586
 38.156402,-87.93118
 38.156317,-87.933573
 38.156427,-87.934141
 38.156705,-87.934602
 38.158848,-87.935236
 38.159312,-87.935193
 38.161446,-87.934152
 38.163311,-87.933755
 38.164255,-87.933766
 38.168372,-87.935053
 38.171316,-87.936448
 38.1721,-87.937102
 38.174833,-87.940428
 38.177937,-87.945825
 38.179202,-87.948357
 38.183241,-87.957519
 38.184666,-87.959901
 38.191826,-87.9699
 38.197838,-87.975812
 38.201092,-87.978569
 38.206547,-87.982646
 38.209169,-87.983987
 38.214935,-87.9852
 38.218222,-87.985629
 38.222311,-87.985564
 38.228421,-87.984889
 38.235989,-87.980222
 38.239141,-87.979685
 38.241492,-87.979771
 38.245157,-87.98093
 38.249808,-87.982936
 38.252159,-87.98491
 38.255142,-87.98785
 38.256127,-87.988139
 38.257029,-87.98786
 38.257711,-87.987077
 38.258048,-87.985972
 38.258006,-87.985371
 38.257719,-87.984266
 38.256372,-87.981809
 38.247045,-87.972304
 38.244744,-87.970598
 38.243421,-87.969986
 38.242486,-87.970093
 38.241113,-87.970512
 38.239714,-87.970437
 38.238787,-87.970254
 38.237388,-87.968913
 38.236714,-87.967411
 38.236335,-87.964579
 38.236579,-87.962197
 38.237,-87.960502
 38.238652,-87.958571
 38.239048,-87.958292
 38.239967,-87.958024
 38.241374,-87.957938
 38.24461,-87.958764
 38.246489,-87.958871
 38.249505,-87.95783
 38.250348,-87.957337
 38.251915,-87.955803
 38.253061,-87.953914
 38.254088,-87.950556
 38.254569,-87.948239
 38.255327,-87.94605
 38.257046,-87.943658
 38.259084,-87.942199
 38.259994,-87.941909
 38.260938,-87.941823
 38.261864,-87.941973
 38.263204,-87.942542
 38.263566,-87.942907
 38.266388,-87.948325
 38.267955,-87.950578
 38.268721,-87.951243
 38.270945,-87.952219
 38.273775,-87.952101
 38.275973,-87.95105
 38.277018,-87.94987
 38.277464,-87.948818
 38.278492,-87.944494
 38.279157,-87.942907
 38.280016,-87.941501
 38.281406,-87.940031
 38.283056,-87.939184
 38.284,-87.938969
 38.287284,-87.938883
 38.290694,-87.938079
 38.292471,-87.937274
 38.294795,-87.935225
 38.295764,-87.933776
 38.296395,-87.932167
 38.297111,-87.929313
 38.298635,-87.925075
 38.299199,-87.922833
 38.299342,-87.921234
 38.299376,-87.917029
 38.299115,-87.915269
 38.29861,-87.913735
 38.29754,-87.911375
 38.296193,-87.90969
 38.294139,-87.908242
 38.293254,-87.907888
 38.29232,-87.908027
 38.290981,-87.908564
 38.286627,-87.912319
 38.28437,-87.91381
 38.279351,-87.917683
 38.27626,-87.919153
 38.274398,-87.919453
 38.272267,-87.918971
 38.27097,-87.918262
 38.269808,-87.917254
 38.268957,-87.915827
 38.268359,-87.914196
 38.268039,-87.911257
 38.26814,-87.910066
 38.268662,-87.908403
 38.269884,-87.90659
 38.273068,-87.903425
 38.279603,-87.897674
 38.280286,-87.896848
 38.281793,-87.894562
 38.284328,-87.889155
 38.285288,-87.887857
 38.287318,-87.886333
 38.289137,-87.885733
 38.292581,-87.885078
 38.297338,-87.882482
 38.299755,-87.881709
 38.303468,-87.880905
 38.306027,-87.879703
 38.308048,-87.878083
 38.309715,-87.875969
 38.311331,-87.873019
 38.312232,-87.870272
 38.312265,-87.869071
 38.312038,-87.86759
 38.311449,-87.865959
 38.310447,-87.863942
 38.30979,-87.863084
 38.307938,-87.861228
 38.305598,-87.860509
 38.303249,-87.860466
 38.302786,-87.860595
 38.300108,-87.861743
 38.295343,-87.864801
 38.292134,-87.865798
 38.290139,-87.866217
 38.287924,-87.866045
 38.286088,-87.86552
 38.28005,-87.862934
 38.278475,-87.861603
 38.276723,-87.859608
 38.275645,-87.856926
 38.275156,-87.850982
 38.275712,-87.848697
 38.276841,-87.84565
 38.278298,-87.843289
 38.280319,-87.840779
 38.282307,-87.839009
 38.285515,-87.836498
 38.290534,-87.833966
 38.296833,-87.831498
 38.30079,-87.830812
 38.305034,-87.830812
 38.306431,-87.831037
 38.308485,-87.831917
 38.315473,-87.833312
 38.319404,-87.833472
 38.324092,-87.83285
 38.325944,-87.832421
 38.327265,-87.83182
 38.332315,-87.828591
 38.337205,-87.82622
 38.344231,-87.824267
 38.346394,-87.823108
 38.347168,-87.822443
 38.348918,-87.820426
 38.352527,-87.815373
 38.354134,-87.813549
 38.356583,-87.811757
 38.357878,-87.811017
 38.360806,-87.808582
 38.363254,-87.805814
 38.364297,-87.803121
 38.364903,-87.799655
 38.366038,-87.795718
 38.366787,-87.789838
 38.367662,-87.786062
 38.368722,-87.78338
 38.370875,-87.779968
 38.375157,-87.775258
 38.380834,-87.769614
 38.385939,-87.76572
 38.388529,-87.763124
 38.390497,-87.761482
 38.394735,-87.757416
 38.399141,-87.753961
 38.402975,-87.750099
 38.408499,-87.745646
 38.409339,-87.745121
 38.41319,-87.743779
 38.427446,-87.742803
 38.435632,-87.741001
 38.437464,-87.740121
 38.438968,-87.738705
 38.440792,-87.734756
 38.441565,-87.732579
 38.442833,-87.730819
 38.444186,-87.730401
 38.446455,-87.730143
 38.447858,-87.730379
 38.44922,-87.730851
 38.450833,-87.732053
 38.451841,-87.733297
 38.453034,-87.735894
 38.454614,-87.740303
 38.454899,-87.742041
 38.454975,-87.743844
 38.454614,-87.745571
 38.454488,-87.748801
 38.454185,-87.750517
 38.454244,-87.751719
 38.454446,-87.752888
 38.455059,-87.754508
 38.455908,-87.755914
 38.45721,-87.75659
 38.458604,-87.756815
 38.460478,-87.756675
 38.462318,-87.756236
 38.464846,-87.754809
 38.468837,-87.751644
 38.471449,-87.749981
 38.477194,-87.744691
 38.47921,-87.73996
 38.480067,-87.734596
 38.480235,-87.73039
 38.479823,-87.727461
 38.479487,-87.720058
 38.479932,-87.71391
 38.480596,-87.711668
 38.482208,-87.708009
 38.485929,-87.698117
 38.487919,-87.693429
 38.491639,-87.686284
 38.49457,-87.6824
 38.4985,-87.678355
 38.50096,-87.676638
 38.506006,-87.674021
 38.507047,-87.67283
 38.507584,-87.671864
 38.507567,-87.670845
 38.507223,-87.669944
 38.503789,-87.665116
 38.502941,-87.663678
 38.501951,-87.660309
 38.501682,-87.657949
 38.501967,-87.655578
 38.503235,-87.652359
 38.504688,-87.649999
 38.50729,-87.647166
 38.509322,-87.645696
 38.510682,-87.645214
 38.512554,-87.645149
 38.514107,-87.645546
 38.515308,-87.646469
 38.51629,-87.647756
 38.519597,-87.653003
 38.520328,-87.654548
 38.521293,-87.655846
 38.526766,-87.659472
 38.530182,-87.660652
 38.53238,-87.661135
 38.541092,-87.668796
 38.54282,-87.669729
 38.544196,-87.670083
 38.545136,-87.670072
 38.546454,-87.669429
 38.547662,-87.668517
 38.549886,-87.665523
 38.55132,-87.662423
 38.555113,-87.65222
 38.555692,-87.651286
 38.556455,-87.65061
 38.557412,-87.650235
 38.558326,-87.650203
 38.560566,-87.651093
 38.563167,-87.652456
 38.564551,-87.652735
 38.565868,-87.652488
 38.568963,-87.651125
 38.570465,-87.64972
 38.571186,-87.648271
 38.572101,-87.643626
 38.572906,-87.641469
 38.574231,-87.639517
 38.575011,-87.638841
 38.575883,-87.638401
 38.577267,-87.638068
 38.578207,-87.63809
 38.582199,-87.639796
 38.586258,-87.640257
 38.590007,-87.64015
 38.591265,-87.639409
 38.591986,-87.638637
 38.592497,-87.637886
 38.592841,-87.636995
 38.592866,-87.635804
 38.592623,-87.634646
 38.591567,-87.632672
 38.58786,-87.627747
 38.586736,-87.625118
 38.586208,-87.622823
 38.586183,-87.621031
 38.587407,-87.614948
 38.588422,-87.612963
 38.589504,-87.611836
 38.591432,-87.610924
 38.592363,-87.610892
 38.59368,-87.611439
 38.59472,-87.61263
 38.595021,-87.613746
 38.594845,-87.619421
 38.595558,-87.622275
 38.595768,-87.622801
 38.59643,-87.623638
 38.598468,-87.625086
 38.599365,-87.62544
 38.602165,-87.625891
 38.605553,-87.627361
 38.606492,-87.627436
 38.607414,-87.627275
 38.608101,-87.626814
 38.608873,-87.626116
 38.60982,-87.62485
 38.611547,-87.621288
 38.61226,-87.620527
 38.612704,-87.620387
 38.61314,-87.620559
 38.617013,-87.622705
 38.618815,-87.622361
 38.619603,-87.621739
 38.620232,-87.620848
 38.621154,-87.618778
 38.622327,-87.616922
 38.623107,-87.616256
 38.625127,-87.615581
 38.626016,-87.615495
 38.628111,-87.616063
 38.631975,-87.619325
 38.632821,-87.61984
 38.635017,-87.620591
 38.635939,-87.620848
 38.63733,-87.620966
 38.637791,-87.620913
 38.639551,-87.620065
 38.640766,-87.619153
 38.642065,-87.617437
 38.644604,-87.608854
 38.645056,-87.607802
 38.646699,-87.605678
 38.648257,-87.604412
 38.651274,-87.602953
 38.656787,-87.602738
 38.659057,-87.602009
 38.662023,-87.600421
 38.662827,-87.599798
 38.665366,-87.597138
 38.667443,-87.593576
 38.669914,-87.587857
 38.672586,-87.578845
 38.67432,-87.569779
 38.675551,-87.558707
 38.67762,-87.545532
 38.67922,-87.539889
 38.681733,-87.534513
 38.683919,-87.531381
 38.686984,-87.527947
 38.693013,-87.522336
 38.696781,-87.519847
 38.697669,-87.519493
 38.69998,-87.519032
 38.704878,-87.518946
 38.710019,-87.519472
 38.710931,-87.519321
 38.712714,-87.518603
 38.716414,-87.516639
 38.71983,-87.513871
 38.72584,-87.508496
 38.727589,-87.507627
 38.731096,-87.506844
 38.73395,-87.505996
 38.735113,-87.505127
 38.735716,-87.504215
 38.737046,-87.499999
 38.738461,-87.497638
 38.739482,-87.496415
 38.740787,-87.495804
 38.741716,-87.495922
 38.742578,-87.496383
 38.743557,-87.497671
 38.74457,-87.499666
 38.746201,-87.502198
 38.747222,-87.5034
 38.748536,-87.504011
 38.749473,-87.504011
 38.754226,-87.501791
 38.756108,-87.500106
 38.758208,-87.498786
 38.76475,-87.497081
 38.766139,-87.496877
 38.767051,-87.49707
 38.767845,-87.497681
 38.768489,-87.49855
 38.768949,-87.49958
 38.769175,-87.500728
 38.769159,-87.502531
 38.768841,-87.504902
 38.767762,-87.506844
 38.767285,-87.508518
 38.767302,-87.510899
 38.767586,-87.512037
 38.768389,-87.513506
 38.769108,-87.51429
 38.77043,-87.514815
 38.771827,-87.514515
 38.772588,-87.513925
 38.773199,-87.513056
 38.773567,-87.511339
 38.773659,-87.506028
 38.773968,-87.503829
 38.775574,-87.50017
 38.776729,-87.498293
 38.777414,-87.497478
 38.77861,-87.496533
 38.781387,-87.495396
 38.782784,-87.495214
 38.785067,-87.495718
 38.785485,-87.495975
 38.786882,-87.497585
 38.787718,-87.49796
 38.78837,-87.498465
 38.791322,-87.501072
 38.792928,-87.50325
 38.794609,-87.506651
 38.795913,-87.508378
 38.798472,-87.510599
 38.800905,-87.512401
 38.803581,-87.514815
 38.806022,-87.516586
 38.810553,-87.5193
 38.813178,-87.5218
 38.817417,-87.526842
 38.818253,-87.527357
 38.819164,-87.52725
 38.820836,-87.526199
 38.822382,-87.523967
 38.822858,-87.523559
 38.824213,-87.523066
 38.826336,-87.521821
 38.826779,-87.521703
 38.828651,-87.521843
 38.830498,-87.52225
 38.834008,-87.524782
 38.836164,-87.525941
 38.838437,-87.526649
 38.842474,-87.526671
 38.844212,-87.52593
 38.845139,-87.526113
 38.848448,-87.525898
 38.849033,-87.526027
 38.850312,-87.526724
 38.851582,-87.528108
 38.852008,-87.528902
 38.85357,-87.537067
 38.855099,-87.541155
 38.855926,-87.542603
 38.856979,-87.545146
 38.86017,-87.551712
 38.861206,-87.552903
 38.861616,-87.553171
 38.862526,-87.553385
 38.863453,-87.55331
 38.86423,-87.552699
 38.864448,-87.552184
 38.864573,-87.551004
 38.864197,-87.549566
 38.86347,-87.548032
 38.863052,-87.545704
 38.86352,-87.544041
 38.864205,-87.543236
 38.865057,-87.542753
 38.866486,-87.542614
 38.867797,-87.543193
 38.870186,-87.546036
 38.871339,-87.547045
 38.872225,-87.547463
 38.872667,-87.547624
 38.874137,-87.547721
 38.87519,-87.547517
 38.876,-87.546991
 38.876309,-87.54654
 38.876677,-87.545457
 38.87681,-87.541262
 38.877361,-87.537121
 38.878021,-87.535565
 38.878823,-87.534975
 38.87975,-87.534889
 38.880669,-87.535061
 38.881938,-87.535822
 38.882698,-87.536627
 38.885037,-87.537711
 38.88583,-87.538344
 38.886674,-87.539803
 38.887676,-87.542506
 38.888594,-87.543858
 38.889363,-87.544491
 38.89024,-87.544899
 38.891592,-87.545114
 38.893914,-87.544781
 38.894356,-87.54462
 38.89515,-87.543998
 38.89606,-87.542646
 38.896369,-87.541519
 38.896269,-87.539728
 38.895859,-87.538891
 38.895016,-87.538505
 38.893146,-87.538526
 38.891058,-87.537764
 38.889262,-87.537464
 38.8872,-87.536101
 38.887166,-87.535769
 38.887976,-87.535157
 38.88978,-87.534524
 38.890699,-87.534353
 38.891734,-87.534395
 38.892619,-87.534674
 38.894548,-87.53637
 38.89545,-87.536584
 38.901036,-87.533569
 38.90137,-87.53314
 38.901713,-87.532057
 38.901629,-87.528473
 38.902355,-87.524396
 38.902664,-87.518452
 38.90304,-87.51739
 38.90365,-87.516875
 38.90456,-87.516822
 38.905236,-87.517176
 38.905729,-87.518023
 38.905837,-87.519203
 38.905136,-87.52268
 38.905244,-87.52445
 38.905929,-87.526016
 38.906614,-87.526821
 38.907407,-87.527443
 38.908392,-87.527894
 38.909318,-87.527808
 38.912825,-87.526156
 38.913743,-87.526048
 38.915121,-87.526327
 38.917249,-87.527443
 38.919228,-87.527679
 38.920521,-87.527035
 38.921223,-87.526242
 38.921448,-87.525737
 38.921623,-87.524589
 38.921389,-87.522229
 38.921581,-87.521049
 38.922316,-87.519547
 38.923059,-87.518892
 38.924904,-87.518495
 38.928092,-87.518742
 38.929002,-87.518452
 38.931622,-87.516993
 38.932999,-87.516639
 38.933801,-87.516714
 38.935169,-87.517583
 38.938891,-87.52122
 38.939734,-87.521714
 38.940652,-87.521843
 38.941103,-87.521735
 38.941929,-87.521178
 38.943064,-87.519332
 38.944966,-87.51695
 38.947202,-87.514848
 38.948796,-87.513624
 38.950098,-87.512959
 38.952342,-87.512251
 38.953736,-87.512144
 38.954645,-87.512326
 38.955855,-87.513238
 38.956163,-87.513667
 38.957298,-87.516285
 38.959,-87.519321
 38.960769,-87.521853
 38.962871,-87.524225
 38.964965,-87.525523
 38.966325,-87.525963
 38.969536,-87.527422
 38.970996,-87.528559
 38.97203,-87.529739
 38.973048,-87.532432
 38.974624,-87.538097
 38.975667,-87.542614
 38.978619,-87.548515
 38.980688,-87.557967
 38.981355,-87.560209
 38.982456,-87.56258
 38.982814,-87.563696
 38.986067,-87.575326
 38.986918,-87.576721
 38.988469,-87.578062
 38.988877,-87.578319
 38.989803,-87.578448
 38.990645,-87.577976
 38.991221,-87.577053
 38.991512,-87.574693
 38.991321,-87.572923
 38.989611,-87.568374
 38.988986,-87.56611
 38.988794,-87.56494
 38.988969,-87.56317
 38.989436,-87.56214
 38.990186,-87.561432
 38.991596,-87.56066
 38.992505,-87.560477
 38.993705,-87.561196
 38.994239,-87.562151
 38.994456,-87.56331
 38.994406,-87.5639
 38.994039,-87.565638
 38.99363,-87.566657
 38.993655,-87.567837
 38.994106,-87.569543
 38.99639,-87.575229
 38.997149,-87.576731
 38.997841,-87.577536
 38.999492,-87.57863
 39.000868,-87.578974
 39.001793,-87.57907
 39.002761,-87.578716
 39.004645,-87.576978
 39.008622,-87.573824
 39.009914,-87.573148
 39.012973,-87.571732
 39.019801,-87.569661
 39.021643,-87.569586
 39.023026,-87.569865
 39.033803,-87.574908
 39.034961,-87.575905
 39.038545,-87.579618
 39.039353,-87.580186
 39.040278,-87.580326
 39.041678,-87.58024
 39.042103,-87.580057
 39.043628,-87.578684
 39.046952,-87.574725
 39.048944,-87.57318
 39.050235,-87.572472
 39.051135,-87.572193
 39.052985,-87.571936
 39.055293,-87.572129
 39.057126,-87.572547
 39.058442,-87.574199
 39.0602,-87.577
 39.061241,-87.578191
 39.062041,-87.57892
 39.064115,-87.580304
 39.067972,-87.583587
 39.069988,-87.586087
 39.073378,-87.591687
 39.074161,-87.592353
 39.076335,-87.593404
 39.077584,-87.594284
 39.078933,-87.595507
 39.079783,-87.596655
 39.08069,-87.598758
 39.081448,-87.601579
 39.08154,-87.60277
 39.08119,-87.607094
 39.08124,-87.6113
 39.081806,-87.614186
 39.082731,-87.61616
 39.086312,-87.620001
 39.087744,-87.620816
 39.088644,-87.621074
 39.08911,-87.621084
 39.091383,-87.620419
 39.09364,-87.618316
 39.09603,-87.615312
 39.098061,-87.61425
 39.099443,-87.613982
 39.10085,-87.613993
 39.102566,-87.614851
 39.102932,-87.615216
 39.103465,-87.616096
 39.104306,-87.618767
 39.104447,-87.622962
 39.104247,-87.625333
 39.104447,-87.628337
 39.104863,-87.632253
 39.105455,-87.63515
 39.105871,-87.638744
 39.105471,-87.641094
 39.104422,-87.644806
 39.104306,-87.647188
 39.104863,-87.649269
 39.106762,-87.65267
 39.109118,-87.654601
 39.110941,-87.65502
 39.111873,-87.654923
 39.112331,-87.654837
 39.113172,-87.654344
 39.113929,-87.6537
 39.116385,-87.650986
 39.116377,-87.649848
 39.115669,-87.647703
 39.115311,-87.644752
 39.114953,-87.643669
 39.114296,-87.640171
 39.114329,-87.636352
 39.114812,-87.634678
 39.115736,-87.633369
 39.11745,-87.632425
 39.118824,-87.632318
 39.120955,-87.633541
 39.12222,-87.634903
 39.123435,-87.638015
 39.122811,-87.640675
 39.123069,-87.641791
 39.12336,-87.642167
 39.125208,-87.642092
 39.126606,-87.642285
 39.127963,-87.642725
 39.128712,-87.64339
 39.129511,-87.64486
 39.13011,-87.646844
 39.130859,-87.651587
 39.132349,-87.655331
 39.132965,-87.656211
 39.134055,-87.657337
 39.134829,-87.658013
 39.136094,-87.658732
 39.137484,-87.658614
 39.138698,-87.657927
 39.142393,-87.654355
 39.144016,-87.653217
 39.144931,-87.653099
 39.145838,-87.653335
 39.147702,-87.653314
 39.149491,-87.652702
 39.150913,-87.6512
 39.153409,-87.646415
 39.154599,-87.644559
 39.156263,-87.64325
 39.156929,-87.642424
 39.157112,-87.641898
 39.157161,-87.639495
 39.156862,-87.637736
 39.156255,-87.63692
 39.153526,-87.634495
 39.15301,-87.632854
 39.152985,-87.631663
 39.153318,-87.629914
 39.154125,-87.628455
 39.154882,-87.627769
 39.155306,-87.627565
 39.155689,-87.627597
 39.156471,-87.627908
 39.15796,-87.629303
 39.158326,-87.630397
 39.158626,-87.632135
 39.159116,-87.638165
 39.159699,-87.640407
 39.160273,-87.641319
 39.161521,-87.64207
 39.162452,-87.642059
 39.163825,-87.64177
 39.165397,-87.641212
 39.167019,-87.640085
 39.168433,-87.637886
 39.168833,-87.636362
 39.168982,-87.634571
 39.168891,-87.629775
 39.16929,-87.625097
 39.169573,-87.623348
 39.170363,-87.620527
 39.170646,-87.620076
 39.170979,-87.619679
 39.172334,-87.619475
 39.173174,-87.619711
 39.174821,-87.620773
 39.175279,-87.62087
 39.17898,-87.621396
 39.181683,-87.621428
 39.183986,-87.621074
 39.185633,-87.619979
 39.18599,-87.619593
 39.186373,-87.618542
 39.185658,-87.615924
 39.184227,-87.613081
 39.184053,-87.610098
 39.18451,-87.607781
 39.185192,-87.606214
 39.185807,-87.605313
 39.188053,-87.60424
 39.191237,-87.603049
 39.192294,-87.60188
 39.193449,-87.600013
 39.195112,-87.59379
 39.197715,-87.588823
 39.200259,-87.585872
 39.200683,-87.585754
 39.202537,-87.585905
 39.203468,-87.585787
 39.205206,-87.584982
 39.208307,-87.580487
 39.211,-87.577193
 39.213993,-87.575562
 39.217833,-87.574682
 39.218756,-87.574564
 39.223784,-87.574618
 39.22779,-87.575272
 39.239092,-87.5776
 39.241785,-87.578459
 39.243039,-87.579178
 39.244834,-87.57877
 39.246346,-87.574446
 39.248523,-87.572225
 39.250708,-87.571507
 39.252553,-87.571635
 39.252985,-87.571828
 39.254222,-87.572612
 39.255136,-87.573974
 39.255469,-87.57509
 39.255626,-87.577461
 39.254978,-87.582192
 39.254181,-87.583845
 39.253533,-87.584714
 39.252777,-87.585368
 39.250201,-87.586763
 39.249429,-87.587353
 39.247626,-87.590218
 39.247227,-87.591301
 39.247177,-87.592471
 39.247543,-87.593554
 39.248598,-87.594552
 39.249005,-87.594842
 39.251257,-87.596118
 39.254106,-87.598178
 39.259564,-87.604262
 39.260387,-87.605088
 39.261201,-87.605517
 39.262123,-87.605571
 39.263037,-87.605377
 39.272248,-87.601515
 39.274092,-87.601343
 39.274981,-87.601815
 39.275271,-87.602245
 39.275587,-87.603382
 39.275977,-87.606654
 39.27616,-87.607201
 39.27714,-87.608467
 39.278809,-87.609476
 39.28204,-87.610012
 39.284772,-87.609712
 39.286516,-87.608843
 39.289231,-87.605603
 39.293582,-87.599927
 39.296306,-87.59762
 39.297186,-87.597352
 39.299452,-87.597964
 39.300407,-87.59894
 39.300938,-87.599884
 39.303163,-87.605281
 39.302748,-87.60821
 39.301005,-87.613767
 39.300889,-87.615935
 39.301403,-87.618188
 39.301877,-87.619207
 39.302508,-87.620087
 39.30323,-87.620816
 39.30367,-87.62102
 39.304591,-87.62117
 39.305513,-87.621095
 39.306849,-87.620623
 39.307248,-87.620355
 39.307804,-87.618735
 39.308211,-87.616385
 39.30856,-87.612759
 39.308983,-87.611268
 39.309846,-87.608489
 39.311091,-87.605968
 39.313748,-87.603886
 39.318612,-87.600549
 39.322148,-87.596666
 39.330198,-87.591881
 39.333783,-87.589102
 39.337301,-87.584842
 39.339683,-87.579778
 39.34038,-87.578223
 39.341093,-87.575991
 39.341425,-87.573642
 39.34121,-87.57053
 39.339733,-87.566121
 39.338911,-87.562054
 39.338861,-87.560842
 39.339301,-87.557935
 39.340405,-87.554641
 39.341558,-87.552034
 39.342172,-87.551132
 39.343325,-87.550296
 39.347466,-87.549523
 39.34959,-87.548343
 39.352178,-87.545779
 39.35295,-87.543622
 39.353024,-87.54124
 39.352526,-87.538408
 39.351738,-87.53682
 39.348287,-87.532904
 39.348005,-87.532454
 39.347905,-87.531885
 39.348171,-87.531649
 39.370875,-87.531692
 39.377502,-87.531413
 39.437386,-87.531359
 39.523111,-87.531949
 39.538196,-87.53181
 39.563618,-87.531853
 39.568713,-87.532035
 39.627507,-87.532228
 39.660892,-87.532486
 39.667028,-87.532722
 39.758268,-87.532969
 39.783938,-87.533194
 39.803665,-87.533065
 39.804514,-87.533237
 39.836882,-87.533129
 39.876283,-87.533269
 39.936198,-87.532743
 39.969433,-87.532775
 39.980146,-87.532486
 39.999282,-87.532293
 40.037209,-87.532314
 40.141754,-87.531542
 40.14451,-87.531745
 40.148307,-87.531434
 40.196847,-87.530791
 40.200052,-87.530576
 40.301589,-87.529353
 40.369501,-87.52813
 40.382578,-87.528108
 40.410425,-87.527529
 40.50512,-87.526177
 40.519998,-87.52637
 40.544135,-87.526349
 40.621518,-87.525984
 40.622495,-87.526124
 40.681354,-87.526306
 40.803805,-87.525898
 40.83206,-87.525662
 40.862901,-87.525963
 40.874998,-87.52592
 40.87954,-87.526102
 40.880554,-87.525963
 40.893637,-87.526413
 40.894051,-87.526381
 40.894327,-87.526059
 40.894765,-87.525973
 40.938618,-87.526124
 40.974593,-87.526006
 40.991172,-87.526242
 41.010046,-87.52622
 41.010929,-87.526349
 41.024828,-87.526467
 41.087309,-87.526392
 41.121457,-87.526714
 41.201325,-87.52652
 41.237673,-87.526585
 41.25346,-87.526757
 41.260525,-87.526649
 41.311227,-87.526778
 41.355495,-87.526413
 41.37932,-87.525362
 41.39896,-87.525297
 41.414539,-87.525727
 41.434169,-87.525737
 41.469953,-87.525673
 41.482669,-87.52534
 41.487693,-87.525415
 41.555323,-87.525452
 41.622626,-87.525145
 41.625328,-87.524615
 41.625683,-87.524644
 41.628925,-87.52523
 41.629442,-87.5249
 41.632248,-87.524784
 41.633049,-87.525097
 41.65213,-87.524938
 41.681718,-87.524753
 41.705838,-87.525041
 41.706774,-87.52402
 41.716765,-87.524207
 41.733047,-87.524029
 41.759902,-87.523674
 41.760147,-87.500078
 41.760424,-87.5
 41.760365,-87.433596
 41.760274,-87.366978
 41.760983,-87.207749
 41.883967,-87.177106
 41.942103,-87.162837
 42.000034,-87.148438
 42.00005,-87.150014
 42.06293,-87.133497
 42.095032,-87.125083
 42.097067,-87.125038
 42.123743,-87.117956
 42.154574,-87.109783
 42.185484,-87.101481
 42.247133,-87.085307
 42.309506,-87.069353
 42.37055,-87.053056
 42.431598,-87.036157
 42.493497,-87.019935
 42.493674,-87.117634
 42.493579,-87.25565
 42.493816,-87.370319
 42.49369,-87.439241
 42.492946,-87.624207
 42.492693,-87.749434
 42.491728,-87.793379
 42.491941,-87.800578
 42.492535,-87.803121
 42.492629,-87.806114
 42.493072,-87.846712
 42.494781,-87.963581
 42.494939,-87.983751
 42.494892,-88.003836
 42.495636,-88.082027
 42.495604,-88.141165
 42.495145,-88.198671
 42.495129,-88.199272
 42.494599,-88.199723
 42.495968,-88.209658
 42.495825,-88.249826
 42.494829,-88.268183
 42.494615,-88.303556
 42.494615,-88.497105
 42.494932,-88.507479
 42.495026,-88.526287
 42.495169,-88.583794
 42.49505,-88.637727
 42.494623,-88.667908
 42.493341,-88.717432
 42.492368,-88.747591
 42.491886,-88.769563
 42.492107,-88.804722
 42.492772,-88.835481
 42.493555,-88.862647
 42.496015,-88.99209
 42.496079,-89.013462
 42.496237,-89.020661
 42.496221,-89.037237
 42.496079,-89.042033
 42.496253,-89.043127
 42.4963,-89.051828
 42.496205,-89.071387
 42.496506,-89.098177
 42.496688,-89.100087
 42.496854,-89.117693
 42.497099,-89.124516
 42.497344,-89.164095
 42.497249,-89.166659
 42.498009,-89.222202
 42.498127,-89.247179
 42.498009,-89.251353
 42.4988,-89.288721
 42.499005,-89.292294
 42.500018,-89.361248
 42.500326,-89.367417
 42.500208,-89.37541
 42.500572,-89.419956
 42.500801,-89.424151
 42.500888,-89.444332
 42.501489,-89.482087
 42.501521,-89.501667
 42.502565,-89.562178
 42.503625,-89.60048
 42.503577,-89.604074
 42.504044,-89.615908
 42.505064,-89.67144
 42.505381,-89.742165
 42.505397,-89.80069
 42.505729,-89.837437
 42.505816,-89.902153
 42.50565,-89.955111
 42.50652,-89.985055
 42.506662,-89.986235
 42.506915,-90.008229
 42.507722,-90.032004
 42.508276,-90.073546
 42.508125,-90.085144
 42.508268,-90.093105
 42.508181,-90.094875
 42.507896,-90.095787
 42.507896,-90.096989
 42.508102,-90.134068
 42.508323,-90.141867
 42.508323,-90.157242
 42.507943,-90.201187
 42.507817,-90.203569
 42.50792,-90.216368
 42.507785,-90.218761
 42.507675,-90.244532
 42.507532,-90.252718
 42.507342,-90.25364
 42.507453,-90.264702
 42.507714,-90.269487
 42.507556,-90.27248
 42.507453,-90.286074
 42.507508,-90.293283
 42.50769,-90.297049
 42.507485,-90.300032
 42.507089,-90.359201
 42.507152,-90.367151
 42.507311,-90.368246
 42.507073,-90.373567
 42.506891,-90.399542
 42.507485,-90.474043
 42.507216,-90.477605
 42.507429,-90.479976
 42.507611,-90.487432
 42.507619,-90.503826
 42.507485,-90.50579
 42.50769,-90.512935
 42.507809,-90.544757
 42.507595,-90.555153
 42.507769,-90.560335
 42.507643,-90.569733
 42.50807,-90.617466
 42.508299,-90.627251
 42.508236,-90.639417
 42.508299,-90.640984
 42.498262,-90.648494
 42.491823,-90.655789
 42.491427,-90.656004
 42.489243,-90.656508
 42.483563,-90.656294
 42.478649,-90.654105
 42.478277,-90.653783
 42.471923,-90.646734
 42.46818,-90.640801
 42.458769,-90.624021
 42.451391,-90.605965
 42.450782,-90.603873
 42.449468,-90.59751
 42.447536,-90.59058
 42.444393,-90.581911
 42.442865,-90.575012
 42.441749,-90.570903
 42.440331,-90.567867
 42.438376,-90.564895
 42.435082,-90.561891
 42.433094,-90.560571
 42.429151,-90.558929
 42.425634,-90.558361
 42.421809,-90.558275
 42.420494,-90.558007
 42.419219,-90.557503
 42.417263,-90.556108
 42.416194,-90.555035
 42.415029,-90.552889
 42.413065,-90.547922
 42.411298,-90.541763
 42.403083,-90.517709
 42.401277,-90.513439
 42.398686,-90.506616
 42.396793,-90.502496
 42.395493,-90.500071
 42.392942,-90.496745
 42.392411,-90.49579
 42.390034,-90.493666
 42.387308,-90.490587
 42.385065,-90.486896
 42.384701,-90.485802
 42.384542,-90.484622
 42.384669,-90.481778
 42.384574,-90.479976
 42.384035,-90.477712
 42.381911,-90.474365
 42.37844,-90.470374
 42.374937,-90.467809
 42.371196,-90.465889
 42.369595,-90.46487
 42.367423,-90.462799
 42.362785,-90.456598
 42.360597,-90.454559
 42.359376,-90.452811
 42.358496,-90.450761
 42.356998,-90.446255
 42.356483,-90.445279
 42.35546,-90.444131
 42.353184,-90.442275
 42.349743,-90.440301
 42.347713,-90.438938
 42.342448,-90.434518
 42.336952,-90.430613
 42.332741,-90.425527
 42.330647,-90.421654
 42.328672,-90.419229
 42.325031,-90.416526
 42.32285,-90.415978
 42.321533,-90.416161
 42.320303,-90.416837
 42.319685,-90.417416
 42.317773,-90.419959
 42.317011,-90.420592
 42.316186,-90.421
 42.315306,-90.421171
 42.313552,-90.420806
 42.311807,-90.420324
 42.309093,-90.418993
 42.308213,-90.418983
 42.306158,-90.420088
 42.302349,-90.421718
 42.298334,-90.422823
 42.294921,-90.424132
 42.293271,-90.424422
 42.290747,-90.426857
 42.284754,-90.430119
 42.28404,-90.430763
 42.282278,-90.431031
 42.278285,-90.43087
 42.266432,-90.424132
 42.264313,-90.42322
 42.261232,-90.422684
 42.260327,-90.422351
 42.256968,-90.420806
 42.254514,-90.419347
 42.253378,-90.418425
 42.252132,-90.416901
 42.247605,-90.410303
 42.239122,-90.400529
 42.233324,-90.396034
 42.22901,-90.394703
 42.227175,-90.393115
 42.225514,-90.39113
 42.223028,-90.386893
 42.219619,-90.382204
 42.214812,-90.375112
 42.210632,-90.365371
 42.20588,-90.357699
 42.205403,-90.356712
 42.204298,-90.349342
 42.203249,-90.337776
 42.202168,-90.33195
 42.201167,-90.328667
 42.20096,-90.328141
 42.193664,-90.317456
 42.192471,-90.314226
 42.190468,-90.306673
 42.187662,-90.298691
 42.178845,-90.282136
 42.174449,-90.2688
 42.173399,-90.262084
 42.171809,-90.255218
 42.171363,-90.249907
 42.165455,-90.235015
 42.160119,-90.224415
 42.156779,-90.21624
 42.15409,-90.211465
 42.152515,-90.209363
 42.150869,-90.208204
 42.149167,-90.207453
 42.147449,-90.206927
 42.1455,-90.20638
 42.139008,-90.205328
 42.136216,-90.203773
 42.13114,-90.201488
 42.130861,-90.201284
 42.128291,-90.197539
 42.126501,-90.192711
 42.125713,-90.189922
 42.125196,-90.184547
 42.125188,-90.171136
 42.124798,-90.170127
 42.123795,-90.168926
 42.120978,-90.166265
 42.11836,-90.164055
 42.116784,-90.16295
 42.113784,-90.161898
 42.108905,-90.161276
 42.104718,-90.161115
 42.098931,-90.161512
 42.09702,-90.161759
 42.094377,-90.162359
 42.090484,-90.162714
 42.086702,-90.163722
 42.081893,-90.165653
 42.080428,-90.166576
 42.077887,-90.167713
 42.075713,-90.168335
 42.071684,-90.167778
 42.067327,-90.16649
 42.062652,-90.165578
 42.060867,-90.165621
 42.055387,-90.166833
 42.054949,-90.166801
 42.054152,-90.166361
 42.050687,-90.165256
 42.044982,-90.164537
 42.041867,-90.16443
 42.040879,-90.163904
 42.04021,-90.163132
 42.037763,-90.158862
 42.035572,-90.156802
 42.034241,-90.155214
 42.032161,-90.153422
 42.030472,-90.151491
 42.028384,-90.150429
 42.026663,-90.149775
 42.02479,-90.149313
 42.022717,-90.149099
 42.020143,-90.148144
 42.018509,-90.147189
 42.015775,-90.144389
 42.014978,-90.143842
 42.011821,-90.142307
 42.008824,-90.141149
 42.003315,-90.140086
 42.000014,-90.140526
 41.996004,-90.140655
 41.991132,-90.144163
 41.988293,-90.145944
 41.987862,-90.146073
 41.985198,-90.146395
 41.981442,-90.146234
 41.978332,-90.148551
 41.975883,-90.151834
 41.973985,-90.153905
 41.971448,-90.155021
 41.969382,-90.156169
 41.967133,-90.15854
 41.961453,-90.162048
 41.956187,-90.164108
 41.948775,-90.164902
 41.944849,-90.163776
 41.940986,-90.16075
 41.938161,-90.15692
 41.934713,-90.154431
 41.932901,-90.152586
 41.931241,-90.151716
 41.930802,-90.151631
 41.927099,-90.152253
 41.916082,-90.153315
 41.907004,-90.153562
 41.906174,-90.153733
 41.898125,-90.156974
 41.883972,-90.164956
 41.879515,-90.167788
 41.876312,-90.170074
 41.875001,-90.170481
 41.870096,-90.171018
 41.866301,-90.172691
 41.864567,-90.173239
 41.863225,-90.173292
 41.85883,-90.172895
 41.857488,-90.173002
 41.85378,-90.174966
 41.846595,-90.179837
 41.844781,-90.181285
 41.843502,-90.1818
 41.839522,-90.182551
 41.837819,-90.18327
 41.836084,-90.183785
 41.833399,-90.183957
 41.831624,-90.183688
 41.830321,-90.183281
 41.827531,-90.181875
 41.824397,-90.181897
 41.811955,-90.180652
 41.809276,-90.180995
 41.807581,-90.181736
 41.806829,-90.182337
 41.803502,-90.187443
 41.803022,-90.188441
 41.800647,-90.19623
 41.799015,-90.203934
 41.795968,-90.214727
 41.795104,-90.217463
 41.793392,-90.221636
 41.779889,-90.248448
 41.775528,-90.258104
 41.772016,-90.263479
 41.771288,-90.265346
 41.770263,-90.269734
 41.767231,-90.278832
 41.765142,-90.281975
 41.764406,-90.283456
 41.76367,-90.28396
 41.762581,-90.285097
 41.760701,-90.28749
 41.75938,-90.289904
 41.749936,-90.302886
 41.74619,-90.306984
 41.743292,-90.309838
 41.742131,-90.31075
 41.739745,-90.312413
 41.735342,-90.314752
 41.734053,-90.315278
 41.729121,-90.316039
 41.722635,-90.317659
 41.720024,-90.317595
 41.718239,-90.31738
 41.714795,-90.316029
 41.709461,-90.313336
 41.707242,-90.312864
 41.704511,-90.312681
 41.702276,-90.312788
 41.700033,-90.312992
 41.69783,-90.313518
 41.694666,-90.314806
 41.69308,-90.315943
 41.691638,-90.317359
 41.68921,-90.320771
 41.683906,-90.330287
 41.682263,-90.332347
 41.681222,-90.333356
 41.679691,-90.334429
 41.67748,-90.334922
 41.670355,-90.335737
 41.664392,-90.336767
 41.660906,-90.337873
 41.651311,-90.342089
 41.649146,-90.342883
 41.647094,-90.343409
 41.644849,-90.343505
 41.640824,-90.343312
 41.637088,-90.342722
 41.627513,-90.341982
 41.623335,-90.341917
 41.616637,-90.340952
 41.613782,-90.340973
 41.598692,-90.339535
 41.590773,-90.341488
 41.588036,-90.343097
 41.587732,-90.343484
 41.579707,-90.363944
 41.576576,-90.381539
 41.572331,-90.397589
 41.568004,-90.406462
 41.565468,-90.412513
 41.562522,-90.416161
 41.55931,-90.418757
 41.554116,-90.422437
 41.551499,-90.427319
 41.549499,-90.432715
 41.544232,-90.438327
 41.535977,-90.445418
 41.523632,-90.461297
 41.523295,-90.462241
 41.519728,-90.474472
 41.518258,-90.489782
 41.518049,-90.500822
 41.518266,-90.503805
 41.519503,-90.512892
 41.524877,-90.532815
 41.526074,-90.540519
 41.526018,-90.54231
 41.525311,-90.548748
 41.524202,-90.556215
 41.519929,-90.56335
 41.518129,-90.566043
 41.517431,-90.567577
 41.516354,-90.571074
 41.515165,-90.581793
 41.514105,-90.586696
 41.512771,-90.591159
 41.511068,-90.59515
 41.505902,-90.602156
 41.497055,-90.604205
 41.494628,-90.605675
 41.493905,-90.606372
 41.485105,-90.618453
 41.479752,-90.630684
 41.478683,-90.632604
 41.473136,-90.640469
 41.464952,-90.650403
 41.462162,-90.655843
 41.460659,-90.666078
 41.460779,-90.676582
 41.456711,-90.690722
 41.454725,-90.70129
 41.453703,-90.708264
 41.45224,-90.723478
 41.450986,-90.733016
 41.450125,-90.737661
 41.449731,-90.746062
 41.449675,-90.751694
 41.450672,-90.765642
 41.450929,-90.774193
 41.451267,-90.777637
 41.452883,-90.786263
 41.453414,-90.790404
 41.454467,-90.807227
 41.45458,-90.812023
 41.454331,-90.817012
 41.454435,-90.824007
 41.455127,-90.829114
 41.455617,-90.837193
 41.455609,-90.840797
 41.455095,-90.846967
 41.453945,-90.853382
 41.452827,-90.857298
 41.451492,-90.86041
 41.447214,-90.869186
 41.442751,-90.877179
 41.440933,-90.880033
 41.435914,-90.889817
 41.431192,-90.900396
 41.430283,-90.902842
 41.428843,-90.909162
 41.426663,-90.916092
 41.425561,-90.919386
 41.422754,-90.924643
 41.42236,-90.925727
 41.42145,-90.929761
 41.421467,-90.931542
 41.423172,-90.940028
 41.424226,-90.949963
 41.425497,-90.954448
 41.428047,-90.958933
 41.429318,-90.962098
 41.43009,-90.966829
 41.431353,-90.970434
 41.43293,-90.972558
 41.433662,-90.97406
 41.433967,-90.975187
 41.434233,-90.978202
 41.434313,-90.980004
 41.434152,-90.983008
 41.433493,-90.986495
 41.430171,-90.994284
 41.4275,-91.002889
 41.426173,-91.005743
 41.42499,-91.012319
 41.424081,-91.023949
 41.423502,-91.028059
 41.419898,-91.037371
 41.418562,-91.039796
 41.415907,-91.043937
 41.414153,-91.045804
 41.411321,-91.047628
 41.409478,-91.048368
 41.401914,-91.049988
 41.399886,-91.050353
 41.39583,-91.050761
 41.387121,-91.051061
 41.385028,-91.051673
 41.383957,-91.052338
 41.380327,-91.055353
 41.376229,-91.059258
 41.375013,-91.060009
 41.372413,-91.06238
 41.369337,-91.06488
 41.367678,-91.06577
 41.365931,-91.06635
 41.359103,-91.067626
 41.349978,-91.069826
 41.339475,-91.071575
 41.335552,-91.071929
 41.329397,-91.072122
 41.321598,-91.072776
 41.313346,-91.073238
 41.31051,-91.07356
 41.308269,-91.073999
 41.305634,-91.074826
 41.303595,-91.076092
 41.30195,-91.077411
 41.29443,-91.086831
 41.28811,-91.091305
 41.283668,-91.093665
 41.27238,-91.098547
 41.269525,-91.099845
 41.267179,-91.101143
 41.261921,-91.10463
 41.259211,-91.107087
 41.255944,-91.110402
 41.252371,-91.11287
 41.25029,-91.114039
 41.249862,-91.11419
 41.245353,-91.114147
 41.241755,-91.113707
 41.240448,-91.113267
 41.239617,-91.112795
 41.238851,-91.112173
 41.237455,-91.110638
 41.236043,-91.108868
 41.234397,-91.106014
 41.230242,-91.100489
 41.22854,-91.098493
 41.222504,-91.092861
 41.218678,-91.087732
 41.214232,-91.08122
 41.207121,-91.072948
 41.199533,-91.065921
 41.196013,-91.063281
 41.185913,-91.05517
 41.168963,-91.043798
 41.166193,-91.041523
 41.164376,-91.034131
 41.163665,-91.03058
 41.16339,-91.026996
 41.163649,-91.024024
 41.165135,-91.01792
 41.166128,-91.01071
 41.166193,-91.007921
 41.165668,-91.005635
 41.162582,-90.997975
 41.16049,-90.99481
 41.155563,-90.989542
 41.150781,-90.986184
 41.147008,-90.984188
 41.142491,-90.981184
 41.139769,-90.97906
 41.137094,-90.976399
 41.130096,-90.970863
 41.127486,-90.969415
 41.125296,-90.968674
 41.119614,-90.965906
 41.114651,-90.960681
 41.110779,-90.957034
 41.10158,-90.949974
 41.096745,-90.946702
 41.094699,-90.946283
 41.090276,-90.947517
 41.087608,-90.947989
 41.080977,-90.948408
 41.074531,-90.949309
 41.072719,-90.949373
 41.070309,-90.949019
 41.065981,-90.947249
 41.063441,-90.945972
 41.062026,-90.945629
 41.060222,-90.945618
 41.05752,-90.945929
 41.05616,-90.945929
 41.052924,-90.944781
 41.048604,-90.943666
 41.045448,-90.943923
 41.043636,-90.943794
 41.038449,-90.942324
 41.034888,-90.94226
 41.019242,-90.945318
 41.015624,-90.945414
 41.011843,-90.945071
 41.006443,-90.945972
 41.000128,-90.948408
 40.995286,-90.949631
 40.991115,-90.952013
 40.98675,-90.95521
 40.979598,-90.958139
 40.976431,-90.957999
 40.969595,-90.955027
 40.962117,-90.952731
 40.958082,-90.95198
 40.954233,-90.952216
 40.953358,-90.952485
 40.950312,-90.953686
 40.943391,-90.957237
 40.936826,-90.960295
 40.933706,-90.961068
 40.928437,-90.961905
 40.925333,-90.962763
 40.921587,-90.965434
 40.919018,-90.969297
 40.915499,-90.97921
 40.91215,-90.985497
 40.90984,-90.992439
 40.909029,-90.995872
 40.907829,-90.999101
 40.906807,-91.001
 40.90448,-91.004498
 40.900896,-91.009111
 40.897871,-91.01233
 40.893816,-91.015087
 40.886273,-91.019808
 40.883977,-91.0216
 40.87911,-91.027608
 40.876928,-91.032189
 40.875054,-91.036727
 40.873594,-91.039034
 40.871136,-91.041952
 40.868515,-91.044506
 40.86454,-91.047403
 40.857837,-91.050621
 40.853837,-91.052896
 40.848294,-91.056533
 40.846224,-91.058925
 40.844512,-91.062477
 40.841817,-91.06739
 40.838595,-91.071543
 40.833343,-91.077604
 40.830559,-91.08137
 40.824616,-91.09006
 40.821109,-91.092947
 40.815977,-91.095361
 40.811747,-91.09683
 40.808604,-91.097517
 40.805551,-91.097635
 40.802481,-91.097013
 40.794789,-91.093107
 40.792174,-91.092088
 40.790379,-91.091681
 40.786724,-91.091251
 40.783084,-91.091273
 40.77977,-91.091702
 40.77665,-91.092539
 40.767103,-91.096154
 40.763617,-91.097914
 40.756896,-91.102645
 40.752052,-91.107237
 40.7505,-91.108493
 40.745639,-91.110381
 40.724925,-91.115724
 40.724015,-91.115692
 40.721974,-91.115166
 40.718981,-91.11375
 40.708271,-91.11111
 40.703033,-91.11096
 40.697275,-91.111904
 40.691694,-91.115445
 40.683315,-91.117859
 40.676285,-91.119533
 40.673356,-91.120573
 40.672477,-91.121045
 40.670882,-91.122268
 40.669409,-91.123674
 40.669092,-91.124092
 40.668433,-91.125659
 40.660758,-91.13833
 40.657649,-91.144928
 40.653539,-91.154401
 40.637893,-91.185107
 40.637331,-91.186899
 40.636557,-91.192199
 40.636118,-91.197928
 40.636557,-91.202091
 40.637868,-91.211275
 40.63843,-91.218442
 40.638463,-91.224718
 40.638112,-91.23269
 40.638381,-91.247892
 40.63799,-91.25286
 40.636737,-91.257999
 40.634481,-91.263202
 40.633659,-91.266024
 40.632267,-91.275991
 40.62984,-91.286956
 40.626974,-91.303221
 40.626184,-91.306676
 40.625305,-91.30939
 40.614237,-91.337832
 40.609774,-91.34854
 40.606581,-91.353925
 40.604187,-91.357144
 40.601767,-91.359891
 40.598525,-91.362391
 40.58382,-91.373377
 40.574269,-91.379964
 40.573251,-91.381177
 40.570504,-91.385425
 40.559257,-91.401647
 40.554505,-91.405295
 40.551619,-91.406389
 40.547592,-91.406851
 40.543271,-91.406293
 40.542618,-91.406132
 40.53939,-91.404276
 40.538721,-91.403536
 40.536658,-91.400349
 40.534522,-91.394362
 40.53303,-91.388054
 40.530608,-91.38417
 40.528104,-91.381735
 40.512396,-91.368989
 40.5103,-91.367798
 40.508987,-91.367304
 40.500274,-91.36429
 40.499369,-91.364096
 40.49449,-91.363689
 40.489921,-91.363946
 40.484339,-91.36489
 40.479182,-91.366371
 40.474783,-91.368023
 40.471306,-91.369622
 40.463879,-91.374257
 40.455381,-91.37857
 40.451952,-91.379954
 40.448841,-91.380941
 40.446629,-91.38137
 40.443885,-91.38166
 40.442522,-91.381756
 40.437802,-91.381488
 40.435107,-91.380876
 40.432878,-91.380168
 40.426418,-91.377658
 40.421574,-91.375115
 40.416257,-91.373216
 40.411348,-91.372454
 40.405106,-91.372379
 40.401609,-91.372519
 40.398889,-91.372991
 40.393382,-91.375072
 40.391698,-91.375952
 40.390636,-91.377089
 40.389696,-91.378409
 40.386436,-91.384181
 40.384932,-91.388397
 40.384147,-91.39123
 40.383159,-91.396841
 40.382709,-91.402227
 40.382211,-91.413267
 40.381516,-91.415455
 40.380502,-91.416947
 40.378451,-91.419221
 40.37814,-91.419564
 40.375296,-91.42259
 40.371863,-91.426828
 40.370392,-91.429456
 40.366468,-91.439531
 40.365128,-91.441966
 40.363149,-91.444831
 40.361743,-91.446344
 40.359225,-91.447781
 40.353903,-91.452041
 40.351712,-91.454197
 40.346323,-91.458961
 40.342766,-91.461858
 40.339495,-91.464025
 40.336625,-91.465602
 40.334458,-91.466589
 40.332683,-91.467179
 40.322721,-91.469572
 40.317207,-91.471889
 40.310213,-91.475751
 40.307357,-91.477672
 40.293521,-91.486019
 40.286352,-91.48972
 40.283291,-91.490997
 40.278339,-91.492682
 40.275147,-91.493057
 40.273771,-91.493036
 40.269899,-91.492853
 40.267247,-91.49193
 40.264726,-91.490525
 40.262441,-91.489999
 40.259723,-91.490482
 40.256718,-91.491941
 40.254761,-91.493154
 40.249742,-91.496726
 40.247654,-91.497928
 40.246606,-91.499076
 40.245361,-91.501297
 40.24437,-91.502531
 40.243576,-91.503153
 40.238965,-91.505749
 40.236385,-91.506468
 40.234157,-91.505867
 40.231807,-91.504376
 40.231356,-91.504279
 40.225221,-91.504258
 40.224303,-91.504301
 40.220805,-91.505202
 40.218315,-91.506135
 40.215628,-91.506919
 40.209368,-91.507262
 40.204796,-91.506661
 40.201494,-91.505728
 40.199478,-91.504837
 40.198142,-91.504494
 40.196364,-91.504987
 40.19352,-91.507359
 40.191324,-91.509537
 40.188824,-91.511039
 40.184718,-91.512305
 40.181078,-91.512959
 40.179701,-91.513034
 40.176258,-91.512841
 40.170454,-91.511961
 40.157729,-91.50826
 40.15636,-91.508356
 40.153392,-91.509891
 40.148996,-91.511607
 40.146708,-91.511725
 40.143141,-91.51135
 40.139015,-91.51165
 40.137637,-91.511521
 40.134774,-91.51077
 40.131108,-91.510395
 40.128163,-91.51033
 40.125907,-91.510792
 40.125005,-91.510577
 40.121945,-91.509279
 40.118884,-91.508228
 40.110007,-91.506457
 40.103885,-91.504741
 40.095982,-91.501479
 40.090442,-91.500696
 40.078047,-91.497595
 40.071052,-91.495396
 40.057455,-91.489635
 40.056091,-91.489817
 40.045341,-91.492885
 40.040232,-91.494184
 40.037168,-91.494924
 40.036273,-91.494774
 40.022693,-91.487081
 40.020902,-91.485214
 40.020097,-91.484613
 40.008092,-91.476599
 40.002347,-91.474088
 39.995369,-91.469282
 39.991013,-91.467437
 39.986484,-91.466417
 39.985514,-91.466063
 39.983541,-91.465001
 39.981962,-91.463778
 39.981387,-91.462855
 39.981033,-91.46174
 39.980113,-91.459916
 39.9798,-91.459476
 39.979019,-91.458864
 39.977786,-91.458027
 39.975936,-91.457255
 39.971291,-91.454626
 39.965321,-91.449863
 39.95954,-91.447245
 39.953775,-91.443501
 39.951226,-91.441494
 39.948914,-91.43952
 39.946299,-91.436934
 39.940541,-91.428802
 39.93962,-91.427622
 39.937785,-91.425798
 39.932825,-91.421732
 39.930727,-91.420509
 39.927633,-91.419361
 39.923964,-91.418867
 39.921668,-91.418856
 39.919833,-91.419103
 39.916937,-91.419768
 39.915233,-91.420659
 39.91195,-91.423931
 39.907868,-91.428791
 39.905012,-91.431838
 39.895991,-91.441205
 39.893752,-91.443329
 39.891703,-91.444294
 39.882795,-91.446966
 39.877773,-91.447824
 39.874776,-91.447438
 39.870692,-91.446462
 39.849115,-91.437181
 39.845532,-91.436044
 39.840795,-91.433083
 39.837755,-91.429424
 39.829994,-91.414479
 39.82763,-91.407956
 39.822381,-91.400853
 39.819217,-91.393365
 39.815945,-91.386584
 39.812937,-91.381745
 39.81133,-91.378098
 39.811017,-91.377668
 39.808874,-91.375169
 39.805544,-91.372207
 39.8035,-91.370823
 39.8005,-91.368045
 39.793106,-91.363624
 39.790088,-91.36223
 39.787409,-91.361586
 39.785101,-91.361768
 39.783683,-91.362401
 39.782207,-91.363571
 39.779593,-91.364762
 39.777334,-91.365373
 39.774745,-91.365706
 39.765072,-91.365899
 39.760016,-91.365201
 39.757855,-91.365255
 39.755818,-91.366135
 39.753748,-91.367455
 39.748205,-91.368903
 39.745086,-91.369933
 39.740194,-91.369933
 39.737002,-91.369418
 39.733338,-91.370094
 39.732505,-91.369997
 39.730929,-91.369236
 39.728965,-91.36768
 39.72073,-91.358421
 39.716851,-91.35517
 39.716183,-91.354365
 39.714029,-91.350642
 39.711033,-91.347842
 39.710356,-91.347027
 39.707294,-91.341802
 39.704537,-91.33794
 39.700369,-91.331491
 39.69246,-91.317619
 39.68394,-91.305356
 39.683221,-91.304616
 39.680645,-91.3035
 39.679275,-91.301923
 39.676698,-91.296945
 39.674774,-91.29379
 39.670224,-91.283523
 39.666945,-91.27848
 39.665641,-91.276002
 39.661007,-91.270798
 39.656663,-91.266453
 39.654366,-91.26434
 39.649443,-91.260788
 39.6487,-91.260091
 39.644784,-91.254534
 39.643181,-91.25169
 39.640859,-91.248772
 39.63772,-91.246197
 39.636076,-91.245092
 39.632655,-91.243279
 39.629879,-91.241037
 39.628466,-91.239502
 39.625168,-91.235275
 39.620929,-91.229407
 39.617483,-91.223001
 39.615053,-91.216414
 39.609581,-91.200471
 39.605192,-91.186159
 39.604184,-91.184142
 39.602638,-91.181921
 39.600795,-91.180108
 39.598438,-91.178198
 39.594545,-91.175462
 39.592957,-91.174539
 39.581175,-91.171482
 39.577685,-91.170763
 39.569647,-91.169819
 39.566025,-91.168842
 39.56471,-91.168284
 39.562278,-91.166589
 39.558481,-91.163564
 39.550912,-91.156569
 39.548108,-91.15335
 39.546155,-91.149348
 39.545469,-91.146483
 39.544253,-91.136817
 39.542217,-91.126539
 39.541084,-91.114211
 39.539322,-91.10272
 39.538767,-91.100457
 39.534374,-91.096541
 39.52921,-91.092829
 39.522846,-91.089191
 39.516962,-91.086177
 39.507791,-91.079814
 39.502708,-91.075137
 39.496722,-91.067594
 39.494752,-91.064461
 39.494346,-91.064279
 39.484444,-91.06312
 39.477811,-91.062766
 39.474117,-91.06238
 39.471483,-91.061211
 39.469868,-91.060138
 39.466704,-91.057638
 39.464841,-91.055846
 39.458985,-91.049613
 39.456019,-91.046716
 39.448431,-91.03824
 39.445746,-91.034099
 39.442615,-91.02984
 39.438803,-91.023788
 39.432787,-91.012191
 39.427591,-91.003683
 39.427127,-91.002663
 39.426241,-90.999413
 39.423928,-90.995668
 39.422909,-90.993662
 39.421914,-90.990304
 39.421168,-90.986012
 39.420489,-90.983137
 39.418185,-90.977451
 39.415756,-90.974683
 39.414173,-90.972483
 39.411877,-90.967269
 39.410294,-90.962377
 39.409083,-90.957828
 39.408114,-90.951251
 39.407508,-90.948365
 39.406033,-90.944513
 39.404159,-90.941069
 39.402593,-90.93887
 39.400827,-90.937454
 39.397361,-90.935748
 39.39373,-90.934836
 39.392586,-90.934267
 39.390148,-90.931982
 39.387486,-90.928634
 39.385164,-90.924665
 39.383663,-90.920888
 39.381972,-90.914665
 39.381507,-90.910846
 39.380794,-90.908003
 39.380421,-90.906898
 39.379401,-90.904891
 39.378414,-90.903625
 39.377643,-90.902992
 39.37552,-90.902692
 39.372468,-90.900182
 39.369324,-90.89663
 39.367251,-90.893605
 39.365625,-90.890687
 39.364422,-90.888015
 39.359528,-90.876203
 39.354667,-90.866622
 39.351008,-90.858414
 39.345375,-90.847696
 39.341815,-90.841999
 39.340537,-90.84025
 39.334721,-90.83392
 39.323882,-90.821561
 39.32072,-90.817162
 39.319193,-90.814158
 39.316719,-90.807495
 39.3132,-90.799609
 39.309473,-90.793462
 39.307771,-90.792067
 39.306883,-90.791692
 39.304118,-90.791241
 39.302914,-90.790651
 39.302541,-90.790297
 39.299095,-90.786349
 39.29746,-90.784203
 39.294437,-90.778248
 39.293615,-90.7768
 39.292644,-90.775502
 39.291565,-90.774547
 39.290311,-90.773753
 39.281508,-90.76885
 39.279947,-90.767562
 39.271459,-90.757885
 39.265371,-90.751491
 39.264523,-90.750064
 39.264158,-90.748959
 39.262912,-90.742586
 39.261707,-90.738691
 39.260262,-90.735805
 39.259082,-90.733949
 39.257629,-90.731889
 39.255867,-90.729958
 39.253849,-90.728467
 39.251281,-90.72704
 39.239076,-90.723692
 39.232768,-90.721611
 39.230084,-90.721203
 39.228222,-90.721353
 39.225463,-90.721933
 39.223718,-90.721707
 39.219088,-90.719444
 39.213594,-90.717062
 39.210817,-90.716654
 39.209429,-90.716611
 39.206694,-90.716676
 39.202703,-90.717427
 39.201307,-90.717523
 39.197407,-90.717384
 39.189666,-90.715517
 39.183828,-90.713875
 39.178306,-90.711086
 39.176493,-90.710517
 39.172634,-90.709949
 39.15529,-90.709155
 39.151196,-90.708007
 39.1432,-90.705174
 39.138324,-90.70261
 39.135503,-90.700496
 39.132682,-90.697364
 39.131167,-90.695969
 39.124717,-90.691946
 39.119848,-90.687354
 39.117742,-90.686055
 39.113713,-90.684564
 39.100709,-90.681099
 39.099368,-90.681045
 39.090517,-90.681946
 39.088302,-90.682815
 39.07192,-90.700282
 39.070071,-90.701247
 39.065923,-90.702041
 39.06469,-90.702835
 39.057092,-90.712491
 39.055451,-90.713575
 39.053893,-90.713618
 39.051152,-90.713038
 39.049777,-90.712727
 39.046661,-90.711461
 39.042178,-90.707856
 39.029052,-90.700582
 39.016133,-90.692106
 39.01194,-90.689939
 39.007571,-90.688856
 39.005412,-90.687729
 39.002552,-90.685712
 39.000293,-90.683888
 38.99855,-90.681914
 38.993939,-90.67906
 38.991938,-90.678234
 38.988243,-90.677505
 38.982439,-90.675906
 38.981046,-90.675724
 38.978269,-90.676239
 38.975692,-90.676378
 38.971963,-90.676206
 38.965757,-90.676421
 38.964356,-90.676335
 38.962037,-90.675906
 38.957774,-90.67434
 38.952484,-90.671926
 38.947937,-90.669168
 38.942964,-90.66772
 38.938758,-90.666851
 38.934652,-90.665714
 38.928067,-90.663364
 38.92497,-90.661368
 38.920455,-90.657409
 38.916122,-90.653118
 38.912132,-90.64799
 38.908726,-90.640812
 38.907983,-90.639664
 38.903716,-90.635759
 38.893346,-90.629729
 38.891709,-90.628549
 38.888503,-90.624804
 38.880385,-90.606812
 38.876793,-90.599345
 38.871473,-90.586878
 38.871214,-90.586395
 38.869978,-90.585623
 38.86895,-90.582973
 38.868349,-90.577093
 38.868466,-90.572287
 38.868842,-90.566676
 38.869677,-90.561376
 38.870312,-90.558769
 38.870763,-90.555829
 38.872241,-90.550776
 38.874104,-90.54569
 38.874931,-90.544231
 38.880126,-90.53818
 38.887066,-90.53111
 38.894223,-90.522333
 38.89636,-90.519147
 38.898665,-90.517098
 38.900093,-90.514276
 38.901078,-90.5108
 38.902598,-90.507774
 38.902907,-90.507334
 38.907432,-90.503107
 38.91017,-90.50035
 38.910813,-90.499513
 38.915613,-90.49579
 38.917591,-90.49387
 38.919979,-90.491982
 38.923802,-90.488602
 38.92588,-90.487046
 38.92815,-90.486392
 38.933125,-90.483356
 38.934568,-90.482776
 38.936388,-90.48269
 38.939542,-90.483431
 38.940477,-90.483452
 38.942346,-90.48328
 38.943539,-90.482851
 38.945267,-90.48195
 38.946034,-90.481274
 38.947303,-90.480512
 38.950081,-90.478324
 38.953001,-90.475727
 38.958933,-90.472004
 38.961937,-90.467552
 38.964081,-90.462906
 38.966675,-90.454978
 38.966984,-90.453229
 38.967617,-90.451641
 38.967751,-90.451072
 38.967684,-90.450407
 38.967084,-90.447725
 38.966808,-90.444753
 38.967259,-90.441846
 38.967309,-90.439421
 38.966458,-90.436213
 38.964372,-90.430849
 38.963847,-90.429862
 38.963738,-90.429293
 38.96363,-90.419047
 38.963305,-90.412856
 38.962629,-90.406923
 38.961111,-90.399735
 38.959184,-90.393137
 38.955421,-90.383084
 38.953952,-90.380026
 38.952885,-90.377365
 38.952059,-90.374565
 38.940836,-90.346552
 38.937856,-90.341156
 38.935778,-90.338109
 38.9337,-90.333999
 38.932123,-90.330405
 38.929886,-90.324354
 38.929394,-90.322659
 38.92871,-90.319183
 38.924403,-90.310224
 38.924044,-90.309108
 38.923543,-90.306029
 38.923601,-90.303036
 38.923401,-90.29883
 38.923418,-90.295
 38.924035,-90.283424
 38.923718,-90.277426
 38.922483,-90.269551
 38.922016,-90.267856
 38.920922,-90.265217
 38.920354,-90.262696
 38.920346,-90.260893
 38.920738,-90.25673
 38.920405,-90.253758
 38.919453,-90.250626
 38.917032,-90.246227
 38.914703,-90.241377
 38.912599,-90.236013
 38.910646,-90.229812
 38.909051,-90.226132
 38.907532,-90.22331
 38.903975,-90.218192
 38.900393,-90.213439
 38.896661,-90.209019
 38.887651,-90.197539
 38.886816,-90.195394
 38.886281,-90.190641
 38.885396,-90.187883
 38.876393,-90.166501
 38.874563,-90.163025
 38.867246,-90.151674
 38.864464,-90.145354
 38.862777,-90.140226
 38.857773,-90.131536
 38.850796,-90.116397
 38.84956,-90.113844
 38.849284,-90.113372
 38.848899,-90.113082
 38.843393,-90.109391
 38.837969,-90.109123
 38.837042,-90.109198
 38.815377,-90.114616
 38.805997,-90.11762
 38.798388,-90.122867
 38.797703,-90.12365
 38.783302,-90.146309
 38.776277,-90.160171
 38.772555,-90.166458
 38.766641,-90.171264
 38.760684,-90.174848
 38.760258,-90.175062
 38.754861,-90.17621
 38.754418,-90.176371
 38.753866,-90.176854
 38.746729,-90.183645
 38.742737,-90.191585
 38.732167,-90.205168
 38.725898,-90.209953
 38.721805,-90.211272
 38.718072,-90.211884
 38.711978,-90.212013
 38.703178,-90.209352
 38.702391,-90.208933
 38.693449,-90.202174
 38.687486,-90.195168
 38.674865,-90.186489
 38.672653,-90.185469
 38.665357,-90.182637
 38.65997,-90.184922
 38.654215,-90.182143
 38.64995,-90.181199
 38.646196,-90.181242
 38.643883,-90.180792
 38.642291,-90.180749
 38.6409,-90.18048
 38.633726,-90.178045
 38.629075,-90.178839
 38.615211,-90.183613
 38.611522,-90.184557
 38.604949,-90.188216
 38.59944,-90.192003
 38.594678,-90.196863
 38.589294,-90.203644
 38.585277,-90.210929
 38.580807,-90.217109
 38.579566,-90.220639
 38.578584,-90.222688
 38.577184,-90.22508
 38.575774,-90.226647
 38.557907,-90.237858
 38.552025,-90.242772
 38.548577,-90.24686
 38.544826,-90.248866
 38.531558,-90.257674
 38.530836,-90.258468
 38.528956,-90.261172
 38.522837,-90.266343
 38.522359,-90.266215
 38.521377,-90.267116
 38.519253,-90.268403
 38.518347,-90.268704
 38.517599,-90.269272
 38.510304,-90.271783
 38.504906,-90.27424
 38.503378,-90.274765
 38.502001,-90.274991
 38.501136,-90.275441
 38.498432,-90.276268
 38.496266,-90.276278
 38.492647,-90.277458
 38.488498,-90.278478
 38.487667,-90.278542
 38.486315,-90.278993
 38.484627,-90.27984
 38.483829,-90.279905
 38.481158,-90.280967
 38.480352,-90.280956
 38.4801,-90.281364
 38.479369,-90.28175
 38.477673,-90.281825
 38.477261,-90.282061
 38.475976,-90.282083
 38.475136,-90.282383
 38.473255,-90.282383
 38.472373,-90.282651
 38.472012,-90.282941
 38.467257,-90.284035
 38.465905,-90.284529
 38.464208,-90.285473
 38.461427,-90.286342
 38.459545,-90.286449
 38.458814,-90.286728
 38.447136,-90.286782
 38.444186,-90.287093
 38.443749,-90.287297
 38.440783,-90.289121
 38.437556,-90.291578
 38.432152,-90.29441
 38.431446,-90.29515
 38.430236,-90.296041
 38.428227,-90.298444
 38.426824,-90.299839
 38.425933,-90.301126
 38.424706,-90.30192
 38.424084,-90.302821
 38.421133,-90.308422
 38.420511,-90.31002
 38.420528,-90.310525
 38.420898,-90.310578
 38.421713,-90.309967
 38.422697,-90.309141
 38.423508,-90.308154
 38.424201,-90.30678
 38.424413,-90.306843
 38.424708,-90.306756
 38.425298,-90.305938
 38.425538,-90.305911
 38.425311,-90.30633
 38.425017,-90.306802
 38.424807,-90.307199
 38.425075,-90.307521
 38.424937,-90.307703
 38.424479,-90.307821
 38.424262,-90.30797
 38.424078,-90.308366
 38.424046,-90.308569
 38.423865,-90.308631
 38.423436,-90.309227
 38.422785,-90.309554
 38.422302,-90.310031
 38.421596,-90.310482
 38.420814,-90.311136
 38.41999,-90.311286
 38.418738,-90.313153
 38.416653,-90.315514
 38.415552,-90.316286
 38.413686,-90.318078
 38.411777,-90.320417
 38.408448,-90.323335
 38.405514,-90.326318
 38.401142,-90.331618
 38.400141,-90.33357
 38.399435,-90.334321
 38.398552,-90.335737
 38.396459,-90.338087
 38.380186,-90.347797
 38.377327,-90.349878
 38.375392,-90.350811
 38.360402,-90.356315
 38.340529,-90.368053
 38.333779,-90.370735
 38.323149,-90.372516
 38.304486,-90.371722
 38.294189,-90.373836
 38.291368,-90.374082
 38.282054,-90.373932
 38.275914,-90.372334
 38.270962,-90.371282
 38.267205,-90.370885
 38.264029,-90.370907
 38.257947,-90.368257
 38.255411,-90.367709
 38.249943,-90.366991
 38.236461,-90.363944
 38.224704,-90.35962
 38.217531,-90.356187
 38.214143,-90.354084
 38.212044,-90.352528
 38.201472,-90.343441
 38.196118,-90.339686
 38.190131,-90.334429
 38.18766,-90.331639
 38.181403,-90.321887
 38.179598,-90.317177
 38.178569,-90.310707
 38.175238,-90.300622
 38.170405,-90.29073
 38.164306,-90.282898
 38.157903,-90.275259
 38.157186,-90.27454
 38.12821,-90.252975
 38.124598,-90.249724
 38.112671,-90.243073
 38.094647,-90.219083
 38.069785,-90.172509
 38.069751,-90.172005
 38.073822,-90.164516
 38.074447,-90.163089
 38.074903,-90.161179
 38.074903,-90.158186
 38.070781,-90.149463
 38.0697,-90.146148
 38.06856,-90.14352
 38.067563,-90.141513
 38.064708,-90.136771
 38.063956,-90.133939
 38.062478,-90.131042
 38.061861,-90.130141
 38.060806,-90.128928
 38.059547,-90.128113
 38.054605,-90.126343
 38.049874,-90.126032
 38.04728,-90.126128
 38.043993,-90.1266
 38.041627,-90.126493
 38.040723,-90.126171
 38.039211,-90.125045
 38.037825,-90.123392
 38.031715,-90.117427
 38.029239,-90.114455
 38.026467,-90.110368
 38.024549,-90.106516
 38.020348,-90.099338
 38.019283,-90.096399
 38.017356,-90.092987
 38.015699,-90.087858
 38.015547,-90.086893
 38.01564,-90.085112
 38.015395,-90.083975
 38.015446,-90.080971
 38.015928,-90.077409
 38.016967,-90.072441
 38.016874,-90.065489
 38.016502,-90.063139
 38.015801,-90.060275
 38.015167,-90.058687
 38.014305,-90.057271
 38.009596,-90.053784
 38.00597,-90.052861
 38.004101,-90.051788
 38.003366,-90.051059
 38.001658,-90.048988
 38.000111,-90.046016
 37.99563,-90.033377
 37.99503,-90.032176
 37.970413,-90.008583
 37.964746,-90.000376
 37.963257,-89.997103
 37.962648,-89.99235
 37.962217,-89.986192
 37.962792,-89.979025
 37.966683,-89.954488
 37.970024,-89.942418
 37.969956,-89.941925
 37.967842,-89.939554
 37.966472,-89.939253
 37.964983,-89.937794
 37.963232,-89.936925
 37.96231,-89.936743
 37.961498,-89.936925
 37.959891,-89.936249
 37.959586,-89.935809
 37.959163,-89.933664
 37.959992,-89.925317
 37.959899,-89.924769
 37.959527,-89.924748
 37.958639,-89.925123
 37.956769,-89.924791
 37.95539,-89.924726
 37.954925,-89.924855
 37.954079,-89.925392
 37.951169,-89.928117
 37.949511,-89.930263
 37.948013,-89.93169
 37.947201,-89.933159
 37.946846,-89.934479
 37.946837,-89.936271
 37.946592,-89.937419
 37.943436,-89.941978
 37.940923,-89.946163
 37.940204,-89.947686
 37.940043,-89.948856
 37.940043,-89.95186
 37.940398,-89.954177
 37.939942,-89.957632
 37.94017,-89.95937
 37.93995,-89.95981
 37.939121,-89.960303
 37.938182,-89.960378
 37.936405,-89.961108
 37.935855,-89.962063
 37.93533,-89.962556
 37.934137,-89.961956
 37.933815,-89.96231
 37.933181,-89.965206
 37.932749,-89.966247
 37.929872,-89.971172
 37.92834,-89.973457
 37.927206,-89.97454
 37.926554,-89.974787
 37.925624,-89.974798
 37.922831,-89.974133
 37.919513,-89.974165
 37.918176,-89.973811
 37.91705,-89.973114
 37.91435,-89.9707
 37.909982,-89.968371
 37.906613,-89.966301
 37.904285,-89.965754
 37.902491,-89.965078
 37.902194,-89.965131
 37.90067,-89.963382
 37.897115,-89.960378
 37.889876,-89.95599
 37.883881,-89.952879
 37.882196,-89.951237
 37.880045,-89.94804
 37.877335,-89.942729
 37.875201,-89.938052
 37.875099,-89.937698
 37.874743,-89.938095
 37.87432,-89.938604
 37.874362,-89.938129
 37.874574,-89.93773
 37.874794,-89.937376
 37.874887,-89.937242
 37.874735,-89.936732
 37.873236,-89.931507
 37.871085,-89.924973
 37.870475,-89.922173
 37.86989,-89.917463
 37.869391,-89.905683
 37.869594,-89.903333
 37.869941,-89.901713
 37.871068,-89.898076
 37.874345,-89.891102
 37.878199,-89.883989
 37.880756,-89.879676
 37.883694,-89.876039
 37.888233,-89.871833
 37.890223,-89.870235
 37.894998,-89.865396
 37.897623,-89.861941
 37.898537,-89.859849
 37.899062,-89.857564
 37.899367,-89.856888
 37.900535,-89.855901
 37.902423,-89.852897
 37.904057,-89.850794
 37.904734,-89.847307
 37.905547,-89.8447
 37.905081,-89.842383
 37.904107,-89.840333
 37.901898,-89.836428
 37.887742,-89.813683
 37.883008,-89.803931
 37.881366,-89.799167
 37.880629,-89.798416
 37.87974,-89.798073
 37.876911,-89.798352
 37.875505,-89.798169
 37.8741,-89.797697
 37.873236,-89.798126
 37.871296,-89.799832
 37.870848,-89.800004
 37.869907,-89.799993
 37.868544,-89.800251
 37.867358,-89.799306
 37.8622,-89.797558
 37.859591,-89.79612
 37.857312,-89.793996
 37.851899,-89.786614
 37.851798,-89.786174
 37.854796,-89.782323
 37.854974,-89.781883
 37.853746,-89.779458
 37.85217,-89.774437
 37.852162,-89.769255
 37.851603,-89.764727
 37.850383,-89.761477
 37.847757,-89.757593
 37.846469,-89.754385
 37.846393,-89.753827
 37.846935,-89.750286
 37.846994,-89.748484
 37.846969,-89.747894
 37.846562,-89.747057
 37.846265,-89.74592
 37.84624,-89.744375
 37.846799,-89.742723
 37.846994,-89.741553
 37.846994,-89.740351
 37.846808,-89.73989
 37.845952,-89.73945
 37.845164,-89.738774
 37.843232,-89.736189
 37.840801,-89.734375
 37.839428,-89.733657
 37.834946,-89.729226
 37.833192,-89.727209
 37.830116,-89.722756
 37.827938,-89.720449
 37.825675,-89.71736
 37.821582,-89.710482
 37.819116,-89.706835
 37.816972,-89.703112
 37.815768,-89.700515
 37.814395,-89.696696
 37.811369,-89.690527
 37.809445,-89.687115
 37.80775,-89.682813
 37.806673,-89.68115
 37.805825,-89.679047
 37.80363,-89.675421
 37.803164,-89.67438
 37.800019,-89.669777
 37.7965,-89.667245
 37.793872,-89.665872
 37.790888,-89.664026
 37.787852,-89.661098
 37.786979,-89.660625
 37.786055,-89.660368
 37.78084,-89.660239
 37.778118,-89.660593
 37.776252,-89.661044
 37.768603,-89.664091
 37.764235,-89.66644
 37.762386,-89.666934
 37.760384,-89.667814
 37.759443,-89.667985
 37.758501,-89.667814
 37.755405,-89.666312
 37.753319,-89.665915
 37.752106,-89.665518
 37.751291,-89.664928
 37.749968,-89.6632
 37.748339,-89.660239
 37.747728,-89.658501
 37.746108,-89.652858
 37.745514,-89.649349
 37.746099,-89.645691
 37.746125,-89.63641
 37.745811,-89.633471
 37.749052,-89.626143
 37.749365,-89.621369
 37.749781,-89.618407
 37.749671,-89.617249
 37.749077,-89.616348
 37.748195,-89.615961
 37.744326,-89.616187
 37.742935,-89.615833
 37.740721,-89.613451
 37.74011,-89.61256
 37.73994,-89.611412
 37.740042,-89.610232
 37.739575,-89.608548
 37.738413,-89.606659
 37.736436,-89.602218
 37.735562,-89.600909
 37.734569,-89.59886
 37.733568,-89.597583
 37.730513,-89.594761
 37.729207,-89.594064
 37.727823,-89.593763
 37.725515,-89.591779
 37.723682,-89.591371
 37.723249,-89.591135
 37.720466,-89.588839
 37.716995,-89.586865
 37.715009,-89.585202
 37.713235,-89.583238
 37.712191,-89.5812
 37.710604,-89.576833
 37.709161,-89.57369
 37.707183,-89.566609
 37.705205,-89.556642
 37.7031,-89.548606
 37.701046,-89.538542
 37.700206,-89.531043
 37.698364,-89.525582
 37.696802,-89.522556
 37.694747,-89.519252
 37.692599,-89.516516
 37.689925,-89.514284
 37.685527,-89.512053
 37.681579,-89.512042
 37.680645,-89.512192
 37.676136,-89.514059
 37.671559,-89.515378
 37.667797,-89.516162
 37.662293,-89.516644
 37.656441,-89.516827
 37.650784,-89.515915
 37.64584,-89.515861
 37.64539,-89.515979
 37.643665,-89.517159
 37.641329,-89.517685
 37.640879,-89.517578
 37.636682,-89.515754
 37.631405,-89.510282
 37.630165,-89.509392
 37.624965,-89.506441
 37.619645,-89.500111
 37.616135,-89.497032
 37.614435,-89.494919
 37.612906,-89.492505
 37.609192,-89.487838
 37.601644,-89.480703
 37.598856,-89.478407
 37.595668,-89.476583
 37.592871,-89.475929
 37.590015,-89.476068
 37.588093,-89.476529
 37.58601,-89.477484
 37.584522,-89.478976
 37.582933,-89.481196
 37.581572,-89.483975
 37.580824,-89.486175
 37.580331,-89.489104
 37.580118,-89.493878
 37.582414,-89.503641
 37.584097,-89.509349
 37.584803,-89.514059
 37.58448,-89.516634
 37.583919,-89.518039
 37.582669,-89.519842
 37.580951,-89.52085
 37.579081,-89.521236
 37.563706,-89.521966
 37.560704,-89.521923
 37.557379,-89.521698
 37.55202,-89.520721
 37.545998,-89.518876
 37.537202,-89.51702
 37.53556,-89.51643
 37.531859,-89.513694
 37.529732,-89.512331
 37.528132,-89.511055
 37.525903,-89.508523
 37.522925,-89.506645
 37.517759,-89.502858
 37.512509,-89.500036
 37.510168,-89.499457
 37.504807,-89.497622
 37.497844,-89.494307
 37.494388,-89.49229
 37.490328,-89.48964
 37.477557,-89.479866
 37.471265,-89.475435
 37.46848,-89.473118
 37.466462,-89.471186
 37.462877,-89.466863
 37.459675,-89.462421
 37.450732,-89.45166
 37.445477,-89.446478
 37.441967,-89.443367
 37.436992,-89.439622
 37.431881,-89.43665
 37.426974,-89.434183
 37.414107,-89.428625
 37.408048,-89.426168
 37.401094,-89.423593
 37.396321,-89.422263
 37.392263,-89.421351
 37.389876,-89.421093
 37.387592,-89.421061
 37.382997,-89.42148
 37.364222,-89.426426
 37.356386,-89.428132
 37.351925,-89.429773
 37.348445,-89.431769
 37.347226,-89.432691
 37.345733,-89.434193
 37.344488,-89.436007
 37.342995,-89.4418
 37.341255,-89.445384
 37.340334,-89.448152
 37.339643,-89.451081
 37.339293,-89.454643
 37.339029,-89.461702
 37.338108,-89.474877
 37.336768,-89.480639
 37.335711,-89.483997
 37.334056,-89.487805
 37.333168,-89.489211
 37.330942,-89.491464
 37.328374,-89.493052
 37.327043,-89.493685
 37.324799,-89.495187
 37.322632,-89.497536
 37.321651,-89.498867
 37.315653,-89.508169
 37.314202,-89.509724
 37.311216,-89.511613
 37.308246,-89.5129
 37.30403,-89.513973
 37.295709,-89.515625
 37.292218,-89.517578
 37.289333,-89.518372
 37.285996,-89.518425
 37.283648,-89.517835
 37.282061,-89.517106
 37.278663,-89.515153
 37.268623,-89.50686
 37.263542,-89.502096
 37.258556,-89.496496
 37.251374,-89.489865
 37.251912,-89.484544
 37.253031,-89.47919
 37.253304,-89.475006
 37.253321,-89.470425
 37.252732,-89.466906
 37.251613,-89.462936
 37.250349,-89.460382
 37.248812,-89.458956
 37.247044,-89.458258
 37.244183,-89.457958
 37.242278,-89.457893
 37.240391,-89.458312
 37.236513,-89.459996
 37.230038,-89.463623
 37.225613,-89.465908
 37.221991,-89.467442
 37.221239,-89.467517
 37.217898,-89.467528
 37.203757,-89.462807
 37.199527,-89.461842
 37.187938,-89.455984
 37.174577,-89.447325
 37.161257,-89.438281
 37.152142,-89.435202
 37.138348,-89.425664
 37.125055,-89.414463
 37.122515,-89.411716
 37.119247,-89.407339
 37.114695,-89.39985
 37.111205,-89.393467
 37.108475,-89.389282
 37.107594,-89.388177
 37.103923,-89.384658
 37.097043,-89.380163
 37.094433,-89.378639
 37.089923,-89.376805
 37.086192,-89.375678
 37.082374,-89.375539
 37.080663,-89.3757
 37.075972,-89.376923
 37.070553,-89.378875
 37.065126,-89.381247
 37.057814,-89.38513
 37.055151,-89.385431
 37.051007,-89.38513
 37.049106,-89.38483
 37.048233,-89.384648
 37.046383,-89.383918
 37.042752,-89.381429
 37.040791,-89.379702
 37.039746,-89.378457
 37.038496,-89.376644
 37.033443,-89.368286
 37.030223,-89.362514
 37.025452,-89.345788
 37.01991,-89.331132
 37.015986,-89.322796
 37.012714,-89.31712
 36.992262,-89.292208
 36.988705,-89.278647
 36.990591,-89.274044
 36.993256,-89.269795
 36.996452,-89.266137
 36.999956,-89.263605
 37.01531,-89.257683
 37.015772,-89.257693
 37.022754,-89.259839
 37.023585,-89.260354
 37.028553,-89.266126
 37.034651,-89.275149
 37.036064,-89.277585
 37.038325,-89.284247
 37.040466,-89.291317
 37.044987,-89.301349
 37.047548,-89.304707
 37.050245,-89.307218
 37.051264,-89.307915
 37.053747,-89.309374
 37.055477,-89.310179
 37.057823,-89.31079
 37.068507,-89.308237
 37.069517,-89.307754
 37.069569,-89.307303
 37.069201,-89.305555
 37.068679,-89.300212
 37.067377,-89.294139
 37.066769,-89.284269
 37.066658,-89.283754
 37.065871,-89.283378
 37.065665,-89.281651
 37.065211,-89.279977
 37.064818,-89.264871
 37.064124,-89.261738
 37.064116,-89.260032
 37.0648,-89.259346
 37.065186,-89.259453
 37.065597,-89.259238
 37.071837,-89.255043
 37.071777,-89.254754
 37.065254,-89.250355
 37.057677,-89.245602
 37.048618,-89.241085
 37.044748,-89.239326
 37.042572,-89.238081
 37.04086,-89.236997
 37.037417,-89.234165
 37.035627,-89.232169
 37.03412,-89.229755
 37.032441,-89.22762
 37.031242,-89.225743
 37.028296,-89.220357
 37.026043,-89.215508
 37.022702,-89.209639
 37.020629,-89.206388
 37.020047,-89.20509
 37.018496,-89.203008
 37.016209,-89.200841
 37.014496,-89.199779
 37.011797,-89.198534
 37.000359,-89.195112
 36.998928,-89.195005
 36.993436,-89.195284
 36.989605,-89.194994
 36.985363,-89.193985
 36.980529,-89.19229
 36.980067,-89.192097
 36.979304,-89.1914
 36.973767,-89.185735
 36.973458,-89.185306
 36.970964,-89.177485
 36.970312,-89.170221
 36.972747,-89.161842
 36.975481,-89.155501
 36.977641,-89.149804
 36.978807,-89.144611
 36.978944,-89.141436
