38.898175,-124.032781
40.432016,-124.512743
41.9983318575322,-124.3271255493164
41.998451456739986,-124.21107172966003
41.99725545454736,-124.14155960083008
41.99701625141155,-124.12138938903809
41.99709598589006,-124.10479187965393
41.99703219831524,-124.10298943519592
41.99672123297247,-124.1019594669342
41.99680894129992,-124.08837676048279
41.996649471523746,-124.08722877502441
41.99634647784811,-124.0572738647461
41.99614713911692,-124.00114059448242
41.99625079533506,-123.97015571594238
41.9962029540246,-123.89805793762207
41.99602753557851,-123.8858699798584
41.99615511267815,-123.87608528137207
41.99611524486199,-123.83453249931335
41.995102593957796,-123.81376147270203
41.995772380611974,-123.79112362861633
41.99611524486199,-123.7887954711914
41.99680894129992,-123.75223159790039
41.99700030450386,-123.72845649719238
41.995150436095436,-123.65744233131409
41.998746467158135,-123.63192915916443
41.99949594693449,-123.62568497657776
41.99983879112366,-123.6240005493164
41.99983879112366,-123.60999941825867
42.00009392978657,-123.60262870788574
42.00025339093141,-123.55189204216003
42.00104271771371,-123.52511286735535
42.00076366390957,-123.50695967674255
42.000516500946766,-123.50183129310608
42.00062015004804,-123.48236918449402
42.00164068603027,-123.434818983078
41.99928864490074,-123.38229060173035
41.999105261769486,-123.34752917289734
42.002063246918674,-123.27122569084167
42.00319537735438,-123.25165629386902
42.00375346241,-123.2326877117157
42.00541174340594,-123.19251894950867
42.0079867767797,-123.15552592277527
42.009206493051714,-123.14617037773132
42.008536847797586,-123.1319010257721
42.007915028035406,-123.12480926513672
42.00749250601092,-123.11179518699646
42.00537188138902,-123.08326721191406
42.00491745263065,-123.06484580039978
42.00308375975585,-123.04533004760742
42.00302795088315,-123.0179500579834
42.00322726806086,-122.98799514770508
42.00308375975585,-122.94164657592773
42.002637287403594,-122.90250778198242
42.0026691783898,-122.89409637451172
42.00325915875134,-122.87572860717773
42.00341063931291,-122.83976554870605
42.00408033852647,-122.79882431030273
42.004104256225155,-122.79203295707703
42.00384116104512,-122.78164744377136
42.00411222878939,-122.76028633117676
42.00416006415377,-122.71273612976074
42.00475003069094,-122.66278266906738
42.00484570042472,-122.63522028923035
42.008289715030145,-122.50819087028503
42.0085288757878,-122.49421119689941
42.00835349132012,-122.45644569396973
42.00872817573235,-122.39838123321533
42.009517397380655,-122.37833976745605
42.007731669765676,-122.28787422180176
42.007364951640746,-122.26109504699707
42.00746061744235,-122.17679858207703
42.007747613984016,-122.16278672218323
42.00738886810463,-122.15662837028503
42.006400313435805,-122.12804675102234
42.005834279249974,-122.10488319396973
42.0039766950616,-122.00042724609375
42.00309173244795,-121.84842109680176
42.00227851270743,-121.79167628288269
42.00140149937798,-121.7501449584961
41.99958365143778,-121.62387728691101
41.9993285107289,-121.61229014396667
41.99900958340425,-121.6067111492157
41.999097288577865,-121.59890055656433
41.99889795846301,-121.59453392028809
41.99833983081971,-121.55917167663574
41.997845485104904,-121.50123596191406
41.997239507699604,-121.4529025554657
41.99750263017648,-121.4469051361084
41.99690462297382,-121.3937759399414
41.99701625141155,-121.3759982585907
41.99661757752056,-121.34981989860535
41.996290663066326,-121.33939146995544
41.99676907389334,-121.33145213127136
41.99760628418686,-121.31009101867676
41.997494656784085,-121.29369735717773
41.997574390663175,-121.25203728675842
41.99720761399212,-121.24974131584167
41.99703219831524,-121.24614715576172
41.99602753557851,-121.12708926200867
41.99528598862342,-121.105717420578
41.99467998684679,-121.09533190727234
41.99331646175234,-121.03363037109375
41.99323672253866,-120.99946975708008
41.99387463345106,-120.84205627441406
41.99418561270272,-120.81210136413574
41.99408195312101,-120.78034400939941
41.9936992085875,-120.75116157531738
41.993778947221784,-120.69923400878906
41.99308521775742,-120.6467056274414
41.993093191702265,-120.6009578704834
41.99326861823612,-120.57340621948242
41.99368326084866,-120.54542541503906
41.99378692107972,-120.50148010253906
41.99323672253866,-120.32929301261902
41.99298155638352,-120.29513239860535
41.99345999208525,-120.24999618530273
41.994400905140694,-120.2054500579834
41.99457632807024,-120.1834774017334
41.994672013100754,-120.12356758117676
41.99508664657059,-120.05043983459473
41.99513448872022,-120.00161290168762
41.99495109361803,-120.00046491622925
41.994448747805805,-119.99935984611511
41.99393045035171,-119.99916672706604
41.8738430030149,-119.99927401542664
41.75011975991182,-119.99829769134521
41.72136183160042,-119.99869465827942
41.62660670578653,-119.99886631965637
41.617503710069585,-119.99828696250916
41.5224591808222,-119.99903798103333
41.4964282072462,-119.99948859214783
41.36147824594556,-119.99970316886902
41.25225810086783,-120.00006794929504
41.23573666566154,-119.99975681304932
41.153066842758555,-119.99981045722961
41.12462498136505,-120.00001430511475
41.08760786553365,-120.00003576278687
41.02133082506754,-119.99979972839355
40.998556964126735,-119.99987483024597
40.871963418108855,-119.9992847442627
40.795033166962426,-119.99865174293518
40.77053184050703,-119.99875903129578
40.62528847981578,-119.99680638313293
40.59981227225614,-119.9966561794281
40.570088620662695,-119.99596953392029
40.43825923685322,-119.9955940246582
40.37603993708882,-119.9957013130188
40.321092797195426,-119.99652743339539
40.24671213949164,-119.99626994132996
40.2005104586813,-119.9966561794281
40.18602089211363,-119.99701023101807
40.141746262767356,-119.996999502182
40.099740690342784,-119.99735355377197
40.069639892171146,-119.99722480773926
40.00355538670255,-119.9976646900177
39.90664182769056,-119.99908089637756
39.87522898285954,-119.99916672706604
39.84577872400489,-119.99981045722961
39.821853443073216,-120.0000250339508
39.798381437470134,-120.00047564506531
39.76553355699509,-120.00056147575378
39.75155361253002,-120.00115156173706
39.749408945240674,-120.0010335445404
39.72329639233302,-120.0010335445404
39.708845671186005,-120.00148415565491
39.69516792889096,-120.00165581703186
39.679646145625505,-120.00136613845825
39.67924979909344,-120.00126957893372
39.679026853169574,-120.00095844268799
39.678580959162744,-120.00092625617981
39.664888960616274,-120.00107645988464
39.664343867117836,-120.00136613845825
39.6629811145595,-120.0010871887207
39.635042896259264,-120.001140832901
39.60641558525296,-120.00081896781921
39.578570288103386,-120.00148415565491
39.57010204091116,-120.00150561332703
39.54945635477015,-120.00193476676941
39.530658143918515,-120.00173091888428
39.491523012098824,-120.00236392021179
39.47641930269614,-120.0028145313263
39.464691793031534,-120.00290036201477
39.46202466822834,-120.00319004058838
39.45852908904295,-120.00332951545715
39.37458253321606,-120.00611901283264
39.27306211846265,-120.00647306442261
39.243820312147946,-120.0056791305542
39.22341028293539,-120.00566840171814
39.187495502114785,-120.00453114509583
39.122736040628546,-120.00370502471924
39.00037605240158,-120.0010335445404
38.99948389925588,-120.00087261199951
38.96443089150433,-119.94987845420837
38.96021802516348,-119.94341969490051
38.95119914648184,-119.9302339553833
38.89944983078282,-119.85516428947449
38.88395108203396,-119.83229041099548
38.87500603039922,-119.81966257095337
38.8571125492805,-119.79347348213196
38.75010894742963,-119.63863492012024
38.746820546378416,-119.63435411453247
38.74085418019789,-119.62588906288147
38.71446397864567,-119.58721160888672
38.68970541486557,-119.55164551734924
38.66217374629716,-119.51145529747009
38.65444924089206,-119.50110197067261
38.64804782652092,-119.49147820472717
38.634849388556255,-119.47250962257385
38.62730633272151,-119.46092247962952
38.62264600387371,-119.45412039756775
38.619728953294036,-119.45032238960266
38.60753976313769,-119.43286657333374
38.56703398429187,-119.37633633613586
38.562352962431326,-119.36871886253357
38.53884257653968,-119.3341612815857
38.505737131848626,-119.28720116615295
38.5006574902051,-119.28003430366516
38.498969794441486,-119.27788853645325
38.48042772762102,-119.25044417381287
38.46860130970556,-119.23439383506775
38.393877055493085,-119.12698745727539
38.39164868100767,-119.12416577339172
38.37639298307028,-119.10249352455139
38.37624158736541,-119.10212874412537
38.37598084957553,-119.10178542137146
38.37291080170882,-119.09725785255432
38.370631312045795,-119.0942108631134
38.366055293175954,-119.08817052841187
38.36127708235741,-119.08236622810364
38.32505169191717,-119.02988076210022
38.32424367184638,-119.02900099754333
38.30372030996357,-119.00103092193604
38.26919294598147,-118.9500367641449
38.250077938393446,-118.92274260520935
38.21665461502109,-118.8761579990387
38.20480191232236,-118.8590669631958
38.142033061718735,-118.77209901809692
38.125180354097104,-118.74696135520935
38.10228752239737,-118.71445298194885
38.03961633928588,-118.6285150051117
38.0343856835816,-118.62160563468933
37.99968828017919,-118.57160925865173
37.967511951177976,-118.52671980857849
37.95878258827855,-118.51476788520813
37.94925692524299,-118.50129246711731
37.94406212675163,-118.49454402923584
37.85880318326837,-118.37612986564636
37.85569437435587,-118.3721387386322
37.77105396985881,-118.254314661026
37.75255510892499,-118.22900533676147
37.7416707659231,-118.21374893188477
37.71781802473405,-118.18092942237854
37.71517856213951,-118.17705631256104
37.71253051804046,-118.17361235618591
37.68335333342504,-118.13329339027405
37.6252619350345,-118.0526340007782
37.61409543578836,-118.03826808929443
37.592514017035796,-118.00843119621277
37.58354470965427,-117.99559950828552
37.57701471419011,-117.98693060874939
37.57217636644231,-117.97959208488464
37.51615961637255,-117.90506958961487
37.49699282603794,-117.87556529045105
37.40492886639549,-117.75270938873291
37.40166464576905,-117.74808526039124
37.37478695088279,-117.71215438842773
37.353170399369944,-117.68030047416687
37.31249565415648,-117.62649536132812
37.27873972302533,-117.58114457130432
37.25013562035461,-117.54116892814636
37.24567752515794,-117.53546118736267
37.220469808845664,-117.50117182731628
37.220307481773766,-117.50010967254639
37.22002554445019,-117.49964833259583
37.12513230758611,-117.37372398376465
37.12434530719286,-117.37223267555237
37.12337865420771,-117.37090229988098
37.04560395493826,-117.26698279380798
37.0345393811776,-117.25078225135803
37.03029981772375,-117.24498867988586
37.00010214411765,-117.20490574836731
36.983563299206665,-117.18246102333069
36.96040287493987,-117.15190529823303
36.944850065066845,-117.1307373046875
36.897048609733666,-117.06766247749329
36.87490037217936,-117.0379114151001
36.864686506347084,-117.02393174171448
36.84986109746399,-117.00417995452881
36.847070817718276,-117.00006008148193
36.75207196437093,-116.8742322921753
36.65069784112403,-116.7408299446106
36.500218858987225,-116.54232501983643
36.46848310248338,-116.50121212005615
36.4592161221994,-116.48839116096497
36.37556479223913,-116.38113498687744
36.37491691793753,-116.38025522232056
36.372584525771614,-116.37593150138855
36.36977692393103,-116.37261629104614
36.36740982088941,-116.36952638626099
36.27657623287982,-116.25033974647522
36.18264930507656,-116.12844944000244
36.159385996306234,-116.09855890274048
36.15618090408934,-116.09406352043152
36.1114345390871,-116.03643894195557
36.08380626602821,-116.00059390068054
36.07931477869926,-115.99510073661804
36.021283909693594,-115.92048168182373
36.015001172790654,-115.91211318969727
35.98003779671593,-115.8669662475586
35.84630864993628,-115.6955087184906
35.84519546510368,-115.69437146186829
35.84064689910767,-115.68863153457642
35.806450381881405,-115.64468622207642
35.7664328141587,-115.59361696243286
35.629012077745436,-115.41886568069458
35.61868638496197,-115.40595889091492
35.61814564471512,-115.40505766868591
35.60668458032296,-115.39071321487427
35.56052715631368,-115.3321123123169
35.52244690472591,-115.28428316116333
35.51320784253082,-115.27210593223572
35.503897844344294,-115.26017546653748
35.471295614067394,-115.21975994110107
35.42841736681381,-115.16560077667236
35.423914962182856,-115.16098737716675
35.375719107883164,-115.10100245475769
35.29283298554045,-114.99507665634155
35.281921050768936,-114.98180508613586
35.21342079783343,-114.89549160003662
35.179490975596835,-114.85422849655151
35.16537129435814,-114.83547449111938
35.13501883870296,-114.79746222496033
35.11043031761121,-114.76693868637085
35.08135679955376,-114.73153352737427
35.03814874405657,-114.67806100845337
35.001746669392766,-114.63345050811768
34.99982199583179,-114.63266730308533
34.99724690515168,-114.63131546974182
34.99466294431849,-114.63026404380798
34.99271173615913,-114.62968468666077
34.98979362634715,-114.62926626205444
34.98634801336267,-114.62912678718567
34.983183547159626,-114.62940573692322
34.98075737357481,-114.62992072105408
34.97791795595029,-114.63088631629944
34.974770746462106,-114.63232398033142
34.969161732537394,-114.63456630706787
34.96771106297853,-114.63492035865784
34.965178923654385,-114.63521003723145
34.95878668218687,-114.63489890098572
34.95671151447506,-114.63428735733032
34.95120678965557,-114.63164806365967
34.944822252856284,-114.6298348903656
34.94334476854526,-114.62977051734924
34.938648302334215,-114.62977051734924
34.93384601946686,-114.63106870651245
34.93065313734305,-114.63217377662659
34.92431978031852,-114.63324666023254
34.92112652745267,-114.63319301605225
34.918241057119495,-114.63242053985596
34.915909734132704,-114.63148713111877
34.91213548976349,-114.63061809539795
34.90722607311241,-114.6308970451355
34.903926569031334,-114.6318519115448
34.89805752349036,-114.6344268321991
34.895276839756384,-114.63539242744446
34.89267206328094,-114.63603615760803
34.888773544190926,-114.63672280311584
34.88557890871662,-114.63674426078796
34.879708552274735,-114.6358859539032
34.87509646391483,-114.63518857955933
34.872746311739036,-114.6343195438385
34.869982376401786,-114.63304281234741
34.86609158386459,-114.630446434021
34.86330101522144,-114.62796807289124
34.861593175718006,-114.62584376335144
34.85971803274025,-114.62390184402466
34.85675116990978,-114.61962103843689
34.85167996373857,-114.60906386375427
34.84960208760391,-114.604332447052
34.84724240192643,-114.60048079490662
34.84565750042683,-114.59817409515381
34.841272447239014,-114.59247708320618
34.835786399150436,-114.5869517326355
34.8302031113148,-114.58366870880127
34.828080658111105,-114.58214521408081
34.82626640163554,-114.58120107650757
34.8211316630575,-114.57875490188599
34.81551214836446,-114.57653403282166
34.807645945669144,-114.57473158836365
34.80443934975751,-114.57452774047852
34.801144530610756,-114.57326173782349
34.79635183130516,-114.57184553146362
34.79451044443737,-114.57110524177551
34.79140906833828,-114.5692491531372
34.78895960363953,-114.56722140312195
34.78628978047764,-114.56536531448364
34.7840163975823,-114.56462502479553
34.78263295174391,-114.56399202346802
34.77389996520151,-114.55867052078247
34.76687589370226,-114.55267310142517
34.761843223973585,-114.54691171646118
34.75755948403825,-114.54094648361206
34.75365456449987,-114.53475594520569
34.75216482870203,-114.53219175338745
34.75124805485374,-114.53016400337219
34.74960841471036,-114.5286512374878
34.74712244659944,-114.52573299407959
34.74395757752311,-114.52284693717957
34.7421943666712,-114.5218276977539
34.740960096683864,-114.52084064483643
34.736781074256335,-114.51663494110107
34.735326301665864,-114.51421022415161
34.73353645540195,-114.51016545295715
34.73039751810756,-114.50084209442139
34.72925124724526,-114.49925422668457
34.72801678392322,-114.49600338935852
34.72540671506046,-114.49163675308228
34.724648368791954,-114.4908857345581
34.71991295627029,-114.48916912078857
34.716597124241716,-114.4874095916748
34.71527428180883,-114.4848883152008
34.71455111899978,-114.48286056518555
34.71456875719231,-114.47848320007324
34.713924960727745,-114.47359085083008
34.71321060536041,-114.47201371192932
34.71207291555566,-114.47089791297913
34.7098504066051,-114.46961045265198
34.7075131799954,-114.4686233997345
34.70465549999738,-114.46815133094788
34.701691875735136,-114.4680655002594
34.69975134995929,-114.4676685333252
34.69688458088133,-114.46677803993225
34.693206150172564,-114.46590900421143
34.690833166874874,-114.46507215499878
34.6880984177331,-114.46372032165527
34.68586644260677,-114.46221828460693
34.68144642497235,-114.45838809013367
34.67730851000514,-114.4555127620697
34.6755262313247,-114.45487976074219
34.67305568259578,-114.4549012184143
34.67163508370797,-114.45448279380798
34.67002033613236,-114.45314168930054
34.66845850115476,-114.45140361785889
34.66713488913993,-114.45062041282654
34.666667207838636,-114.450523853302
34.665687715803905,-114.45066332817078
34.66476998302959,-114.45111393928528
34.66394048504508,-114.45176839828491
34.66284624095851,-114.45298075675964
34.65991641952227,-114.45721864700317
34.65951047223706,-114.45755124092102
34.65862797127839,-114.45807695388794
34.658142591745396,-114.45817351341248
34.65718064936221,-114.45796966552734
34.656103966663814,-114.45677876472473
34.653394547499296,-114.45240139961243
34.651479367172044,-114.44964408874512
34.647693004889234,-114.44582462310791
34.64620136014535,-114.44398999214172
34.644559637275805,-114.44265961647034
34.64278548085662,-114.4416081905365
34.640040318259295,-114.44053530693054
34.63807186598638,-114.44031000137329
34.63462916899006,-114.44071769714355
34.631415856205294,-114.44151163101196
34.630435947595664,-114.44142580032349
34.62900578993263,-114.44095373153687
34.62576577366842,-114.4394838809967
34.62141318211442,-114.43862557411194
34.614702857432356,-114.42875504493713
34.61061459108147,-114.42437767982483
34.61018191180315,-114.42420601844788
34.60276420209168,-114.42431330680847
34.602278495604075,-114.42439913749695
34.60098032068587,-114.42524671554565
34.59930237746265,-114.42742466926575
34.59682072560776,-114.43621158599854
34.59601704309924,-114.43675875663757
34.59555779246033,-114.43655490875244
34.59375609235838,-114.43557858467102
34.580798598171526,-114.4224464893341
34.56944698590909,-114.40514087677002
34.558809516278814,-114.39864993095398
34.54312471889754,-114.3897020816803
34.52950526638932,-114.3807864189148
34.51659964159242,-114.37824368476868
34.50737885098529,-114.37813639640808
34.49920040258514,-114.38140869140625
34.49522140782776,-114.38243865966797
34.491781634891424,-114.38288927078247
34.48888999362878,-114.38302874565125
34.478056501272285,-114.3815803527832
34.47607536765995,-114.38170909881592
34.473174337144926,-114.3824815750122
34.4703085860336,-114.3835437297821
34.46447948616888,-114.38629031181335
34.46210881015177,-114.38714861869812
34.46043691233206,-114.38739538192749
34.45944614226953,-114.38727736473083
34.458039582434054,-114.38675165176392
34.454102858195625,-114.38311457633972
34.45060830703997,-114.37912344932556
34.44761791679304,-114.37550783157349
34.44698089675443,-114.37388777732849
34.4469720492197,-114.37150597572327
34.44774178123638,-114.36367392539978
34.449670503870315,-114.3562924861908
34.44995361537075,-114.35392141342163
34.450157101168934,-114.349125623703
34.45113028726142,-114.34471607208252
34.45144878206518,-114.34234499931335
34.45137800554709,-114.33935165405273
34.45078524985342,-114.3370771408081
34.450086323556235,-114.33547854423523
34.44945816961523,-114.33445930480957
34.44835225330946,-114.33326840400696
34.44551219315367,-114.3308436870575
34.441955346122505,-114.32881593704224
34.43829216627318,-114.32701349258423
34.4374692559554,-114.3263590335846
34.437221496423,-114.32588696479797
34.43691179597442,-114.32369828224182
34.435885351995914,-114.31927800178528
34.43437220900107,-114.31550145149231
34.43172635512229,-114.31042671203613
34.430460917135605,-114.30858135223389
34.4267352856784,-114.30095314979553
34.421611165019335,-114.295095205307
34.419557888644476,-114.29342150688171
34.41732754855749,-114.29216623306274
34.41594683202591,-114.29191946983337
34.412158595243895,-114.29193019866943
34.41069813103315,-114.29156541824341
34.40832592875625,-114.29022431373596
34.4067060654156,-114.28872227668762
34.40542254486759,-114.2868983745575
34.40430719378022,-114.2842161655426
34.403439688210135,-114.281405210495
34.403103306079196,-114.27936673164368
34.402943966703035,-114.27215695381165
34.402510207975006,-114.26777958869934
34.40206759471006,-114.26606297492981
34.40111154206715,-114.26398158073425
34.400093511040474,-114.26266193389893
34.394507398640194,-114.2576515674591
34.390842139755755,-114.25362825393677
34.390151565766,-114.25278067588806
34.389230791584254,-114.25066709518433
34.388177201009505,-114.24875736236572
34.38564498791942,-114.24524903297424
34.38155432806314,-114.24002408981323
34.37674621912253,-114.2343807220459
34.374621000129835,-114.23284649848938
34.36900662057911,-114.22972440719604
34.366146153188176,-114.22639846801758
34.36586275791284,-114.22592639923096
34.364011808946096,-114.21998262405396
34.362479652794285,-114.21383500099182
34.361930549550806,-114.20567035675049
34.36132830314645,-114.19949054718018
34.35908755425086,-114.19630408287048
34.35642160499402,-114.19161558151245
34.35410986606302,-114.1849958896637
34.351851208980065,-114.18065071105957
34.349317897650714,-114.17694926261902
34.34501286437108,-114.17288303375244
34.33969770357959,-114.16894555091858
34.33135222152194,-114.16454672813416
34.3206755272575,-114.15817379951477
34.31783999428261,-114.15713310241699
34.31239018538774,-114.1500198841095
34.310724156938875,-114.14718747138977
34.308233914482344,-114.14424777030945
34.30607150880969,-114.14114713668823
34.303403874274345,-114.13845419883728
34.30296073740669,-114.13827180862427
34.300984318507446,-114.13819670677185
34.29804176115562,-114.13918375968933
34.295755003840505,-114.13951635360718
34.288646159176565,-114.13837909698486
34.284178447789074,-114.13675904273987
34.281253031898096,-114.13612604141235
34.2807654526834,-114.13607239723206
34.2776360133019,-114.13686633110046
34.27616433864275,-114.1369092464447
34.27469263822022,-114.13671612739563
34.272272255597876,-114.13604021072388
34.26909816839533,-114.13480639457703
34.26280283654646,-114.13127660751343
34.26091414510207,-114.13142681121826
34.260426447933845,-114.13153409957886
34.260018553585375,-114.13183450698853
34.258475630985146,-114.13331508636475
34.257899244592416,-114.13560032844543
34.25819187202378,-114.1379714012146
34.25914068730025,-114.14201617240906
34.25961952459147,-114.14495587348938
34.259521983882834,-114.14735913276672
34.258298281746455,-114.1536033153534
34.25840469133455,-114.15660738945007
34.25962839192301,-114.16406393051147
34.25962839192301,-114.16462182998657
34.259318034762956,-114.1650402545929
34.25887466540515,-114.1652762889862
34.25838695641254,-114.1652762889862
34.25558479177338,-114.16405320167542
34.25362499458506,-114.16388154029846
34.25186911941956,-114.16439652442932
34.249918104039025,-114.16622042655945
34.24960771105776,-114.16668176651001
34.247665511838136,-114.17373061180115
34.24716000058021,-114.17472839355469
34.24636181872759,-114.17545795440674
34.24546607230089,-114.17590856552124
34.24274329938614,-114.17598366737366
34.24179429920242,-114.17629480361938
34.241368576017464,-114.17656302452087
34.23988739732664,-114.17817234992981
34.230822370761324,-114.19090747833252
34.22340641787808,-114.19903993606567
34.215448622657085,-114.20828819274902
34.21146500697483,-114.21187162399292
34.2089540789553,-114.215487241745
34.205245221567,-114.22316908836365
34.20376340755889,-114.22504663467407
34.20237917453473,-114.22564744949341
34.20141197258626,-114.22585129737854
34.199424293381355,-114.22578692436218
34.196371694787395,-114.22505736351013
34.19438389675558,-114.2249608039856
34.193416603085886,-114.22508955001831
34.19102050676456,-114.22592639923096
34.188819587938156,-114.22712802886963
34.186893736851346,-114.22985315322876
34.185109844773436,-114.23545360565186
34.183254912008316,-114.24060344696045
34.17943841487929,-114.2444121837616
34.17437907118656,-114.25297379493713
34.1729144677139,-114.25677180290222
34.170233733704265,-114.26817655563354
34.17033137782797,-114.26920652389526
34.172133335468764,-114.2753541469574
34.170642062924586,-114.28699493408203
34.166674084440025,-114.29283142089844
34.160362217580655,-114.29813146591187
34.157317083539816,-114.30123209953308
34.15542602666279,-114.3029272556305
34.152549408242464,-114.30599570274353
34.150560577727916,-114.30779814720154
34.148855828584935,-114.30904269218445
34.14728423249028,-114.31050181388855
34.14551726185203,-114.3115746974945
34.144709237838676,-114.3122935295105
34.138315808345276,-114.32127356529236
34.136779537230524,-114.32458877563477
34.13570501887022,-114.3292236328125
34.13510115131605,-114.33086514472961
34.13412429760783,-114.33570384979248
34.13403549216539,-114.33809638023376
34.13446175743809,-114.34792399406433
34.13414205868513,-114.35028433799744
34.1333339258898,-114.35248374938965
34.13214391408076,-114.35438275337219
34.129897055060205,-114.3567967414856
34.12778335450738,-114.3582558631897
34.12511006929787,-114.35938239097595
34.12342256999795,-114.36059474945068
34.119843183687436,-114.36474680900574
34.118333223427925,-114.3671178817749
34.1173206467402,-114.37028288841248
34.11698311848341,-114.37204241752625
34.116654471254776,-114.37562584877014
34.116014937851936,-114.37906980514526
34.11480691711866,-114.3816876411438
34.111671312202134,-114.38710570335388
34.11012567380829,-114.390549659729
34.11165354640402,-114.40163254737854
34.1115291857128,-114.40583825111389
34.11004572622666,-114.41165328025818
34.107611730353696,-114.41592335700989
34.10376516344492,-114.42016124725342
34.099705202221614,-114.42289710044861
34.096977722831326,-114.42616939544678
34.09279304774575,-114.42806839942932
34.088590395136066,-114.43313241004944
34.08758634788678,-114.43401217460632
34.08713318991876,-114.43423748016357
34.07765185822153,-114.43587899208069
34.07187545638207,-114.4376814365387
34.06704963717926,-114.43840026855469
34.05793937665969,-114.43933367729187
34.0534683247464,-114.43933367729187
34.050357115692094,-114.438636302948
34.04711244748977,-114.4371235370636
34.042738616062344,-114.43553566932678
34.03778666879495,-114.43495631217957
34.033110058199284,-114.43540692329407
34.02816644048334,-114.4361686706543
34.0253210622843,-114.4371235370636
34.022244389758775,-114.43851828575134
34.019229853881114,-114.44064259529114
34.01631303289435,-114.44368958473206
34.01426764132539,-114.44671511650085
34.012524573098,-114.45035219192505
34.01100380577171,-114.45478320121765
34.01222220047748,-114.46306586265564
34.01204433372711,-114.46423530578613
34.01115499438609,-114.46564078330994
34.00967867051421,-114.46659564971924
34.007926614300196,-114.46723937988281
34.00710838277162,-114.46738958358765
34.005285121118526,-114.46729302406311
34.00379980098605,-114.46609139442444
34.00124712426973,-114.46094155311584
33.999930731382534,-114.4591498374939
33.997715943261554,-114.4580340385437
33.99721783034898,-114.4580340385437
33.995785739456544,-114.45850610733032
33.99451373786198,-114.45946097373962
33.9938288060384,-114.46028709411621
33.99363311021749,-114.46084499359131
33.99342851865006,-114.4626259803772
33.993410728055714,-114.46658492088318
33.993134973366736,-114.4675076007843
33.992823636351964,-114.46796894073486
33.99202305021847,-114.46868777275085
33.99026173417288,-114.46980357170105
33.98889179645278,-114.47040438652039
33.98822461099485,-114.47097301483154
33.987139311459664,-114.47219610214233
33.98449717186452,-114.47581171989441
33.982388738921244,-114.47986721992493
33.981427916688645,-114.48125123977661
33.980226873625256,-114.48228120803833
33.977575622199055,-114.48320388793945
33.97547591475,-114.48483467102051
33.973207104771824,-114.48797821998596
33.972201691188545,-114.48907256126404
33.97048445288684,-114.4905424118042
33.967396895764566,-114.49443697929382
33.96175536357323,-114.49995160102844
33.96145281026633,-114.50101375579834
33.96005571192184,-114.50350284576416
33.95735933623457,-114.50923204421997
33.95703896908695,-114.51091647148132
33.95723474915384,-114.51208591461182
33.95809795589478,-114.5148754119873
33.95805346091601,-114.51605558395386
33.957537317461984,-114.51775074005127
33.956700802455785,-114.51924204826355
33.956131255617805,-114.52090501785278
33.95540151815999,-114.52225685119629
33.95468067379493,-114.52308297157288
33.95104076145107,-114.52623724937439
33.947667696362195,-114.52875852584839
33.94356465863038,-114.53058242797852
33.93837550123891,-114.5334255695343
33.936630876426264,-114.53458428382874
33.93476159588724,-114.53541040420532
33.93389815245016,-114.53561425209045
33.927916118323424,-114.53581809997559
33.92560152810321,-114.5348310470581
33.925094090303176,-114.53381180763245
33.9245599419849,-114.5309042930603
33.923562856162825,-114.528146982193
33.92260136949609,-114.52604413032532
33.92127485618938,-114.5235013961792
33.91798074053303,-114.51903820037842
33.91409886241041,-114.51439261436462
33.911383223283806,-114.51176404953003
33.90942434789985,-114.51043367385864
33.90614758298517,-114.5085883140564
33.90471395872577,-114.50809478759766
33.902728215735756,-114.5078694820404
33.90174868422191,-114.50805187225342
33.9008581912618,-114.50857758522034
33.899753967074695,-114.50976848602295
33.8986586337936,-114.51181769371033
33.89803526710738,-114.51344847679138
33.89783044563011,-114.51521873474121
33.89796402491022,-114.51640963554382
33.89911279808109,-114.5190703868866
33.90104519555491,-114.52279329299927
33.90159730107484,-114.5244562625885
33.90143701274382,-114.5255720615387
33.90102738563989,-114.52582955360413
33.899531339498324,-114.52576518058777
33.89597812471059,-114.52491760253906
33.893716101329346,-114.52367305755615
33.89247819699178,-114.52266454696655
33.88805187407945,-114.5184051990509
33.88417753977357,-114.51374888420105
33.880935432863666,-114.51031565666199
33.8781742007226,-114.50598120689392
33.87714984994923,-114.5046615600586
33.87633926801411,-114.50397491455078
33.87494077338877,-114.50342774391174
33.871475614725746,-114.50386762619019
33.86913276707848,-114.50317025184631
33.868143941360486,-114.50303077697754
33.867155104188654,-114.50313806533813
33.86580100227329,-114.50387835502625
33.86366290288976,-114.50639963150024
33.86156038628439,-114.51133489608765
33.86082092957935,-114.51228976249695
33.85889653030688,-114.51417803764343
33.85841542371267,-114.51522946357727
33.85817486939918,-114.5163881778717
33.85825505424564,-114.5175576210022
33.85868270548851,-114.51928496360779
33.85983200759217,-114.52240705490112
33.86009037570301,-114.52475666999817
33.859894372380154,-114.52592611312866
33.85917271990486,-114.52749252319336
33.857934314408084,-114.5293915271759
33.857141369083884,-114.53006744384766
33.856196952687185,-114.53042149543762
33.855216886893885,-114.53057169914246
33.85260629313435,-114.53008890151978
33.851323241702104,-114.53019618988037
33.85032529948653,-114.53009963035583
33.847883855990396,-114.52952027320862
33.83850057896417,-114.5254647731781
33.83543497363092,-114.52345848083496
33.82895584713767,-114.5208728313446
33.825542299645186,-114.52000379562378
33.82394688737607,-114.52014327049255
33.82201274431746,-114.52075481414795
33.819062423415616,-114.52267527580261
33.817707559172625,-114.52443480491638
33.81600503485926,-114.52738523483276
33.815470203472785,-114.52791094779968
33.81499776629975,-114.52801823616028
33.81308124911904,-114.52740669250488
33.809150026029876,-114.52478885650635
33.80487985343502,-114.52267527580261
33.80249060335596,-114.52177405357361
33.79710563098986,-114.51886653900146
33.788251786104915,-114.51669931411743
33.78513979436596,-114.51531529426575
33.778844130046835,-114.51204299926758
33.77360036236171,-114.5098328590393
33.767847901104055,-114.50706481933594
33.76303159002272,-114.50547695159912
33.7605430565802,-114.5048975944519
33.756074218397174,-114.50432896614075
33.75089150155081,-114.50452208518982
33.74655597626314,-114.50592756271362
33.74182768442947,-114.5080840587616
33.737928877929726,-114.51057314872742
33.734324331681705,-114.51227903366089
33.733922825820116,-114.51204299926758
33.73189742316354,-114.50992941856384
33.73046979785267,-114.50677514076233
33.728239085755845,-114.50437188148499
33.72499998857073,-114.50284838676453
33.72241219223553,-114.50094938278198
33.72173399822483,-114.50009107589722
33.72035974656374,-114.49777364730835
33.71919964686834,-114.49662566184998
33.71638857105331,-114.49541330337524
33.71437167900002,-114.49489831924438
33.710891090144735,-114.49437260627747
33.70840104386379,-114.49422240257263
33.70521475031869,-114.49445843696594
33.701323206275525,-114.49554204940796
33.69833302399957,-114.49578881263733
33.697404707436704,-114.49622869491577
33.69675309462751,-114.49681878089905
33.69437868285515,-114.5025908946991
33.69279868077175,-114.50564861297607
33.69206669255867,-114.50788021087646
33.69117401556804,-114.51265454292297
33.688478074770835,-114.51908111572266
33.685960596748615,-114.52381253242493
33.68280025400599,-114.5276427268982
33.679452306575946,-114.53019618988037
33.67488996034365,-114.53154802322388
33.669863063774905,-114.53213810920715
33.66700572694709,-114.53038930892944
33.666621765076584,-114.53001379966736
33.664246520993636,-114.5269238948822
33.663773250239345,-114.5259153842926
33.662692754420384,-114.52048659324646
33.66279098187378,-114.51692461967468
33.6620230187945,-114.51539039611816
33.66006736092875,-114.51409220695496
33.658120588859845,-114.51456427574158
33.65612912048305,-114.51796531677246
33.65594158072783,-114.51849102973938
33.65594158072783,-114.52491760253906
33.65459306854825,-114.53006744384766
33.65440552544556,-114.53060388565063
33.65338742718537,-114.53192353248596
33.65181560271224,-114.5330822467804
33.64836820533973,-114.53312516212463
33.64371489304799,-114.52937006950378
33.64051726970914,-114.5253574848175
33.6346665620748,-114.52386617660522
33.63037876822516,-114.5263123512268
33.629074521925965,-114.53015327453613
33.62834199137178,-114.53092575073242
33.62786852318718,-114.53107595443726
33.62437549824376,-114.53121542930603
33.62349105257952,-114.53088283538818
33.62155238739364,-114.52902674674988
33.61963154707183,-114.5283830165863
33.61783574599836,-114.52733159065247
33.61413681393072,-114.52240705490112
33.61269829747646,-114.52190279960632
33.61221580832023,-114.52191352844238
33.61125975701445,-114.52217102050781
33.60999989751186,-114.52401638031006
33.60885617932371,-114.52667713165283
33.60627382229661,-114.5294988155365
33.60235099356651,-114.53255653381348
33.5989194890753,-114.53484177589417
33.596819412465464,-114.53644037246704
33.59510356723515,-114.53738451004028
33.591868391192385,-114.54021692276001
33.591466219945524,-114.54052805900574
33.59098361197438,-114.54063534736633
33.58998263868636,-114.54065680503845
33.588052157404086,-114.54013109207153
33.585835625624895,-114.54047441482544
33.58283249173505,-114.54064607620239
33.58084822093064,-114.54034566879272
33.57840804157969,-114.53971266746521
33.57722814989603,-114.53918695449829
33.57558342548548,-114.5378565788269
33.57511860638507,-114.53766345977783
33.573661561061755,-114.53720211982727
33.57167707940702,-114.53696608543396
33.570702700094756,-114.53666567802429
33.56930815644191,-114.53604340553284
33.56745766951204,-114.53439116477966
33.565732300560384,-114.53316807746887
33.562737407312376,-114.53224539756775
33.56184338919786,-114.53170895576477
33.560153669685675,-114.52952027320862
33.55997486145384,-114.52900528907776
33.55920598183863,-114.528146982193
33.5535732829105,-114.52435970306396
33.5530904630548,-114.52424168586731
33.55261658168361,-114.52442407608032
33.55219634508547,-114.52470302581787
33.551400572309994,-114.52621579170227
33.550837268049555,-114.52852249145508
33.550184545821,-114.53020691871643
33.5480385749717,-114.53168749809265
33.54769879136634,-114.53210592269897
33.54253033917311,-114.54191207885742
33.53285430884108,-114.55759763717651
33.53206730126166,-114.55861687660217
33.530752624894724,-114.55946445465088
33.52679058814894,-114.56008672714233
33.52436676963033,-114.56080555915833
33.52122733175777,-114.56053733825684
33.51872285516395,-114.5605480670929
33.51676394614755,-114.56098794937134
33.51555637739347,-114.56202864646912
33.51312329878499,-114.56520438194275
33.50943776999271,-114.56927061080933
33.508167478547705,-114.57184553146362
33.50762178424353,-114.57351922988892
33.50647670959974,-114.58036422729492
33.5062620064173,-114.58091139793396
33.50445490019045,-114.58456993103027
33.50186942022847,-114.58915114402771
33.49880073998061,-114.59224104881287
33.49604509767161,-114.59365725517273
33.49498039419761,-114.59457993507385
33.49052460232091,-114.5973265171051
33.484207363879264,-114.59978342056274
33.48159443367626,-114.60156440734863
33.48048480933678,-114.60349559783936
33.47832816008495,-114.60500836372375
33.47495437286961,-114.60774421691895
33.47078393974722,-114.61243271827698
33.46910139059456,-114.61372017860413
33.467293508823055,-114.61438536643982
33.462845243138815,-114.6182370185852
33.45654388859255,-114.62289333343506
33.45559506542473,-114.62324738502502
33.45460147531839,-114.6233868598938
33.45066280793272,-114.62250709533691
33.44742222472974,-114.6223247051239
33.44402932970482,-114.62336540222168
33.43501378976478,-114.62666988372803
33.43258740206331,-114.62738871574402
33.42794932094165,-114.62981343269348
33.42675842228785,-114.63091850280762
33.424904885865026,-114.63334321975708
33.42286326371292,-114.63507056236267
33.42212898435787,-114.63597178459167
33.41665751217177,-114.64348196983337
33.413827613878425,-114.64915752410889
33.41307534691896,-114.65203285217285
33.412914146008475,-114.65304136276245
33.41283354544103,-114.65615272521973
33.41297683528699,-114.65793371200562
33.41454405254381,-114.6616780757904
33.41550228001978,-114.66469287872314
33.41672019874815,-114.66729998588562
33.41914702998978,-114.67386603355408
33.41801869622528,-114.68463778495789
33.417911235102075,-114.68791007995605
33.41606646508372,-114.69347834587097
33.41512615460753,-114.69558119773865
33.41392612454537,-114.69652533531189
33.41225142801084,-114.69677209854126
33.411006579182924,-114.69767332077026
33.40965424117295,-114.69942212104797
33.408337706460976,-114.70196485519409
33.40725401325677,-114.71105217933655
33.40728983804158,-114.71345543861389
33.40788990099082,-114.71758604049683
33.40783616417925,-114.72026824951172
33.40742418085302,-114.72199559211731
33.406680814690624,-114.72354054450989
33.405194063282636,-114.72513914108276
33.40473728515031,-114.72536444664001
33.40390433060869,-114.72551465034485
33.40257875207582,-114.72532153129578
33.40029476864823,-114.72414135932922
33.39703439025082,-114.72134113311768
33.39482192095763,-114.7191846370697
33.38840812894493,-114.71373438835144
33.384430623548276,-114.70878839492798
33.3837587296713,-114.70812320709229
33.38245972011983,-114.70730781555176
33.380972554324295,-114.70701813697815
33.379476404033774,-114.70710396766663
33.37801606485447,-114.70750093460083
33.37638547311311,-114.70726490020752
33.37468317439245,-114.70649242401123
33.37117095806851,-114.7041642665863
33.367622758811365,-114.70222234725952
33.36135929635226,-114.69916462898254
33.3567263738361,-114.69819903373718
33.352711572286395,-114.69804883003235
33.3493329016096,-114.69907879829407
33.34452008593643,-114.69952940940857
33.336892527823736,-114.70098853111267
33.33359391741972,-114.7024154663086
33.32789276365517,-114.70518350601196
33.32388559743938,-114.70767259597778
33.32182367277634,-114.70941066741943
33.32081062235275,-114.71051573753357
33.318874139218785,-114.71327304840088
33.31570933111687,-114.7186803817749
33.31199748342833,-114.72365856170654
33.30977388545107,-114.72497820854187
33.308240645750026,-114.72653388977051
33.30591831907172,-114.72967743873596
33.30520098558796,-114.73034262657166
33.30395460462723,-114.73119020462036
33.30262750316072,-114.73122239112854
33.302143285435264,-114.73108291625977
33.29638626873314,-114.72804665565491
33.28853028723888,-114.72351908683777
33.2880998020584,-114.72322940826416
33.286835239559316,-114.72137331962585
33.285095315106226,-114.7177255153656
33.283489890125345,-114.71174955368042
33.28183062098434,-114.70255494117737
33.279642131286174,-114.69400405883789
33.27778545971149,-114.68842506408691
33.276251657756475,-114.6848738193512
33.273506892265324,-114.6804428100586
33.27004441795065,-114.67697739601135
33.265011924239424,-114.67440247535706
33.26077758725573,-114.67252492904663
33.25879491400382,-114.67212796211243
33.258319424588535,-114.67219233512878
33.25728769337254,-114.67278242111206
33.255708672440804,-114.67438101768494
33.254309061848566,-114.677814245224
33.25235315820886,-114.68056082725525
33.24990373089996,-114.68354344367981
33.24811820765724,-114.68781352043152
33.247445262296715,-114.68866109848022
33.2466377210245,-114.68936920166016
33.2461801109916,-114.68951940536499
33.24519310080318,-114.6893584728241
33.24249222503866,-114.6877920627594
33.23756582808611,-114.68430519104004
33.23488266452975,-114.68267440795898
33.230251994639225,-114.67806100845337
33.225665953933905,-114.67459559440613
33.223287579824415,-114.67368364334106
33.21895249011066,-114.67381238937378
33.21415043192815,-114.67532515525818
33.2107753697999,-114.67610836029053
33.20696929253582,-114.67767477035522
33.203567022066125,-114.67870473861694
33.19958108055738,-114.67816829681396
33.18859186975761,-114.67526078224182
33.1844436229171,-114.67547535896301
33.18120210718374,-114.67596888542175
33.17694575206341,-114.67780351638794
33.17475463633428,-114.67901587486267
33.170488987525204,-114.67956304550171
33.16968971655058,-114.6801745891571
33.16771395927303,-114.67994928359985
33.1628372404962,-114.67875838279724
33.15937038411475,-114.67945575714111
33.15522973614333,-114.68222379684448
33.14795393757809,-114.68456268310547
33.14192624496746,-114.68726634979248
33.13784766070638,-114.69002366065979
33.133670059629594,-114.69462633132935
33.13125324908449,-114.69677209854126
33.11355190244868,-114.70374584197998
33.10521216389242,-114.70620274543762
33.09741091611915,-114.70788717269897
33.09390552173264,-114.70812320709229
33.09194603524826,-114.70794081687927
33.09071459249585,-114.70765113830566
33.0883595225574,-114.7065782546997
33.08798198639549,-114.70621347427368
33.08710106238065,-114.70476508140564
33.08671453171092,-114.70302700996399
33.08639991246966,-114.70126748085022
33.086256086155885,-114.69504475593567
33.08581561660663,-114.69269514083862
33.08403573759138,-114.68910098075867
33.08311881616132,-114.68868255615234
33.07900154132128,-114.68929409980774
33.07648433513568,-114.6891438961029
33.07598987545658,-114.68905806541443
33.07091925583178,-114.68692302703857
33.06442771698917,-114.68110799789429
33.06201799345233,-114.67915534973145
33.059284495847265,-114.67651605606079
33.05821445228556,-114.67512130737305
33.05737819069965,-114.67445611953735
33.05691060011369,-114.67430591583252
33.05435679232252,-114.67442393302917
33.047837052707834,-114.67511057853699
33.045480834960706,-114.67483162879944
33.04178450378216,-114.67356562614441
33.040120654452465,-114.67220306396484
33.037944112211385,-114.67072248458862
33.03614527638617,-114.66841578483582
33.03395964143827,-114.66512203216553
33.03272738713608,-114.66238617897034
33.03267341940051,-114.66179609298706
33.0326824140254,-114.65999364852905
33.03372578428244,-114.65798735618591
33.03736848874329,-114.65487599372864
33.03995876473194,-114.65325593948364
33.043987931552195,-114.65107798576355
33.046613985714934,-114.64911460876465
33.048403614749375,-114.64701175689697
33.04886225754196,-114.64596033096313
33.04861944694933,-114.64482307434082
33.0471176035926,-114.64203357696533
33.045354928421396,-114.63965177536011
33.03925723917188,-114.63438391685486
33.032763365608105,-114.62986707687378
33.03081151228256,-114.62798953056335
33.02960619877621,-114.62606906890869
33.028931575812216,-114.62445974349976
33.027330449972155,-114.61925625801086
33.02702461363784,-114.61753964424133
33.02616107002416,-114.61100578308105
33.02541445778852,-114.60116744041443
33.02540546242181,-114.59795951843262
33.02587322027277,-114.5944082736969
33.02626001815908,-114.58961248397827
33.026817723751094,-114.58748817443848
33.0272404982193,-114.58643674850464
33.02813101652817,-114.5849347114563
33.03009192411259,-114.583078622818
33.032700403272415,-114.58125472068787
33.03460724263058,-114.57929134368896
33.03550668083488,-114.5778751373291
33.0364690695452,-114.57533240318298
33.03655001764902,-114.5747423171997
33.03660398301027,-114.57173824310303
33.03612728784246,-114.56908822059631
33.03512891790738,-114.5650327205658
33.03527282778503,-114.56084847450256
33.034940035836286,-114.557865858078
33.03395964143827,-114.55286622047424
33.0337707568606,-114.54342484474182
33.03338399193823,-114.53824281692505
33.031917867631854,-114.52852249145508
33.03087447596787,-114.52326536178589
33.03010091900097,-114.5205295085907
33.02870670034328,-114.51805114746094
33.02664681434791,-114.51507925987244
33.02339947271998,-114.51130270957947
33.022391962912614,-114.51035857200623
33.01958526773088,-114.5078694820404
33.017606134076914,-114.50650691986084
33.014457420793384,-114.50462937355042
33.01076878508641,-114.50268745422363
33.004056871689336,-114.49986577033997
32.999971891561984,-114.49937224388123
32.997155484537316,-114.49856758117676
32.99020856278274,-114.49705481529236
32.98635692494295,-114.49677586555481
32.98016515489193,-114.49572443962097
32.97426096973504,-114.49420094490051
32.97284786687801,-114.49355721473694
32.971551752658634,-114.49270963668823
32.970831680984766,-114.49187278747559
32.97000359130261,-114.4903814792633
32.96985057388107,-114.48982357978821
32.96998558926676,-114.48849320411682
32.971317730008536,-114.48483467102051
32.97195679039539,-114.4816267490387
32.97243383245878,-114.4811761379242
32.97335190615995,-114.48078989982605
32.973972950605116,-114.47986721992493
32.97504401699611,-114.47717428207397
32.97516102346186,-114.47538256645203
32.97461199177963,-114.47247505187988
32.973720933095926,-114.47031855583191
32.9729648762534,-114.46954607963562
32.97151574921435,-114.46858048439026
32.96554797551803,-114.46741104125977
32.9640447170693,-114.46731448173523
32.958202469830645,-114.46738958358765
32.95669908640594,-114.46762561798096
32.955240690022734,-114.46807622909546
32.95258490639999,-114.46914911270142
32.949343842002484,-114.47082281112671
32.94511227352452,-114.47409510612488
32.94242917412178,-114.47688460350037
32.940745442651526,-114.47830080986023
32.937224809615564,-114.4806182384491
32.9357480829369,-114.48091864585876
32.93356896560701,-114.48073625564575
32.928229000733516,-114.47897672653198
32.92586058260786,-114.47800040245056
32.9237172446381,-114.47670221328735
32.92206918055523,-114.47532892227173
32.92059220087147,-114.47369813919067
32.915710787783986,-114.46741104125977
32.912963748757484,-114.46433186531067
32.91158569379285,-114.4636344909668
32.90809992959966,-114.46295857429504
32.90589310871421,-114.46289420127869
32.89934438176844,-114.46329116821289
32.89066004108568,-114.46432113647461
32.8849571012197,-114.46521162986755
32.875703683381026,-114.46602702140808
32.875271172840506,-114.46595191955566
32.87496480993092,-114.46558713912964
32.874496252844835,-114.46558713912964
32.84551298712275,-114.46892380714417
32.84504427443402,-114.46908473968506
32.83873443961115,-114.47584390640259
32.823336560383346,-114.49408292770386
32.821181726175865,-114.49883580207825
32.816475170127326,-114.51006889343262
32.815997287466736,-114.51070189476013
32.81372505550159,-114.51329827308655
32.81130849108409,-114.51547622680664
32.80783681898076,-114.51791167259216
32.80593410479393,-114.51954245567322
32.80455438609277,-114.52028274536133
32.8035714361771,-114.52044367790222
32.80179488444354,-114.5219349861145
32.7988729658021,-114.52525019645691
32.79636581091523,-114.52872633934021
32.79518435730841,-114.52979922294617
32.79335352414459,-114.53080773353577
32.79094542510353,-114.53166604042053
32.782872857209945,-114.53173041343689
32.7788768905483,-114.53238487243652
32.777172010425424,-114.53242778778076
32.774195157298735,-114.53177332878113
32.77184968772986,-114.53066825866699
32.76959437023732,-114.52932715415955
32.767501384481264,-114.52853322029114
32.76303558225591,-114.52761054039001
32.75722519314509,-114.52689170837402
32.75708083082472,-114.52733159065247
32.756945490936815,-114.53890800476074
32.756593606265646,-114.53909039497375
32.75029553779456,-114.53911185264587
32.74997069697119,-114.53917622566223
32.74980827611527,-114.53962683677673
32.749456363244796,-114.5643675327301
32.742453910431045,-114.56450700759888
32.74230050002054,-114.56493616104126
32.742273427567746,-114.58159804344177
32.74188538817369,-114.5817482471466
32.73516211180671,-114.58178043365479
32.734936489709725,-114.58212375640869
32.734512318621206,-114.61461067199707
32.73439499434669,-114.61501836776733
32.733988870665485,-114.61479306221008
32.73298709100659,-114.61477160453796
32.731515988758815,-114.61544752120972
32.73052320665012,-114.61544752120972
32.72971994757929,-114.6158230304718
32.728772273076665,-114.61566209793091
32.72847443043808,-114.61588740348816
32.72823074026636,-114.61766839027405
32.7290520637398,-114.62252855300903
32.72987337964644,-114.62906241416931
32.73106472553464,-114.6334183216095
32.73138963528631,-114.63517785072327
32.73186797248779,-114.6403706073761
32.732066526798675,-114.64470505714417
32.733564695067194,-114.65431809425354
32.734033995610325,-114.66592669487
32.735035763502765,-114.6724283695221
32.7365790055195,-114.67853307723999
32.737319030223475,-114.68263149261475
32.73755367091971,-114.68499183654785
32.73738220277939,-114.68725562095642
32.73758074480644,-114.68843579292297
32.73805904878254,-114.68946576118469
32.73990004390354,-114.69150424003601
32.742002702587335,-114.69501256942749
32.74485429774767,-114.69882130622864
32.74549499169856,-114.70044136047363
32.74561230135953,-114.70160007476807
32.74510696633485,-114.70260858535767
32.741542468232865,-114.70575213432312
32.73946687200261,-114.70706105232239
32.73758074480644,-114.70788717269897
32.73521626102499,-114.70928192138672
32.73407009554976,-114.71046209335327
32.73250875981062,-114.71281170845032
32.73031562353886,-114.71454977989197
32.727978023829166,-114.71569776535034
32.72175916866356,-114.71765041351318
32.71869561379174,-114.71972751617432
32.71503437424101,-114.77532863616943
32.70559172663442,-114.90917086601257
32.69968730725649,-115.0012993812561
32.6908028576608,-115.12636542320251
32.68249545862668,-115.2487063407898
32.67313967979943,-115.37575721740723
32.66721866332671,-115.46277666091919
32.66734751614354,-115.46278238296509
32.666004788425326,-115.47961235046387
32.663620343290894,-115.51413774490356
32.65491296548938,-115.62556743621826
32.65234755966101,-115.66266775131226
32.64436181122394,-115.76512813568115
32.64067584065958,-115.81499576568604
32.636429558848924,-115.87625741958618
32.63373713107913,-115.90762853622437
32.62827974707164,-115.98202228546143
32.62659909490341,-116.00077629089355
32.62432203194284,-116.03294134140015
32.62392444358067,-116.03635311126709
32.623382274786145,-116.04678153991699
32.621611167171956,-116.06703758239746
32.61792425933547,-116.11566066741943
32.61660488777961,-116.12647533416748
32.613568451984285,-116.16578578948975
32.61210441936313,-116.18728637695312
32.61067651263904,-116.20393753051758
32.610152338634954,-116.21376514434814
32.607097608403784,-116.2512195110321
32.60523579864224,-116.2716794013977
32.60181936745287,-116.31611824035645
32.598384728576946,-116.35705947875977
32.5971916126803,-116.37568473815918
32.596721592964904,-116.38036251068115
32.59608887022375,-116.38967514038086
32.59560076677071,-116.39212131500244
32.59406412742822,-116.41400814056396
32.586814449978085,-116.49889469146729
32.586832529703585,-116.50116920471191
32.58515109963141,-116.5206527709961
32.584048209015066,-116.53514742851257
32.58375892398419,-116.54103755950928
32.58124572099675,-116.56856775283813
32.57721360068146,-116.61739468574524
32.57636375846646,-116.62523746490479
32.57638184029957,-116.62796258926392
32.574410899029374,-116.65242433547974
32.56885948300658,-116.71696901321411
32.56674370634179,-116.74516439437866
32.56245774940464,-116.79450631141663
32.56061309731936,-116.8169617652893
32.560160970923505,-116.82483673095703
32.55748433599568,-116.85732364654541
32.55319793674588,-116.90032482147217
32.55088283428809,-116.92635297775269
32.5504487459295,-116.93708181381226
32.550365093243705,-116.9384041428566
32.550136097656086,-116.93921531949725
32.54979760945545,-116.94673776626587
32.548115485036085,-116.96263790130615
32.54618009859065,-116.98774337768555
32.54245391000265,-117.02610969543457
32.542670973773866,-117.02750444412231
32.54247975095487,-117.02937739236015
32.54216675191462,-117.02954560518265
32.54211022462508,-117.03171014785767
32.541350494385576,-117.03952074050903
32.54127813878943,-117.04231023788452
32.53977674701257,-117.06170797348022
32.5395234977326,-117.06702947616577
32.53529955623442,-117.11419343948364
32.53417494731739,-117.12485432624817
32.622853,-119.217332
34.027299,-120.579637