36.982003,-89.130342
 36.980778,-89.134612
 36.978944,-89.141436
 36.978807,-89.144611
 36.977641,-89.149804
 36.975481,-89.155501
 36.972747,-89.161842
 36.970312,-89.170221
 36.970964,-89.177485
 36.973458,-89.185306
 36.973767,-89.185735
 36.979304,-89.1914
 36.980067,-89.192097
 36.980529,-89.19229
 36.985363,-89.193985
 36.989605,-89.194994
 36.993436,-89.195284
 36.998928,-89.195005
 37.000359,-89.195112
 37.011797,-89.198534
 37.014496,-89.199779
 37.016209,-89.200841
 37.018496,-89.203008
 37.020047,-89.20509
 37.020629,-89.206388
 37.022702,-89.209639
 37.026043,-89.215508
 37.028296,-89.220357
 37.031242,-89.225743
 37.032441,-89.22762
 37.03412,-89.229755
 37.035627,-89.232169
 37.037417,-89.234165
 37.04086,-89.236997
 37.042572,-89.238081
 37.044748,-89.239326
 37.048618,-89.241085
 37.057677,-89.245602
 37.065254,-89.250355
 37.071777,-89.254754
 37.071837,-89.255043
 37.065597,-89.259238
 37.065186,-89.259453
 37.0648,-89.259346
 37.064116,-89.260032
 37.064124,-89.261738
 37.064818,-89.264871
 37.065211,-89.279977
 37.065665,-89.281651
 37.065871,-89.283378
 37.066658,-89.283754
 37.066769,-89.284269
 37.067377,-89.294139
 37.068679,-89.300212
 37.069201,-89.305555
 37.069569,-89.307303
 37.069517,-89.307754
 37.068507,-89.308237
 37.057823,-89.31079
 37.055477,-89.310179
 37.053747,-89.309374
 37.051264,-89.307915
 37.050245,-89.307218
 37.047548,-89.304707
 37.044987,-89.301349
 37.040466,-89.291317
 37.038325,-89.284247
 37.036064,-89.277585
 37.034651,-89.275149
 37.028553,-89.266126
 37.023585,-89.260354
 37.022754,-89.259839
 37.015772,-89.257693
 37.01531,-89.257683
 36.999956,-89.263605
 36.996452,-89.266137
 36.993256,-89.269795
 36.990591,-89.274044
 36.988705,-89.278647
 36.992262,-89.292208
 37.012714,-89.31712
 37.015986,-89.322796
 37.01991,-89.331132
 37.025452,-89.345788
 37.030223,-89.362514
 37.033443,-89.368286
 37.038496,-89.376644
 37.039746,-89.378457
 37.040791,-89.379702
 37.042752,-89.381429
 37.046383,-89.383918
 37.048233,-89.384648
 37.049106,-89.38483
 37.051007,-89.38513
 37.055151,-89.385431
 37.057814,-89.38513
 37.065126,-89.381247
 37.070553,-89.378875
 37.075972,-89.376923
 37.080663,-89.3757
 37.082374,-89.375539
 37.086192,-89.375678
 37.089923,-89.376805
 37.094433,-89.378639
 37.097043,-89.380163
 37.103923,-89.384658
 37.107594,-89.388177
 37.108475,-89.389282
 37.111205,-89.393467
 37.114695,-89.39985
 37.119247,-89.407339
 37.122515,-89.411716
 37.125055,-89.414463
 37.138348,-89.425664
 37.152142,-89.435202
 37.161257,-89.438281
 37.174577,-89.447325
 37.187938,-89.455984
 37.199527,-89.461842
 37.203757,-89.462807
 37.217898,-89.467528
 37.221239,-89.467517
 37.221991,-89.467442
 37.225613,-89.465908
 37.230038,-89.463623
 37.236513,-89.459996
 37.240391,-89.458312
 37.242278,-89.457893
 37.244183,-89.457958
 37.247044,-89.458258
 37.248812,-89.458956
 37.250349,-89.460382
 37.251613,-89.462936
 37.252732,-89.466906
 37.253321,-89.470425
 37.253304,-89.475006
 37.253031,-89.47919
 37.251912,-89.484544
 37.251374,-89.489865
 37.258556,-89.496496
 37.263542,-89.502096
 37.268623,-89.50686
 37.278663,-89.515153
 37.282061,-89.517106
 37.283648,-89.517835
 37.285996,-89.518425
 37.289333,-89.518372
 37.292218,-89.517578
 37.295709,-89.515625
 37.30403,-89.513973
 37.308246,-89.5129
 37.311216,-89.511613
 37.314202,-89.509724
 37.315653,-89.508169
 37.321651,-89.498867
 37.322632,-89.497536
 37.324799,-89.495187
 37.327043,-89.493685
 37.328374,-89.493052
 37.330942,-89.491464
 37.333168,-89.489211
 37.334056,-89.487805
 37.335711,-89.483997
 37.336768,-89.480639
 37.338108,-89.474877
 37.339029,-89.461702
 37.339293,-89.454643
 37.339643,-89.451081
 37.340334,-89.448152
 37.341255,-89.445384
 37.342995,-89.4418
 37.344488,-89.436007
 37.345733,-89.434193
 37.347226,-89.432691
 37.348445,-89.431769
 37.351925,-89.429773
 37.356386,-89.428132
 37.364222,-89.426426
 37.382997,-89.42148
 37.387592,-89.421061
 37.389876,-89.421093
 37.392263,-89.421351
 37.396321,-89.422263
 37.401094,-89.423593
 37.408048,-89.426168
 37.414107,-89.428625
 37.426974,-89.434183
 37.431881,-89.43665
 37.436992,-89.439622
 37.441967,-89.443367
 37.445477,-89.446478
 37.450732,-89.45166
 37.459675,-89.462421
 37.462877,-89.466863
 37.466462,-89.471186
 37.46848,-89.473118
 37.471265,-89.475435
 37.477557,-89.479866
 37.490328,-89.48964
 37.494388,-89.49229
 37.497844,-89.494307
 37.504807,-89.497622
 37.510168,-89.499457
 37.512509,-89.500036
 37.517759,-89.502858
 37.522925,-89.506645
 37.525903,-89.508523
 37.528132,-89.511055
 37.529732,-89.512331
 37.531859,-89.513694
 37.53556,-89.51643
 37.537202,-89.51702
 37.545998,-89.518876
 37.55202,-89.520721
 37.557379,-89.521698
 37.560704,-89.521923
 37.563706,-89.521966
 37.579081,-89.521236
 37.580951,-89.52085
 37.582669,-89.519842
 37.583919,-89.518039
 37.58448,-89.516634
 37.584803,-89.514059
 37.584097,-89.509349
 37.582414,-89.503641
 37.580118,-89.493878
 37.580331,-89.489104
 37.580824,-89.486175
 37.581572,-89.483975
 37.582933,-89.481196
 37.584522,-89.478976
 37.58601,-89.477484
 37.588093,-89.476529
 37.590015,-89.476068
 37.592871,-89.475929
 37.595668,-89.476583
 37.598856,-89.478407
 37.601644,-89.480703
 37.609192,-89.487838
 37.612906,-89.492505
 37.614435,-89.494919
 37.616135,-89.497032
 37.619645,-89.500111
 37.624965,-89.506441
 37.630165,-89.509392
 37.631405,-89.510282
 37.636682,-89.515754
 37.640879,-89.517578
 37.641329,-89.517685
 37.643665,-89.517159
 37.64539,-89.515979
 37.64584,-89.515861
 37.650784,-89.515915
 37.656441,-89.516827
 37.662293,-89.516644
 37.667797,-89.516162
 37.671559,-89.515378
 37.676136,-89.514059
 37.680645,-89.512192
 37.681579,-89.512042
 37.685527,-89.512053
 37.689925,-89.514284
 37.692599,-89.516516
 37.694747,-89.519252
 37.696802,-89.522556
 37.698364,-89.525582
 37.700206,-89.531043
 37.701046,-89.538542
 37.7031,-89.548606
 37.705205,-89.556642
 37.707183,-89.566609
 37.709161,-89.57369
 37.710604,-89.576833
 37.712191,-89.5812
 37.713235,-89.583238
 37.715009,-89.585202
 37.716995,-89.586865
 37.720466,-89.588839
 37.723249,-89.591135
 37.723682,-89.591371
 37.725515,-89.591779
 37.727823,-89.593763
 37.729207,-89.594064
 37.730513,-89.594761
 37.733568,-89.597583
 37.734569,-89.59886
 37.735562,-89.600909
 37.736436,-89.602218
 37.738413,-89.606659
 37.739575,-89.608548
 37.740042,-89.610232
 37.73994,-89.611412
 37.74011,-89.61256
 37.740721,-89.613451
 37.742935,-89.615833
 37.744326,-89.616187
 37.748195,-89.615961
 37.749077,-89.616348
 37.749671,-89.617249
 37.749781,-89.618407
 37.749365,-89.621369
 37.749052,-89.626143
 37.745811,-89.633471
 37.746125,-89.63641
 37.746099,-89.645691
 37.745514,-89.649349
 37.746108,-89.652858
 37.747728,-89.658501
 37.748339,-89.660239
 37.749968,-89.6632
 37.751291,-89.664928
 37.752106,-89.665518
 37.753319,-89.665915
 37.755405,-89.666312
 37.758501,-89.667814
 37.759443,-89.667985
 37.760384,-89.667814
 37.762386,-89.666934
 37.764235,-89.66644
 37.768603,-89.664091
 37.776252,-89.661044
 37.778118,-89.660593
 37.78084,-89.660239
 37.786055,-89.660368
 37.786979,-89.660625
 37.787852,-89.661098
 37.790888,-89.664026
 37.793872,-89.665872
 37.7965,-89.667245
 37.800019,-89.669777
 37.803164,-89.67438
 37.80363,-89.675421
 37.805825,-89.679047
 37.806673,-89.68115
 37.80775,-89.682813
 37.809445,-89.687115
 37.811369,-89.690527
 37.814395,-89.696696
 37.815768,-89.700515
 37.816972,-89.703112
 37.819116,-89.706835
 37.821582,-89.710482
 37.825675,-89.71736
 37.827938,-89.720449
 37.830116,-89.722756
 37.833192,-89.727209
 37.834946,-89.729226
 37.839428,-89.733657
 37.840801,-89.734375
 37.843232,-89.736189
 37.845164,-89.738774
 37.845952,-89.73945
 37.846808,-89.73989
 37.846994,-89.740351
 37.846994,-89.741553
 37.846799,-89.742723
 37.84624,-89.744375
 37.846265,-89.74592
 37.846562,-89.747057
 37.846969,-89.747894
 37.846994,-89.748484
 37.846935,-89.750286
 37.846393,-89.753827
 37.846469,-89.754385
 37.847757,-89.757593
 37.850383,-89.761477
 37.851603,-89.764727
 37.852162,-89.769255
 37.85217,-89.774437
 37.853746,-89.779458
 37.854974,-89.781883
 37.854796,-89.782323
 37.851798,-89.786174
 37.851899,-89.786614
 37.857312,-89.793996
 37.859591,-89.79612
 37.8622,-89.797558
 37.867358,-89.799306
 37.868544,-89.800251
 37.869907,-89.799993
 37.870848,-89.800004
 37.871296,-89.799832
 37.873236,-89.798126
 37.8741,-89.797697
 37.875505,-89.798169
 37.876911,-89.798352
 37.87974,-89.798073
 37.880629,-89.798416
 37.881366,-89.799167
 37.883008,-89.803931
 37.887742,-89.813683
 37.901898,-89.836428
 37.904107,-89.840333
 37.905081,-89.842383
 37.905547,-89.8447
 37.904734,-89.847307
 37.904057,-89.850794
 37.902423,-89.852897
 37.900535,-89.855901
 37.899367,-89.856888
 37.899062,-89.857564
 37.898537,-89.859849
 37.897623,-89.861941
 37.894998,-89.865396
 37.890223,-89.870235
 37.888233,-89.871833
 37.883694,-89.876039
 37.880756,-89.879676
 37.878199,-89.883989
 37.874345,-89.891102
 37.871068,-89.898076
 37.869941,-89.901713
 37.869594,-89.903333
 37.869391,-89.905683
 37.86989,-89.917463
 37.870475,-89.922173
 37.871085,-89.924973
 37.873236,-89.931507
 37.874735,-89.936732
 37.874887,-89.937242
 37.874794,-89.937376
 37.874574,-89.93773
 37.874362,-89.938129
 37.87432,-89.938604
 37.874743,-89.938095
 37.875099,-89.937698
 37.875201,-89.938052
 37.877335,-89.942729
 37.880045,-89.94804
 37.882196,-89.951237
 37.883881,-89.952879
 37.889876,-89.95599
 37.897115,-89.960378
 37.90067,-89.963382
 37.902194,-89.965131
 37.902491,-89.965078
 37.904285,-89.965754
 37.906613,-89.966301
 37.909982,-89.968371
 37.91435,-89.9707
 37.91705,-89.973114
 37.918176,-89.973811
 37.919513,-89.974165
 37.922831,-89.974133
 37.925624,-89.974798
 37.926554,-89.974787
 37.927206,-89.97454
 37.92834,-89.973457
 37.929872,-89.971172
 37.932749,-89.966247
 37.933181,-89.965206
 37.933815,-89.96231
 37.934137,-89.961956
 37.93533,-89.962556
 37.935855,-89.962063
 37.936405,-89.961108
 37.938182,-89.960378
 37.939121,-89.960303
 37.93995,-89.95981
 37.94017,-89.95937
 37.939942,-89.957632
 37.940398,-89.954177
 37.940043,-89.95186
 37.940043,-89.948856
 37.940204,-89.947686
 37.940923,-89.946163
 37.943436,-89.941978
 37.946592,-89.937419
 37.946837,-89.936271
 37.946846,-89.934479
 37.947201,-89.933159
 37.948013,-89.93169
 37.949511,-89.930263
 37.951169,-89.928117
 37.954079,-89.925392
 37.954925,-89.924855
 37.95539,-89.924726
 37.956769,-89.924791
 37.958639,-89.925123
 37.959527,-89.924748
 37.959899,-89.924769
 37.959992,-89.925317
 37.959163,-89.933664
 37.959586,-89.935809
 37.959891,-89.936249
 37.961498,-89.936925
 37.96231,-89.936743
 37.963232,-89.936925
 37.964983,-89.937794
 37.966472,-89.939253
 37.967842,-89.939554
 37.969956,-89.941925
 37.970024,-89.942418
 37.966683,-89.954488
 37.962792,-89.979025
 37.962217,-89.986192
 37.962648,-89.99235
 37.963257,-89.997103
 37.964746,-90.000376
 37.970413,-90.008583
 37.99503,-90.032176
 37.99563,-90.033377
 38.000111,-90.046016
 38.001658,-90.048988
 38.003366,-90.051059
 38.004101,-90.051788
 38.00597,-90.052861
 38.009596,-90.053784
 38.014305,-90.057271
 38.015167,-90.058687
 38.015801,-90.060275
 38.016502,-90.063139
 38.016874,-90.065489
 38.016967,-90.072441
 38.015928,-90.077409
 38.015446,-90.080971
 38.015395,-90.083975
 38.01564,-90.085112
 38.015547,-90.086893
 38.015699,-90.087858
 38.017356,-90.092987
 38.019283,-90.096399
 38.020348,-90.099338
 38.024549,-90.106516
 38.026467,-90.110368
 38.029239,-90.114455
 38.031715,-90.117427
 38.037825,-90.123392
 38.039211,-90.125045
 38.040723,-90.126171
 38.041627,-90.126493
 38.043993,-90.1266
 38.04728,-90.126128
 38.049874,-90.126032
 38.054605,-90.126343
 38.059547,-90.128113
 38.060806,-90.128928
 38.061861,-90.130141
 38.062478,-90.131042
 38.063956,-90.133939
 38.064708,-90.136771
 38.067563,-90.141513
 38.06856,-90.14352
 38.0697,-90.146148
 38.070781,-90.149463
 38.074903,-90.158186
 38.074903,-90.161179
 38.074447,-90.163089
 38.073822,-90.164516
 38.069751,-90.172005
 38.069785,-90.172509
 38.094647,-90.219083
 38.112671,-90.243073
 38.124598,-90.249724
 38.12821,-90.252975
 38.157186,-90.27454
 38.157903,-90.275259
 38.164306,-90.282898
 38.170405,-90.29073
 38.175238,-90.300622
 38.178569,-90.310707
 38.179598,-90.317177
 38.181403,-90.321887
 38.18766,-90.331639
 38.190131,-90.334429
 38.196118,-90.339686
 38.201472,-90.343441
 38.212044,-90.352528
 38.214143,-90.354084
 38.217531,-90.356187
 38.224704,-90.35962
 38.236461,-90.363944
 38.249943,-90.366991
 38.255411,-90.367709
 38.257947,-90.368257
 38.264029,-90.370907
 38.267205,-90.370885
 38.270962,-90.371282
 38.275914,-90.372334
 38.282054,-90.373932
 38.291368,-90.374082
 38.294189,-90.373836
 38.304486,-90.371722
 38.323149,-90.372516
 38.333779,-90.370735
 38.340529,-90.368053
 38.360402,-90.356315
 38.375392,-90.350811
 38.377327,-90.349878
 38.380186,-90.347797
 38.396459,-90.338087
 38.398552,-90.335737
 38.399435,-90.334321
 38.400141,-90.33357
 38.401142,-90.331618
 38.405514,-90.326318
 38.408448,-90.323335
 38.411777,-90.320417
 38.413686,-90.318078
 38.415552,-90.316286
 38.416653,-90.315514
 38.418738,-90.313153
 38.41999,-90.311286
 38.420814,-90.311136
 38.421596,-90.310482
 38.422302,-90.310031
 38.422785,-90.309554
 38.423436,-90.309227
 38.423865,-90.308631
 38.424046,-90.308569
 38.424078,-90.308366
 38.424262,-90.30797
 38.424479,-90.307821
 38.424937,-90.307703
 38.425075,-90.307521
 38.424807,-90.307199
 38.425017,-90.306802
 38.425311,-90.30633
 38.425538,-90.305911
 38.425298,-90.305938
 38.424708,-90.306756
 38.424413,-90.306843
 38.424201,-90.30678
 38.423508,-90.308154
 38.422697,-90.309141
 38.421713,-90.309967
 38.420898,-90.310578
 38.420528,-90.310525
 38.420511,-90.31002
 38.421133,-90.308422
 38.424084,-90.302821
 38.424706,-90.30192
 38.425933,-90.301126
 38.426824,-90.299839
 38.428227,-90.298444
 38.430236,-90.296041
 38.431446,-90.29515
 38.432152,-90.29441
 38.437556,-90.291578
 38.440783,-90.289121
 38.443749,-90.287297
 38.444186,-90.287093
 38.447136,-90.286782
 38.458814,-90.286728
 38.459545,-90.286449
 38.461427,-90.286342
 38.464208,-90.285473
 38.465905,-90.284529
 38.467257,-90.284035
 38.472012,-90.282941
 38.472373,-90.282651
 38.473255,-90.282383
 38.475136,-90.282383
 38.475976,-90.282083
 38.477261,-90.282061
 38.477673,-90.281825
 38.479369,-90.28175
 38.4801,-90.281364
 38.480352,-90.280956
 38.481158,-90.280967
 38.483829,-90.279905
 38.484627,-90.27984
 38.486315,-90.278993
 38.487667,-90.278542
 38.488498,-90.278478
 38.492647,-90.277458
 38.496266,-90.276278
 38.498432,-90.276268
 38.501136,-90.275441
 38.502001,-90.274991
 38.503378,-90.274765
 38.504906,-90.27424
 38.510304,-90.271783
 38.517599,-90.269272
 38.518347,-90.268704
 38.519253,-90.268403
 38.521377,-90.267116
 38.522359,-90.266215
 38.522837,-90.266343
 38.528956,-90.261172
 38.530836,-90.258468
 38.531558,-90.257674
 38.544826,-90.248866
 38.548577,-90.24686
 38.552025,-90.242772
 38.557907,-90.237858
 38.575774,-90.226647
 38.577184,-90.22508
 38.578584,-90.222688
 38.579566,-90.220639
 38.580807,-90.217109
 38.585277,-90.210929
 38.589294,-90.203644
 38.594678,-90.196863
 38.59944,-90.192003
 38.604949,-90.188216
 38.611522,-90.184557
 38.615211,-90.183613
 38.629075,-90.178839
 38.633726,-90.178045
 38.6409,-90.18048
 38.642291,-90.180749
 38.643883,-90.180792
 38.646196,-90.181242
 38.64995,-90.181199
 38.654215,-90.182143
 38.65997,-90.184922
 38.665357,-90.182637
 38.672653,-90.185469
 38.674865,-90.186489
 38.687486,-90.195168
 38.693449,-90.202174
 38.702391,-90.208933
 38.703178,-90.209352
 38.711978,-90.212013
 38.718072,-90.211884
 38.721805,-90.211272
 38.725898,-90.209953
 38.732167,-90.205168
 38.742737,-90.191585
 38.746729,-90.183645
 38.753866,-90.176854
 38.754418,-90.176371
 38.754861,-90.17621
 38.760258,-90.175062
 38.760684,-90.174848
 38.766641,-90.171264
 38.772555,-90.166458
 38.776277,-90.160171
 38.783302,-90.146309
 38.797703,-90.12365
 38.798388,-90.122867
 38.805997,-90.11762
 38.815377,-90.114616
 38.837042,-90.109198
 38.837969,-90.109123
 38.843393,-90.109391
 38.848899,-90.113082
 38.849284,-90.113372
 38.84956,-90.113844
 38.850796,-90.116397
 38.857773,-90.131536
 38.862777,-90.140226
 38.864464,-90.145354
 38.867246,-90.151674
 38.874563,-90.163025
 38.876393,-90.166501
 38.885396,-90.187883
 38.886281,-90.190641
 38.886816,-90.195394
 38.887651,-90.197539
 38.896661,-90.209019
 38.900393,-90.213439
 38.903975,-90.218192
 38.907532,-90.22331
 38.909051,-90.226132
 38.910646,-90.229812
 38.912599,-90.236013
 38.914703,-90.241377
 38.917032,-90.246227
 38.919453,-90.250626
 38.920405,-90.253758
 38.920738,-90.25673
 38.920346,-90.260893
 38.920354,-90.262696
 38.920922,-90.265217
 38.922016,-90.267856
 38.922483,-90.269551
 38.923718,-90.277426
 38.924035,-90.283424
 38.923418,-90.295
 38.923401,-90.29883
 38.923601,-90.303036
 38.923543,-90.306029
 38.924044,-90.309108
 38.924403,-90.310224
 38.92871,-90.319183
 38.929394,-90.322659
 38.929886,-90.324354
 38.932123,-90.330405
 38.9337,-90.333999
 38.935778,-90.338109
 38.937856,-90.341156
 38.940836,-90.346552
 38.952059,-90.374565
 38.952885,-90.377365
 38.953952,-90.380026
 38.955421,-90.383084
 38.959184,-90.393137
 38.961111,-90.399735
 38.962629,-90.406923
 38.963305,-90.412856
 38.96363,-90.419047
 38.963738,-90.429293
 38.963847,-90.429862
 38.964372,-90.430849
 38.966458,-90.436213
 38.967309,-90.439421
 38.967259,-90.441846
 38.966808,-90.444753
 38.967084,-90.447725
 38.967684,-90.450407
 38.967751,-90.451072
 38.967617,-90.451641
 38.966984,-90.453229
 38.966675,-90.454978
 38.964081,-90.462906
 38.961937,-90.467552
 38.958933,-90.472004
 38.953001,-90.475727
 38.950081,-90.478324
 38.947303,-90.480512
 38.946034,-90.481274
 38.945267,-90.48195
 38.943539,-90.482851
 38.942346,-90.48328
 38.940477,-90.483452
 38.939542,-90.483431
 38.936388,-90.48269
 38.934568,-90.482776
 38.933125,-90.483356
 38.92815,-90.486392
 38.92588,-90.487046
 38.923802,-90.488602
 38.919979,-90.491982
 38.917591,-90.49387
 38.915613,-90.49579
 38.910813,-90.499513
 38.91017,-90.50035
 38.907432,-90.503107
 38.902907,-90.507334
 38.902598,-90.507774
 38.901078,-90.5108
 38.900093,-90.514276
 38.898665,-90.517098
 38.89636,-90.519147
 38.894223,-90.522333
 38.887066,-90.53111
 38.880126,-90.53818
 38.874931,-90.544231
 38.874104,-90.54569
 38.872241,-90.550776
 38.870763,-90.555829
 38.870312,-90.558769
 38.869677,-90.561376
 38.868842,-90.566676
 38.868466,-90.572287
 38.868349,-90.577093
 38.86895,-90.582973
 38.869978,-90.585623
 38.871214,-90.586395
 38.871473,-90.586878
 38.876793,-90.599345
 38.880385,-90.606812
 38.888503,-90.624804
 38.891709,-90.628549
 38.893346,-90.629729
 38.903716,-90.635759
 38.907983,-90.639664
 38.908726,-90.640812
 38.912132,-90.64799
 38.916122,-90.653118
 38.920455,-90.657409
 38.92497,-90.661368
 38.928067,-90.663364
 38.934652,-90.665714
 38.938758,-90.666851
 38.942964,-90.66772
 38.947937,-90.669168
 38.952484,-90.671926
 38.957774,-90.67434
 38.962037,-90.675906
 38.964356,-90.676335
 38.965757,-90.676421
 38.971963,-90.676206
 38.975692,-90.676378
 38.978269,-90.676239
 38.981046,-90.675724
 38.982439,-90.675906
 38.988243,-90.677505
 38.991938,-90.678234
 38.993939,-90.67906
 38.99855,-90.681914
 39.000293,-90.683888
 39.002552,-90.685712
 39.005412,-90.687729
 39.007571,-90.688856
 39.01194,-90.689939
 39.016133,-90.692106
 39.029052,-90.700582
 39.042178,-90.707856
 39.046661,-90.711461
 39.049777,-90.712727
 39.051152,-90.713038
 39.053893,-90.713618
 39.055451,-90.713575
 39.057092,-90.712491
 39.06469,-90.702835
 39.065923,-90.702041
 39.070071,-90.701247
 39.07192,-90.700282
 39.088302,-90.682815
 39.090517,-90.681946
 39.099368,-90.681045
 39.100709,-90.681099
 39.113713,-90.684564
 39.117742,-90.686055
 39.119848,-90.687354
 39.124717,-90.691946
 39.131167,-90.695969
 39.132682,-90.697364
 39.135503,-90.700496
 39.138324,-90.70261
 39.1432,-90.705174
 39.151196,-90.708007
 39.15529,-90.709155
 39.172634,-90.709949
 39.176493,-90.710517
 39.178306,-90.711086
 39.183828,-90.713875
 39.189666,-90.715517
 39.197407,-90.717384
 39.201307,-90.717523
 39.202703,-90.717427
 39.206694,-90.716676
 39.209429,-90.716611
 39.210817,-90.716654
 39.213594,-90.717062
 39.219088,-90.719444
 39.223718,-90.721707
 39.225463,-90.721933
 39.228222,-90.721353
 39.230084,-90.721203
 39.232768,-90.721611
 39.239076,-90.723692
 39.251281,-90.72704
 39.253849,-90.728467
 39.255867,-90.729958
 39.257629,-90.731889
 39.259082,-90.733949
 39.260262,-90.735805
 39.261707,-90.738691
 39.262912,-90.742586
 39.264158,-90.748959
 39.264523,-90.750064
 39.265371,-90.751491
 39.271459,-90.757885
 39.279947,-90.767562
 39.281508,-90.76885
 39.290311,-90.773753
 39.291565,-90.774547
 39.292644,-90.775502
 39.293615,-90.7768
 39.294437,-90.778248
 39.29746,-90.784203
 39.299095,-90.786349
 39.302541,-90.790297
 39.302914,-90.790651
 39.304118,-90.791241
 39.306883,-90.791692
 39.307771,-90.792067
 39.309473,-90.793462
 39.3132,-90.799609
 39.316719,-90.807495
 39.319193,-90.814158
 39.32072,-90.817162
 39.323882,-90.821561
 39.334721,-90.83392
 39.340537,-90.84025
 39.341815,-90.841999
 39.345375,-90.847696
 39.351008,-90.858414
 39.354667,-90.866622
 39.359528,-90.876203
 39.364422,-90.888015
 39.365625,-90.890687
 39.367251,-90.893605
 39.369324,-90.89663
 39.372468,-90.900182
 39.37552,-90.902692
 39.377643,-90.902992
 39.378414,-90.903625
 39.379401,-90.904891
 39.380421,-90.906898
 39.380794,-90.908003
 39.381507,-90.910846
 39.381972,-90.914665
 39.383663,-90.920888
 39.385164,-90.924665
 39.387486,-90.928634
 39.390148,-90.931982
 39.392586,-90.934267
 39.39373,-90.934836
 39.397361,-90.935748
 39.400827,-90.937454
 39.402593,-90.93887
 39.404159,-90.941069
 39.406033,-90.944513
 39.407508,-90.948365
 39.408114,-90.951251
 39.409083,-90.957828
 39.410294,-90.962377
 39.411877,-90.967269
 39.414173,-90.972483
 39.415756,-90.974683
 39.418185,-90.977451
 39.420489,-90.983137
 39.421168,-90.986012
 39.421914,-90.990304
 39.422909,-90.993662
 39.423928,-90.995668
 39.426241,-90.999413
 39.427127,-91.002663
 39.427591,-91.003683
 39.432787,-91.012191
 39.438803,-91.023788
 39.442615,-91.02984
 39.445746,-91.034099
 39.448431,-91.03824
 39.456019,-91.046716
 39.458985,-91.049613
 39.464841,-91.055846
 39.466704,-91.057638
 39.469868,-91.060138
 39.471483,-91.061211
 39.474117,-91.06238
 39.477811,-91.062766
 39.484444,-91.06312
 39.494346,-91.064279
 39.494752,-91.064461
 39.496722,-91.067594
 39.502708,-91.075137
 39.507791,-91.079814
 39.516962,-91.086177
 39.522846,-91.089191
 39.52921,-91.092829
 39.534374,-91.096541
 39.538767,-91.100457
 39.539322,-91.10272
 39.541084,-91.114211
 39.542217,-91.126539
 39.544253,-91.136817
 39.545469,-91.146483
 39.546155,-91.149348
 39.548108,-91.15335
 39.550912,-91.156569
 39.558481,-91.163564
 39.562278,-91.166589
 39.56471,-91.168284
 39.566025,-91.168842
 39.569647,-91.169819
 39.577685,-91.170763
 39.581175,-91.171482
 39.592957,-91.174539
 39.594545,-91.175462
 39.598438,-91.178198
 39.600795,-91.180108
 39.602638,-91.181921
 39.604184,-91.184142
 39.605192,-91.186159
 39.609581,-91.200471
 39.615053,-91.216414
 39.617483,-91.223001
 39.620929,-91.229407
 39.625168,-91.235275
 39.628466,-91.239502
 39.629879,-91.241037
 39.632655,-91.243279
 39.636076,-91.245092
 39.63772,-91.246197
 39.640859,-91.248772
 39.643181,-91.25169
 39.644784,-91.254534
 39.6487,-91.260091
 39.649443,-91.260788
 39.654366,-91.26434
 39.656663,-91.266453
 39.661007,-91.270798
 39.665641,-91.276002
 39.666945,-91.27848
 39.670224,-91.283523
 39.674774,-91.29379
 39.676698,-91.296945
 39.679275,-91.301923
 39.680645,-91.3035
 39.683221,-91.304616
 39.68394,-91.305356
 39.69246,-91.317619
 39.700369,-91.331491
 39.704537,-91.33794
 39.707294,-91.341802
 39.710356,-91.347027
 39.711033,-91.347842
 39.714029,-91.350642
 39.716183,-91.354365
 39.716851,-91.35517
 39.72073,-91.358421
 39.728965,-91.36768
 39.730929,-91.369236
 39.732505,-91.369997
 39.733338,-91.370094
 39.737002,-91.369418
 39.740194,-91.369933
 39.745086,-91.369933
 39.748205,-91.368903
 39.753748,-91.367455
 39.755818,-91.366135
 39.757855,-91.365255
 39.760016,-91.365201
 39.765072,-91.365899
 39.774745,-91.365706
 39.777334,-91.365373
 39.779593,-91.364762
 39.782207,-91.363571
 39.783683,-91.362401
 39.785101,-91.361768
 39.787409,-91.361586
 39.790088,-91.36223
 39.793106,-91.363624
 39.8005,-91.368045
 39.8035,-91.370823
 39.805544,-91.372207
 39.808874,-91.375169
 39.811017,-91.377668
 39.81133,-91.378098
 39.812937,-91.381745
 39.815945,-91.386584
 39.819217,-91.393365
 39.822381,-91.400853
 39.82763,-91.407956
 39.829994,-91.414479
 39.837755,-91.429424
 39.840795,-91.433083
 39.845532,-91.436044
 39.849115,-91.437181
 39.870692,-91.446462
 39.874776,-91.447438
 39.877773,-91.447824
 39.882795,-91.446966
 39.891703,-91.444294
 39.893752,-91.443329
 39.895991,-91.441205
 39.905012,-91.431838
 39.907868,-91.428791
 39.91195,-91.423931
 39.915233,-91.420659
 39.916937,-91.419768
 39.919833,-91.419103
 39.921668,-91.418856
 39.923964,-91.418867
 39.927633,-91.419361
 39.930727,-91.420509
 39.932825,-91.421732
 39.937785,-91.425798
 39.93962,-91.427622
 39.940541,-91.428802
 39.946299,-91.436934
 39.948914,-91.43952
 39.951226,-91.441494
 39.953775,-91.443501
 39.95954,-91.447245
 39.965321,-91.449863
 39.971291,-91.454626
 39.975936,-91.457255
 39.977786,-91.458027
 39.979019,-91.458864
 39.9798,-91.459476
 39.980113,-91.459916
 39.981033,-91.46174
 39.981387,-91.462855
 39.981962,-91.463778
 39.983541,-91.465001
 39.985514,-91.466063
 39.986484,-91.466417
 39.991013,-91.467437
 39.995369,-91.469282
 40.002347,-91.474088
 40.008092,-91.476599
 40.020097,-91.484613
 40.020902,-91.485214
 40.022693,-91.487081
 40.036273,-91.494774
 40.037168,-91.494924
 40.040232,-91.494184
 40.045341,-91.492885
 40.056091,-91.489817
 40.057455,-91.489635
 40.071052,-91.495396
 40.078047,-91.497595
 40.090442,-91.500696
 40.095982,-91.501479
 40.103885,-91.504741
 40.110007,-91.506457
 40.118884,-91.508228
 40.121945,-91.509279
 40.125005,-91.510577
 40.125907,-91.510792
 40.128163,-91.51033
 40.131108,-91.510395
 40.134774,-91.51077
 40.137637,-91.511521
 40.139015,-91.51165
 40.143141,-91.51135
 40.146708,-91.511725
 40.148996,-91.511607
 40.153392,-91.509891
 40.15636,-91.508356
 40.157729,-91.50826
 40.170454,-91.511961
 40.176258,-91.512841
 40.179701,-91.513034
 40.181078,-91.512959
 40.184718,-91.512305
 40.188824,-91.511039
 40.191324,-91.509537
 40.19352,-91.507359
 40.196364,-91.504987
 40.198142,-91.504494
 40.199478,-91.504837
 40.201494,-91.505728
 40.204796,-91.506661
 40.209368,-91.507262
 40.215628,-91.506919
 40.218315,-91.506135
 40.220805,-91.505202
 40.224303,-91.504301
 40.225221,-91.504258
 40.231356,-91.504279
 40.231807,-91.504376
 40.234157,-91.505867
 40.236385,-91.506468
 40.238965,-91.505749
 40.243576,-91.503153
 40.24437,-91.502531
 40.245361,-91.501297
 40.246606,-91.499076
 40.247654,-91.497928
 40.249742,-91.496726
 40.254761,-91.493154
 40.256718,-91.491941
 40.259723,-91.490482
 40.262441,-91.489999
 40.264726,-91.490525
 40.267247,-91.49193
 40.269899,-91.492853
 40.273771,-91.493036
 40.275147,-91.493057
 40.278339,-91.492682
 40.283291,-91.490997
 40.286352,-91.48972
 40.293521,-91.486019
 40.307357,-91.477672
 40.310213,-91.475751
 40.317207,-91.471889
 40.322721,-91.469572
 40.332683,-91.467179
 40.334458,-91.466589
 40.336625,-91.465602
 40.339495,-91.464025
 40.342766,-91.461858
 40.346323,-91.458961
 40.351712,-91.454197
 40.353903,-91.452041
 40.359225,-91.447781
 40.361743,-91.446344
 40.363149,-91.444831
 40.365128,-91.441966
 40.366468,-91.439531
 40.370392,-91.429456
 40.371863,-91.426828
 40.375296,-91.42259
 40.37814,-91.419564
 40.378435,-91.419629
 40.381009,-91.42244
 40.381589,-91.423362
 40.382423,-91.425487
 40.383183,-91.429274
 40.384924,-91.434821
 40.386117,-91.439767
 40.386231,-91.440958
 40.386084,-91.441462
 40.38512,-91.442739
 40.378835,-91.448532
 40.376146,-91.451461
 40.375574,-91.452384
 40.375443,-91.453553
 40.37546,-91.460162
 40.375754,-91.464089
 40.376293,-91.465044
 40.376686,-91.465344
 40.377086,-91.465591
 40.378435,-91.465859
 40.379751,-91.465366
 40.382505,-91.463553
 40.383829,-91.463081
 40.385169,-91.46322
 40.385504,-91.463585
 40.385594,-91.464132
 40.385439,-91.46469
 40.384139,-91.467866
 40.382938,-91.47176
 40.382063,-91.476706
 40.381835,-91.47971
 40.381941,-91.481491
 40.382211,-91.482618
 40.382423,-91.483026
 40.384164,-91.484774
 40.386607,-91.486405
 40.391257,-91.489978
 40.392524,-91.4906
 40.393847,-91.491029
 40.395212,-91.490793
 40.397402,-91.489645
 40.400033,-91.488594
 40.402721,-91.487907
 40.403636,-91.487821
 40.40402,-91.488057
 40.404273,-91.488529
 40.404338,-91.489677
 40.403023,-91.492124
 40.402426,-91.493733
 40.401961,-91.497864
 40.402018,-91.498443
 40.402524,-91.500106
 40.403399,-91.504773
 40.403856,-91.505889
 40.404436,-91.506779
 40.405433,-91.507348
 40.406724,-91.509022
 40.40848,-91.513892
 40.40866,-91.518034
 40.408954,-91.519793
 40.409779,-91.522593
 40.410792,-91.524578
 40.413472,-91.526445
 40.416445,-91.527014
 40.418275,-91.527014
 40.420039,-91.526434
 40.426148,-91.521649
 40.427806,-91.520662
 40.43082,-91.519171
 40.43171,-91.519032
 40.432625,-91.519107
 40.433409,-91.519686
 40.43367,-91.520104
 40.433531,-91.52549
 40.433858,-91.527915
 40.434242,-91.529009
 40.43505,-91.530447
 40.436651,-91.532604
 40.43781,-91.533483
 40.438561,-91.533612
 40.440913,-91.533451
 40.442448,-91.532153
 40.444743,-91.529224
 40.446776,-91.525952
 40.448311,-91.524192
 40.44956,-91.523505
 40.45045,-91.523237
 40.45227,-91.523087
 40.454091,-91.523355
 40.45645,-91.523956
 40.457618,-91.5249
 40.458581,-91.526155
 40.458981,-91.528097
 40.458948,-91.533505
 40.45836,-91.539062
 40.458156,-91.543847
 40.458262,-91.548654
 40.458777,-91.552699
 40.459503,-91.556797
 40.46116,-91.564329
 40.462262,-91.567622
 40.463585,-91.570712
 40.465927,-91.575058
 40.468376,-91.577793
 40.470947,-91.580282
 40.472808,-91.581484
 40.474701,-91.582417
 40.479206,-91.583362
 40.483825,-91.585261
 40.486836,-91.586688
 40.49072,-91.589262
 40.492181,-91.5907
 40.493837,-91.592771
 40.495053,-91.594788
 40.496937,-91.599584
 40.500054,-91.608371
 40.503211,-91.614261
 40.504908,-91.617061
 40.507037,-91.619378
 40.5099,-91.621245
 40.514272,-91.622329
 40.517005,-91.622179
 40.526082,-91.618853
 40.534033,-91.618037
 40.536756,-91.61837
 40.538827,-91.618938
 40.540865,-91.620151
 40.542194,-91.621792
 40.543442,-91.62499
 40.544445,-91.630708
 40.54504,-91.632961
 40.545586,-91.638315
 40.547143,-91.645782
 40.549181,-91.654354
 40.550975,-91.671199
 40.55298,-91.681423
 40.555132,-91.685264
 40.557007,-91.688118
 40.557667,-91.688923
 40.55999,-91.690822
 40.562199,-91.691562
 40.564644,-91.691562
 40.568556,-91.689996
 40.576763,-91.685758
 40.57902,-91.685447
 40.580878,-91.68638
 40.583437,-91.68889
 40.588008,-91.696132
 40.592766,-91.707387
 40.595006,-91.711915
 40.598615,-91.716861
 40.601792,-91.720262
 40.613439,-91.728973
 40.613627,-91.729413
 40.612698,-91.750785
 40.611623,-91.784946
 40.610972,-91.799526
 40.61032,-91.823698
 40.608047,-91.868631
 40.606142,-91.939377
 40.605579,-91.94561
 40.605441,-91.94914
 40.605115,-91.971112
 40.604431,-91.998482
 40.604317,-92.012054
 40.603225,-92.053446
 40.60303,-92.058434
 40.602843,-92.059604
 40.602647,-92.066427
 40.602737,-92.07
 40.602207,-92.081598
 40.602004,-92.096297
 40.601832,-92.097359
 40.601873,-92.112733
 40.60145,-92.126713
 40.600554,-92.178651
 40.600081,-92.196246
 40.599706,-92.2256
 40.599161,-92.245771
 40.599258,-92.250566
 40.598468,-92.2989
 40.597865,-92.327031
 40.597352,-92.342234
 40.597197,-92.355634
 40.59648,-92.378798
 40.59534,-92.437935
 40.595348,-92.461892
 40.594957,-92.48129
 40.595071,-92.485667
 40.59411,-92.512436
 40.592953,-92.558194
 40.591943,-92.588139
 40.589833,-92.686436
 40.589287,-92.722796
 40.589213,-92.741958
 40.588594,-92.781086
 40.588594,-92.827091
 40.588456,-92.828035
 40.588366,-92.856413
 40.588203,-92.8574
 40.588179,-92.863387
 40.588382,-92.876186
 40.588252,-92.885993
 40.587959,-92.890348
 40.587975,-92.907944
 40.5876,-92.941643
 40.587698,-92.943392
 40.587543,-92.945291
 40.586753,-92.992841
 40.586117,-93.020811
 40.582842,-93.136253
 40.582011,-93.183203
 40.581253,-93.240538
 40.580821,-93.259506
 40.580731,-93.30785
 40.580324,-93.363522
 40.580324,-93.36953
 40.580446,-93.370078
 40.580308,-93.371172
 40.580365,-93.376161
 40.580202,-93.379154
 40.580202,-93.385967
 40.58034,-93.387147
 40.580104,-93.398123
 40.579941,-93.43709
 40.580071,-93.467045
 40.580389,-93.485413
 40.580267,-93.501205
 40.580495,-93.524981
 40.580332,-93.531761
 40.580397,-93.546964
 40.579004,-93.623267
 40.5788,-93.625456
 40.577839,-93.694153
 40.577472,-93.743516
 40.57761,-93.752089
 40.577284,-93.815088
 40.577105,-93.816816
 40.576241,-93.88033
 40.575801,-93.899127
 40.574367,-93.987007
 40.574335,-93.999978
 40.57409,-94.003572
 40.573031,-94.071293
 40.573161,-94.079887
 40.572933,-94.090272
 40.5729,-94.119841
 40.571515,-94.272652
 40.571466,-94.282447
 40.571678,-94.291717
 40.571629,-94.29412
 40.571425,-94.295225
 40.571417,-94.297811
 40.571645,-94.31179
 40.571238,-94.373063
 40.571384,-94.375316
 40.571287,-94.383513
 40.571441,-94.389306
 40.571246,-94.41247
 40.571319,-94.422255
 40.57123,-94.429647
 40.571026,-94.433241
 40.570928,-94.457628
 40.571091,-94.460417
 40.571058,-94.468056
 40.57101,-94.470448
 40.570822,-94.471403
 40.570716,-94.4849
 40.570716,-94.488505
 40.570985,-94.489385
 40.570993,-94.490576
 40.570806,-94.542503
 40.570961,-94.593852
 40.571662,-94.665155
 40.57308,-94.769011
 40.573308,-94.796391
 40.573683,-94.814769
 40.574734,-94.89648
 40.575818,-94.96479
 40.575687,-94.99055
 40.57594,-95.000324
 40.576355,-95.039892
 40.576893,-95.069847
 40.577464,-95.128384
 40.578458,-95.201082
 40.5788,-95.220104
 40.579045,-95.223066
 40.578882,-95.224857
 40.579208,-95.248632
 40.579159,-95.26082
 40.579664,-95.31455
 40.580234,-95.353088
 40.580185,-95.361296
 40.580634,-95.375662
 40.581734,-95.488529
 40.583494,-95.611181
 40.584398,-95.648518
 40.584284,-95.688086
 40.584846,-95.726023
 40.585224,-95.765666
 40.582964,-95.768884
 40.57968,-95.772339
 40.578523,-95.773294
 40.577676,-95.77368
 40.573642,-95.774678
 40.570602,-95.773777
 40.566274,-95.771835
 40.557056,-95.76514
 40.553934,-95.763863
 40.552573,-95.763627
 40.550763,-95.763381
 40.548048,-95.763735
 40.54561,-95.764797
 40.542855,-95.76691
 40.540181,-95.768445
 40.53674,-95.769249
 40.534049,-95.768638
 40.531652,-95.766975
 40.528398,-95.762855
 40.525984,-95.757061
 40.524965,-95.753038
 40.524255,-95.748328
 40.523904,-95.741826
 40.523921,-95.737621
 40.524402,-95.734477
 40.525462,-95.73114
 40.527264,-95.726967
 40.527745,-95.725282
 40.528104,-95.722278
 40.527827,-95.718083
 40.527256,-95.714564
 40.526506,-95.713084
 40.524182,-95.710251
 40.521637,-95.70847
 40.528373,-95.69742
 40.528724,-95.697076
 40.532084,-95.695467
 40.532956,-95.695124
 40.533388,-95.695188
 40.537229,-95.697076
 40.541452,-95.697334
 40.545496,-95.696518
 40.550616,-95.694877
 40.555874,-95.694383
 40.556771,-95.69418
 40.557105,-95.693836
 40.560593,-95.687163
 40.562501,-95.678966
 40.562574,-95.671799
 40.557863,-95.666488
 40.556714,-95.665523
 40.550151,-95.662197
 40.549809,-95.661821
 40.546572,-95.65591
 40.544812,-95.655491
 40.541991,-95.653496
 40.538093,-95.652305
 40.533625,-95.653496
 40.523448,-95.655781
 40.517404,-95.661618
 40.514941,-95.668044
 40.508179,-95.691862
 40.506539,-95.695456
 40.505185,-95.699898
 40.499507,-95.696143
 40.497304,-95.695328
 40.494963,-95.694855
 40.492238,-95.694641
 40.489496,-95.694716
 40.483001,-95.696003
 40.481222,-95.69654
 40.478692,-95.696733
 40.475966,-95.696368
 40.471298,-95.694544
 40.469331,-95.693021
 40.465348,-95.687721
 40.463315,-95.684255
 40.460075,-95.677035
 40.457209,-95.672357
 40.453307,-95.66754
 40.449625,-95.66401
 40.444383,-95.659665
 40.442309,-95.65841
 40.438684,-95.656564
 40.436977,-95.655931
 40.435622,-95.655663
 40.43242,-95.655663
 40.429905,-95.655963
 40.427676,-95.656639
 40.421975,-95.659504
 40.41803,-95.660909
 40.415783,-95.661392
 40.412287,-95.660545
 40.408374,-95.658892
 40.396119,-95.649408
 40.391061,-95.646243
 40.386844,-95.643958
 40.3819,-95.642767
 40.378345,-95.642155
 40.376064,-95.642327
 40.374724,-95.64267
 40.369967,-95.642424
 40.36646,-95.64104
 40.362651,-95.63825
 40.361539,-95.637177
 40.35728,-95.631469
 40.354949,-95.628852
 40.35275,-95.627103
 40.349087,-95.624775
 40.346601,-95.623734
 40.342635,-95.622758
 40.340812,-95.622736
 40.338391,-95.623176
 40.33611,-95.624077
 40.33431,-95.625215
 40.33476,-95.625601
 40.332168,-95.628047
 40.331023,-95.629914
 40.32933,-95.633744
 40.327481,-95.640321
 40.326491,-95.644956
 40.325559,-95.647885
 40.322467,-95.653839
 40.319318,-95.656661
 40.316193,-95.657637
 40.313133,-95.658002
 40.312274,-95.657852
 40.310957,-95.657347
 40.309435,-95.656039
 40.308053,-95.654461
 40.306858,-95.651919
 40.305884,-95.646554
 40.305754,-95.644795
 40.306007,-95.642413
 40.307717,-95.636212
 40.312626,-95.622532
 40.313755,-95.617801
 40.314156,-95.615462
 40.314221,-95.613585
 40.313984,-95.610591
 40.313583,-95.608252
 40.3131,-95.606664
 40.309967,-95.599004
 40.303184,-95.590099
 40.301581,-95.58717
 40.299789,-95.58231
 40.299568,-95.581237
 40.299437,-95.571012
 40.299167,-95.568459
 40.298316,-95.565037
 40.297391,-95.562279
 40.295779,-95.558782
 40.293161,-95.555423
 40.291008,-95.553192
 40.288561,-95.551593
 40.285787,-95.55096
 40.283954,-95.55095
 40.281236,-95.551454
 40.278363,-95.552709
 40.274516,-95.554672
 40.271185,-95.556099
 40.270391,-95.556282
 40.268098,-95.556325
 40.267214,-95.556089
 40.263342,-95.554233
 40.261271,-95.55169
 40.259126,-95.54727
 40.255859,-95.537345
 40.252166,-95.52946
 40.251167,-95.526241
 40.249963,-95.523784
 40.249521,-95.522089
 40.24889,-95.518581
 40.248506,-95.515201
 40.248768,-95.509311
 40.249619,-95.500149
 40.249374,-95.494741
 40.248948,-95.490364
 40.247752,-95.485826
 40.246524,-95.483294
 40.244919,-95.480493
 40.242306,-95.477146
 40.239964,-95.475258
 40.236131,-95.472597
 40.230996,-95.470419
 40.229505,-95.469958
 40.227981,-95.469732
 40.221575,-95.470065
 40.219175,-95.470719
 40.216996,-95.471556
 40.213604,-95.473391
 40.211048,-95.475483
 40.208508,-95.478036
 40.20437,-95.480622
 40.20292,-95.481384
 40.200453,-95.482349
 40.196798,-95.482757
 40.194872,-95.482768
 40.192135,-95.482478
 40.188455,-95.480965
 40.185341,-95.478981
 40.183734,-95.477822
 40.181824,-95.476148
 40.176635,-95.470719
 40.171348,-95.464025
 40.16947,-95.461181
 40.166699,-95.455227
 40.164633,-95.447127
 40.163207,-95.442706
 40.162247,-95.440657
 40.161673,-95.439831
 40.16073,-95.438522
 40.158927,-95.436569
 40.156016,-95.434831
 40.152924,-95.433834
 40.149734,-95.433394
 40.14606,-95.433351
 40.143149,-95.432825
 40.141804,-95.432417
 40.13831,-95.430948
 40.13717,-95.430175
 40.135554,-95.428694
 40.132798,-95.4248
 40.131338,-95.421742
 40.130993,-95.420637
 40.130558,-95.418931
 40.130255,-95.41656
 40.130058,-95.409833
 40.129787,-95.407451
 40.129016,-95.404415
 40.127384,-95.400478
 40.126309,-95.398536
 40.124923,-95.396959
 40.122519,-95.395199
 40.119377,-95.393407
 40.115734,-95.392839
 40.112977,-95.392817
 40.111369,-95.393032
 40.108308,-95.394191
 40.105099,-95.397259
 40.103368,-95.399941
 40.102744,-95.399834
 40.102342,-95.399555
 40.098066,-95.396057
 40.097188,-95.395682
 40.095826,-95.395478
 40.094554,-95.395532
 40.093216,-95.395929
 40.090434,-95.399051
 40.089572,-95.399308
 40.088652,-95.399158
 40.08825,-95.398922
 40.086576,-95.397012
 40.085106,-95.395768
 40.084688,-95.395521
 40.083333,-95.395306
 40.082036,-95.395521
 40.080551,-95.393718
 40.079705,-95.393279
 40.078851,-95.393515
 40.075477,-95.396229
 40.074623,-95.39668
 40.071422,-95.396841
 40.069985,-95.398278
 40.067653,-95.401518
 40.066594,-95.405241
 40.066257,-95.408589
 40.0662,-95.410992
 40.065937,-95.412751
 40.065321,-95.415015
 40.064024,-95.418148
 40.062636,-95.420519
 40.061799,-95.420905
 40.05913,-95.421592
 40.057758,-95.421571
 40.053225,-95.420648
 40.050269,-95.419929
 40.047608,-95.418974
 40.043288,-95.416861
 40.040273,-95.415037
 40.03831,-95.413481
 40.036511,-95.411603
 40.03325,-95.407441
 40.032371,-95.405434
 40.030375,-95.402216
 40.028009,-95.395703
 40.026998,-95.390993
 40.026776,-95.387399
 40.027039,-95.38565
 40.027146,-95.382872
 40.027976,-95.379642
 40.028765,-95.375565
 40.029438,-95.373344
 40.030424,-95.369053
 40.031492,-95.363828
 40.031665,-95.359107
 40.031558,-95.357305
 40.030243,-95.351565
 40.029331,-95.348883
 40.028099,-95.346372
 40.024427,-95.341887
 40.019357,-95.336523
 40.018026,-95.33412
 40.015643,-95.328466
 40.014444,-95.324035
 40.013269,-95.31823
 40.012151,-95.315462
 40.009201,-95.312083
 40.004574,-95.309401
 40.002068,-95.308456
 40.000227,-95.308306
 39.998912,-95.308156
 39.993627,-95.308381
 39.990454,-95.307716
 39.989147,-95.307115
 39.988407,-95.306515
 39.984971,-95.303135
 39.983615,-95.301526
 39.982447,-95.298951
 39.980532,-95.295593
 39.977852,-95.290035
 39.97606,-95.285625
 39.972146,-95.274843
 39.971159,-95.27259
 39.969679,-95.270294
 39.965543,-95.266153
 39.960766,-95.261968
 39.954458,-95.257237
 39.952336,-95.25492
 39.948816,-95.250478
 39.946217,-95.244802
 39.945205,-95.242109
 39.944012,-95.237195
 39.943782,-95.23122
 39.944407,-95.220083
 39.943955,-95.216457
 39.942951,-95.213163
 39.940804,-95.208571
 39.939932,-95.206093
 39.938756,-95.204279
 39.934322,-95.201361
 39.93113,-95.20075
 39.928374,-95.200685
 39.925354,-95.201147
 39.922211,-95.202101
 39.91618,-95.205374
 39.914847,-95.205835
 39.912106,-95.206318
 39.910271,-95.206275
 39.909415,-95.206146
 39.908107,-95.205599
 39.906164,-95.203979
 39.903975,-95.20179
 39.902691,-95.199291
 39.901276,-95.195621
 39.900642,-95.193561
 39.900197,-95.191233
 39.899967,-95.189463
 39.900025,-95.180311
 39.900403,-95.17735
 39.901276,-95.174367
 39.903152,-95.169336
 39.90563,-95.163703
 39.906938,-95.159948
 39.907243,-95.157598
 39.90716,-95.155195
 39.906897,-95.153425
 39.905827,-95.14938
 39.905144,-95.147814
 39.904033,-95.145904
 39.901819,-95.14378
 39.900132,-95.14305
 39.89786,-95.142567
 39.895555,-95.14246
 39.890731,-95.143254
 39.889348,-95.143393
 39.887982,-95.143275
 39.884854,-95.142288
 39.883396,-95.141644
 39.881923,-95.140754
 39.880375,-95.139445
 39.878325,-95.137042
 39.877131,-95.135196
 39.876143,-95.133179
 39.874175,-95.128169
 39.872215,-95.120788
 39.869169,-95.10596
 39.867678,-95.101572
 39.863585,-95.091498
 39.862622,-95.088118
 39.861856,-95.084535
 39.861724,-95.081531
 39.86198,-95.076145
 39.863347,-95.060695
 39.864401,-95.052112
 39.864804,-95.042295
 39.865471,-95.038186
 39.866805,-95.035053
 39.868419,-95.031942
 39.870214,-95.029238
 39.871705,-95.027833
 39.874702,-95.026245
 39.876769,-95.025419
 39.879058,-95.02514
 39.884409,-95.025955
 39.887076,-95.025891
 39.889785,-95.025183
 39.891851,-95.023874
 39.893835,-95.022029
 39.896238,-95.020097
 39.897259,-95.018885
 39.898131,-95.01749
 39.898905,-95.015999
 39.899893,-95.013295
 39.90056,-95.008746
 39.900551,-95.005141
 39.90023,-95.002781
 39.899119,-94.997792
 39.897061,-94.990475
 39.896395,-94.986795
 39.896889,-94.98142
 39.897448,-94.97789
 39.90116,-94.963149
 39.901646,-94.95949
 39.901399,-94.955907
 39.900527,-94.95153
 39.899004,-94.946508
 39.898148,-94.943912
 39.896386,-94.939835
 39.894576,-94.936359
 39.89339,-94.934546
 39.888879,-94.929696
 39.885981,-94.927872
 39.884129,-94.9274
 39.880449,-94.92725
 39.877732,-94.927872
 39.876415,-94.928441
 39.873368,-94.930673
 39.870643,-94.933881
 39.867085,-94.938644
 39.865554,-94.939964
 39.863025,-94.941466
 39.86086,-94.942453
 39.858364,-94.942732
 39.856091,-94.942367
 39.853142,-94.940672
 39.85194,-94.93976
 39.849798,-94.937646
 39.848316,-94.93534
 39.841174,-94.925931
 39.83965,-94.923677
 39.836412,-94.917669
 39.834657,-94.911479
 39.833965,-94.905117
 39.833908,-94.902112
 39.834402,-94.897102
 39.834386,-94.892896
 39.834213,-94.890515
 39.834015,-94.889463
 39.833092,-94.886942
 39.831691,-94.88456
 39.828346,-94.88044
 39.826097,-94.878359
 39.824292,-94.877254
 39.822504,-94.876685
 39.821137,-94.876438
 39.820247,-94.876513
 39.812962,-94.875966
 39.807283,-94.876267
 39.803739,-94.877586
 39.797269,-94.881041
 39.795744,-94.882371
 39.794054,-94.884367
 39.793938,-94.884903
 39.793114,-94.886341
 39.791482,-94.890397
 39.790905,-94.893304
 39.790394,-94.899763
 39.790262,-94.904526
 39.790163,-94.913721
 39.790278,-94.919118
 39.79013,-94.922293
 39.7898,-94.925276
 39.789,-94.928076
 39.788011,-94.930104
 39.786247,-94.932743
 39.784903,-94.934149
 39.783312,-94.935136
 39.781539,-94.935554
 39.779239,-94.935769
 39.775569,-94.935265
 39.774052,-94.934632
 39.773129,-94.93461
 39.772015,-94.932979
 39.770679,-94.931563
 39.769401,-94.929836
 39.768676,-94.92916
 39.766482,-94.92622
 39.763018,-94.920738
 39.760989,-94.916875
 39.760148,-94.914762
 39.759422,-94.912562
 39.759183,-94.910964
 39.759579,-94.905138
 39.759934,-94.903432
 39.761328,-94.89899
 39.76362,-94.894559
 39.765072,-94.892253
 39.764734,-94.891684
 39.77058,-94.883358
 39.770993,-94.882286
 39.771504,-94.879979
 39.771372,-94.880558
 39.771554,-94.880612
 39.77171,-94.880279
 39.771644,-94.880097
 39.771842,-94.8797
 39.77162,-94.8794
 39.771925,-94.879121
 39.771751,-94.87882
 39.771999,-94.87852
 39.771883,-94.878252
 39.772048,-94.878048
 39.772049,-94.877525
 39.772131,-94.877737
 39.772097,-94.877456
 39.772312,-94.876556
 39.772972,-94.87101
 39.772898,-94.869808
 39.772716,-94.869272
 39.771727,-94.867244
 39.769979,-94.865152
 39.767166,-94.86307
 39.763092,-94.86071
 39.753913,-94.85909
 39.749887,-94.860249
 39.747371,-94.861214
 39.744641,-94.861729
 39.742438,-94.86262
 39.739567,-94.864841
 39.73866,-94.865055
 39.736317,-94.867448
 39.734535,-94.870205
 39.730822,-94.875183
 39.730261,-94.876138
 39.727678,-94.881889
 39.726539,-94.885161
 39.724939,-94.891598
 39.724064,-94.899935
 39.724245,-94.902703
 39.725681,-94.909666
 39.726663,-94.912949
 39.728313,-94.917251
 39.73479,-94.929053
 39.740021,-94.936627
 39.742628,-94.941348
 39.743379,-94.941938
 39.743799,-94.943622
 39.744525,-94.945167
 39.745425,-94.947935
 39.745796,-94.950285
 39.745961,-94.952677
 39.74568,-94.955242
 39.744451,-94.957752
 39.743032,-94.960123
 39.740211,-94.964136
 39.738742,-94.965595
 39.732769,-94.969972
 39.730962,-94.970841
 39.729147,-94.971217
 39.725912,-94.971324
 39.723296,-94.971088
 39.707368,-94.968449
 39.692865,-94.969007
 39.691032,-94.969286
 39.689067,-94.969908
 39.686904,-94.970927
 39.681661,-94.975927
 39.679828,-94.978995
 39.678655,-94.98157
 39.677805,-94.98436
 39.677128,-94.988211
 39.676574,-94.993565
 39.676401,-94.99776
 39.676574,-95.000399
 39.676038,-95.006965
 39.675187,-95.011911
 39.674419,-95.014744
 39.673792,-95.016353
 39.672545,-95.018789
 39.668531,-95.024507
 39.665616,-95.027479
 39.663088,-95.029474
 39.662031,-95.030644
 39.66033,-95.031556
 39.657009,-95.034356
 39.65302,-95.037392
 39.649583,-95.03913
 39.644181,-95.044688
 39.6381,-95.049344
 39.630358,-95.053357
 39.62759,-95.054312
 39.624854,-95.054923
 39.62183,-95.055127
 39.619979,-95.054934
 39.616805,-95.054086
 39.614127,-95.053099
 39.61216,-95.051994
 39.608556,-95.04928
 39.606465,-95.048014
 39.603142,-95.046812
 39.601315,-95.046437
 39.599464,-95.046372
 39.596438,-95.046769
 39.591056,-95.04855
 39.587666,-95.050524
 39.582936,-95.05443
 39.580447,-95.057112
 39.579157,-95.059494
 39.577561,-95.063163
 39.576577,-95.066789
 39.576247,-95.06915
 39.576139,-95.071553
 39.576429,-95.075136
 39.576941,-95.077207
 39.580621,-95.087582
 39.580985,-95.08932
 39.581101,-95.091723
 39.580621,-95.095768
 39.579654,-95.099158
 39.578794,-95.101293
 39.577752,-95.103267
 39.576825,-95.104619
 39.575436,-95.106207
 39.57341,-95.107613
 39.55949,-95.112956
 39.558126,-95.113288
 39.554974,-95.113599
 39.553634,-95.113481
 39.551814,-95.11302
 39.544327,-95.110263
 39.540323,-95.108278
 39.537965,-95.106786
 39.5353,-95.104727
 39.532297,-95.101905
 39.52422,-95.092657
 39.519875,-95.086949
 39.516631,-95.082572
 39.513519,-95.077347
 39.510688,-95.070845
 39.506541,-95.059451
 39.50409,-95.056071
 39.50246,-95.054312
 39.49933,-95.051694
 39.498097,-95.050846
 39.497219,-95.050482
 39.492045,-95.049248
 39.489743,-95.048872
 39.488832,-95.048743
 39.485363,-95.048754
 39.480734,-95.048389
 39.47738,-95.047596
 39.471301,-95.044667
 39.468783,-95.042789
 39.46634,-95.040708
 39.463632,-95.037414
 39.460906,-95.033444
 39.458289,-95.028466
 39.45553,-95.0222
 39.453004,-95.01543
 39.451073,-95.007652
 39.450228,-95.003597
 39.449698,-95.000056
 39.447287,-94.9929
 39.445945,-94.989756
 39.444727,-94.987653
 39.442706,-94.9848
 39.440328,-94.981946
 39.438389,-94.980304
 39.43635,-94.978877
 39.43413,-94.978019
 39.428611,-94.977139
 39.426937,-94.976667
 39.424417,-94.975165
 39.421682,-94.972912
 39.420679,-94.971657
 39.418491,-94.968352
 39.417348,-94.965917
 39.416552,-94.963889
 39.415193,-94.958782
 39.413899,-94.955006
 39.413419,-94.954019
 39.411678,-94.951208
 39.408752,-94.94801
 39.407086,-94.946959
 39.40532,-94.946272
 39.403463,-94.946219
 39.400545,-94.946702
 39.395454,-94.946165
 39.393796,-94.945532
 39.391823,-94.944234
 39.389824,-94.942346
 39.389161,-94.941519
 39.386599,-94.93726
 39.385612,-94.933891
 39.385081,-94.930683
 39.384891,-94.923474
 39.385197,-94.919118
 39.386284,-94.916028
 39.391027,-94.905986
 39.392809,-94.901769
 39.393323,-94.900117
 39.393572,-94.898304
 39.393556,-94.89472
 39.393282,-94.891748
 39.392453,-94.889055
 39.391474,-94.887081
 39.389791,-94.885032
 39.386151,-94.88235
 39.384136,-94.881116
 39.379724,-94.879292
 39.377411,-94.879056
 39.375976,-94.879078
 39.37241,-94.880344
 39.370261,-94.88147
 39.367674,-94.883605
 39.366629,-94.884796
 39.3656,-94.886802
 39.363949,-94.89089
 39.361594,-94.899827
 39.36127,-94.900825
 39.360482,-94.902306
 39.358027,-94.905642
 39.355928,-94.908003
 39.354327,-94.909215
 39.35212,-94.910116
 39.348652,-94.91062
 39.344943,-94.910352
 39.343159,-94.909912
 39.340612,-94.909623
 39.338322,-94.909108
 39.323617,-94.907928
 39.317334,-94.906758
 39.314694,-94.906114
 39.308053,-94.903722
 39.301976,-94.900728
 39.298365,-94.898443
 39.292685,-94.893218
 39.288758,-94.889066
 39.284731,-94.884324
 39.282281,-94.880494
 39.279781,-94.873788
 39.278137,-94.868177
 39.274208,-94.857974
 39.272215,-94.853586
 39.268344,-94.846087
 39.266351,-94.842932
 39.262206,-94.8376
 39.25826,-94.833244
 39.256823,-94.831871
 39.255228,-94.830626
 39.25276,-94.828942
 39.249736,-94.827429
 39.244394,-94.826066
 39.241635,-94.82568
 39.239499,-94.82582
 39.238585,-94.826034
 39.235876,-94.826914
 39.234131,-94.827729
 39.229918,-94.830337
 39.226452,-94.83333
 39.224216,-94.834703
 39.223435,-94.834993
 39.222504,-94.835036
 39.221116,-94.834832
 39.218473,-94.833759
 39.217634,-94.833266
 39.215788,-94.831463
 39.211499,-94.825004
 39.209595,-94.821764
 39.208564,-94.819071
 39.206918,-94.811604
 39.206478,-94.808396
 39.206154,-94.802399
 39.206478,-94.797603
 39.207002,-94.793826
 39.207517,-94.791681
 39.207858,-94.787217
 39.20765,-94.784846
 39.206985,-94.782615
 39.203693,-94.778044
 39.201356,-94.77607
 39.198796,-94.774654
 39.197124,-94.773527
 39.191371,-94.77107
 39.189001,-94.769729
 39.18476,-94.767004
 39.180194,-94.763045
 39.173432,-94.752671
 39.172825,-94.751061
 39.170113,-94.74118
 39.169215,-94.735901
 39.169016,-94.723692
 39.170396,-94.714251
 39.173632,-94.707084
 39.17389,-94.705356
 39.178847,-94.696527
 39.181824,-94.691838
 39.183229,-94.688759
 39.183703,-94.687064
 39.184211,-94.682311
 39.184294,-94.680508
 39.184128,-94.677955
 39.18352,-94.673824
 39.182273,-94.669361
 39.181466,-94.667333
 39.180344,-94.665252
 39.1773,-94.66154
 39.17448,-94.659426
 39.174064,-94.65919
 39.173599,-94.659179
 39.169997,-94.659362
 39.167818,-94.66037
 39.162902,-94.661368
 39.162444,-94.661261
 39.158052,-94.659308
 39.157686,-94.658965
 39.155672,-94.655714
 39.154092,-94.650446
 39.153726,-94.640189
 39.154067,-94.635812
 39.156696,-94.62371
 39.16019,-94.615223
 39.160888,-94.6109
 39.16103,-94.608518
 39.160755,-94.606147
 39.159765,-94.602327
 39.158143,-94.597349
 39.156679,-94.593594
 39.154899,-94.59088
 39.154533,-94.590536
 39.151105,-94.58867
 39.148792,-94.588401
 39.143051,-94.588948
 39.140288,-94.589485
 39.138282,-94.590214
 39.136626,-94.591309
 39.125516,-94.602853
 39.12341,-94.604677
 39.120422,-94.606522
 39.119057,-94.606973
 39.113488,-94.607338
 39.101358,-94.607134
 39.08199,-94.607338
 39.073919,-94.60723
 39.07252,-94.607338
 39.065856,-94.60723
 39.047386,-94.607338
 38.987635,-94.608003
 38.97957,-94.608454
 38.972889,-94.608196
 38.96388,-94.608099
 38.938724,-94.608239
 38.937364,-94.607896
 38.933442,-94.608046
 38.848532,-94.608035
 38.827071,-94.607638
 38.811356,-94.608024
 38.810528,-94.608175
 38.770882,-94.608539
 38.738151,-94.609076
 38.730527,-94.609355
 38.677671,-94.610492
 38.648986,-94.610932
 38.635252,-94.611286
 38.634447,-94.611586
 38.624649,-94.611479
 38.60702,-94.611897
 38.577502,-94.611801
 38.565616,-94.612166
 38.547821,-94.612101
 38.546445,-94.612273
 38.500624,-94.612423
 38.485307,-94.612852
 38.483426,-94.612874
 38.482561,-94.612713
 38.476279,-94.613045
 38.457151,-94.613367
 38.445724,-94.613239
 38.424613,-94.613453
 38.370598,-94.61311
 38.35967,-94.613239
 38.315464,-94.612681
 38.297279,-94.612681
 38.290113,-94.612852
 38.285406,-94.612691
 38.221291,-94.612466
 38.219647,-94.612659
 38.215888,-94.61253
 38.204026,-94.612681
 38.202871,-94.612895
 38.191379,-94.612831
 38.189498,-94.613056
 38.186834,-94.613024
 38.185113,-94.613196
 38.181808,-94.613088
 38.168313,-94.613475
 38.161227,-94.613432
 38.150083,-94.61385
 38.148775,-94.613603
 38.132801,-94.613711
 38.127138,-94.613936
 38.125113,-94.613754
 38.105453,-94.613732
 38.062698,-94.614118
 38.002115,-94.614011
 37.992984,-94.61429
 37.987783,-94.614097
 37.973948,-94.61414
 37.970295,-94.614558
 37.944477,-94.614612
 37.907299,-94.615384
 37.905978,-94.61517
 37.88996,-94.615663
 37.878918,-94.615717
 37.878012,-94.61591
 37.872618,-94.615835
 37.845647,-94.616414
 37.839818,-94.61635
 37.837928,-94.616511
 37.817251,-94.616994
 37.77811,-94.617637
 37.721238,-94.617895
 37.690273,-94.617895
 37.687429,-94.617659
 37.682538,-94.617949
 37.678259,-94.617788
 37.666701,-94.617831
 37.636197,-94.617487
 37.624633,-94.617637
 37.611512,-94.617316
 37.609141,-94.617423
 37.579685,-94.617348
 37.571462,-94.617037
 37.550566,-94.617208
 37.522048,-94.616758
 37.521112,-94.616865
 37.501283,-94.616725
 37.463422,-94.617208
 37.448969,-94.61709
 37.445025,-94.617294
 37.431361,-94.617219
 37.405346,-94.617476
 37.360129,-94.617562
 37.339797,-94.617766
 37.326762,-94.617659
 37.292287,-94.617981
 37.243175,-94.618024
 37.237777,-94.618152
 37.233472,-94.618152
 37.232045,-94.617981
 37.231114,-94.61812
 37.224733,-94.618195
 37.211054,-94.618109
 37.195604,-94.618313
 37.161069,-94.618442
 37.142461,-94.618045
 37.138159,-94.617809
 37.120154,-94.618152
 37.065194,-94.617873
 37.045107,-94.617916
 37.043677,-94.618067
 37.007651,-94.617895
 36.999811,-94.617938
 36.998791,-94.618163
 36.998251,-94.618002
 36.991996,-94.61797
 36.971075,-94.618217
 36.970184,-94.618517
 36.968761,-94.618517
 36.967552,-94.619311
 36.966704,-94.61959
 36.966232,-94.619526
 36.965075,-94.618506
 36.964629,-94.618313
 36.961277,-94.618024
 36.902274,-94.618024
 36.896851,-94.618077
 36.893016,-94.618345
 36.880376,-94.618657
 36.879664,-94.618453
 36.87448,-94.618281
 36.81437,-94.618474
 36.780142,-94.618195
 36.748926,-94.618453
 36.737096,-94.61826
 36.660411,-94.618041
 36.622686,-94.617749
 36.585579,-94.617822
 36.568649,-94.6179
 36.548914,-94.61784
 36.529433,-94.617989
 36.513982,-94.617869
 36.499425,-94.617922
 36.499469,-94.617755
 36.499494,-94.559358
 36.499007,-94.499218
 36.499486,-94.41556
 36.499339,-94.386034
 36.499676,-94.374849
 36.499598,-94.361604
 36.499757,-94.354722
 36.49963,-94.353684
 36.499503,-94.346638
 36.498589,-94.110518
 36.498856,-94.023829
 36.498718,-93.997478
 36.498727,-93.868217
 36.499158,-93.759556
 36.499158,-93.75034
 36.498934,-93.747368
 36.499305,-93.711845
 36.499201,-93.70706
 36.498753,-93.706416
 36.49871,-93.705214
 36.499124,-93.699045
 36.499141,-93.68926
 36.498986,-93.671064
 36.498899,-93.600769
 36.498934,-93.491507
 36.49852,-93.431736
 36.498934,-93.426189
 36.498934,-93.423786
 36.498779,-93.395097
 36.49852,-93.393767
 36.498727,-93.391417
 36.498606,-93.386621
 36.49871,-93.375034
 36.498356,-93.361849
 36.49852,-93.329877
 36.49814,-93.315725
 36.498434,-93.25779
 36.498399,-93.241396
 36.498123,-93.22423
 36.498296,-93.20406
 36.497959,-93.136339
 36.498097,-93.089937
 36.497959,-93.088778
 36.498175,-93.069713
 36.498002,-93.068619
 36.497907,-93.047247
 36.498089,-93.012486
 36.497882,-92.989912
 36.497951,-92.875671
 36.497856,-92.814732
 36.497649,-92.79056
 36.497666,-92.772589
 36.497882,-92.763405
 36.497882,-92.742033
 36.498054,-92.732248
 36.498244,-92.563848
 36.498727,-92.514925
 36.498511,-92.496128
 36.498675,-92.461967
 36.498572,-92.448395
 36.497916,-92.420425
 36.497838,-92.385031
 36.497554,-92.383078
 36.497209,-92.375278
 36.497355,-92.361106
 36.497778,-92.35013
 36.497726,-92.314124
 36.497882,-92.30876
 36.498917,-92.09384
 36.49871,-92.071266
 36.498641,-92.029606
 36.498425,-92.028522
 36.498347,-92.019929
 36.498546,-92.001089
 36.498365,-91.998568
 36.498865,-91.835146
 36.499072,-91.80635
 36.498968,-91.79841
 36.499296,-91.755667
 36.49921,-91.726484
 36.4994,-91.7167
 36.499331,-91.687936
 36.499451,-91.668978
 36.49921,-91.631802
 36.499339,-91.628809
 36.499313,-91.610409
 36.499563,-91.607437
 36.499546,-91.602309
 36.499313,-91.600624
 36.499184,-91.597019
 36.499331,-91.59585
 36.499227,-91.539642
 36.499003,-91.534127
 36.499072,-91.527132
 36.49883,-91.501168
 36.497519,-91.447374
 36.49764,-91.446236
 36.49714,-91.421871
 36.497097,-91.409072
 36.497666,-91.235104
 36.497485,-91.218528
 36.497468,-91.161203
 36.497864,-91.110048
 36.498054,-91.01896
 36.498261,-91.009798
 36.498451,-90.954866
 36.498416,-90.877286
 36.498089,-90.873746
 36.498554,-90.849981
 36.498692,-90.819426
 36.498416,-90.759687
 36.498658,-90.749903
 36.498658,-90.728531
 36.498278,-90.704155
 36.498503,-90.697374
 36.498563,-90.675402
 36.498425,-90.621661
 36.498554,-90.613689
 36.498468,-90.577716
 36.498589,-90.563135
 36.498313,-90.359802
 36.498209,-90.340608
 36.498037,-90.339632
 36.498123,-90.322638
 36.497916,-90.310439
 36.497795,-90.249338
 36.497968,-90.153841
 36.49792,-90.152317
 36.497224,-90.153272
 36.496976,-90.154012
 36.496735,-90.154485
 36.496338,-90.154635
 36.493871,-90.153154
 36.493405,-90.153133
 36.49306,-90.153487
 36.492517,-90.154753
 36.492965,-90.155718
 36.494009,-90.156941
 36.494207,-90.157456
 36.494354,-90.159248
 36.494276,-90.159827
 36.493914,-90.160031
 36.49344,-90.16001
 36.493009,-90.159774
 36.491663,-90.158647
 36.490662,-90.156587
 36.490343,-90.156265
 36.488894,-90.156158
 36.487954,-90.156394
 36.4876,-90.156738
 36.487497,-90.159591
 36.48716,-90.159999
 36.486712,-90.160192
 36.486237,-90.160257
 36.485797,-90.160053
 36.485444,-90.159656
 36.484814,-90.158765
 36.484305,-90.15721
 36.483865,-90.157328
 36.482433,-90.158197
 36.481364,-90.159388
 36.480941,-90.159613
 36.480001,-90.159484
 36.479647,-90.159109
 36.478836,-90.157628
 36.478465,-90.155289
 36.476489,-90.149549
 36.476144,-90.147811
 36.476472,-90.146073
 36.476162,-90.144335
 36.475894,-90.143842
 36.475118,-90.143187
 36.474635,-90.143101
 36.473763,-90.143241
 36.472193,-90.1425
 36.471244,-90.142404
 36.470304,-90.142651
 36.469726,-90.143423
 36.469285,-90.144475
 36.468949,-90.146223
 36.468966,-90.146803
 36.469199,-90.147296
 36.470355,-90.149195
 36.470502,-90.150365
 36.470027,-90.151867
 36.470813,-90.152478
 36.47083,-90.152907
 36.470433,-90.153165
 36.468984,-90.153326
 36.468078,-90.15368
 36.467094,-90.155053
 36.46674,-90.155439
 36.466292,-90.155643
 36.463669,-90.155772
 36.463496,-90.155332
 36.463651,-90.154152
 36.464031,-90.153229
 36.46523,-90.151362
 36.465403,-90.150912
 36.465386,-90.150268
 36.464738,-90.14942
 36.463565,-90.148401
 36.462866,-90.146835
 36.462737,-90.145065
 36.462909,-90.14455
 36.464221,-90.143884
 36.464695,-90.143895
 36.467034,-90.144753
 36.4675,-90.144593
 36.46781,-90.144174
 36.467931,-90.143605
 36.467879,-90.142629
 36.467103,-90.142286
 36.466611,-90.141277
 36.466248,-90.140923
 36.46473,-90.140398
 36.463772,-90.140451
 36.460545,-90.141664
 36.459604,-90.141492
 36.458267,-90.140784
 36.457111,-90.139722
 36.455022,-90.136889
 36.454599,-90.135827
 36.454358,-90.134668
 36.45409,-90.134186
 36.453659,-90.133971
 36.453184,-90.134057
 36.45277,-90.134336
 36.450759,-90.136921
 36.450354,-90.1372
 36.449879,-90.1372
 36.448041,-90.13617
 36.446427,-90.136471
 36.444088,-90.135806
 36.442716,-90.136278
 36.442267,-90.136138
 36.440653,-90.13484
 36.439755,-90.1344
 36.438417,-90.134057
 36.437451,-90.134078
 36.436027,-90.134411
 36.435353,-90.135216
 36.435215,-90.135784
 36.435138,-90.138713
 36.434758,-90.138853
 36.434033,-90.138112
 36.432652,-90.137608
 36.432177,-90.137608
 36.431728,-90.137812
 36.4314,-90.13823
 36.431184,-90.139378
 36.431486,-90.141116
 36.431452,-90.141717
 36.431331,-90.142286
 36.430865,-90.142972
 36.429786,-90.143455
 36.425979,-90.144249
 36.425029,-90.144163
 36.424209,-90.143552
 36.42288,-90.141492
 36.421826,-90.140258
 36.421386,-90.139196
 36.421153,-90.138284
 36.421205,-90.137705
 36.421602,-90.137061
 36.422422,-90.136439
 36.423009,-90.135494
 36.423104,-90.134937
 36.422897,-90.134432
 36.422474,-90.13425
 36.421524,-90.134786
 36.419133,-90.135409
 36.417734,-90.134969
 36.416793,-90.135065
 36.415196,-90.136406
 36.414945,-90.136889
 36.414764,-90.138059
 36.414496,-90.138531
 36.414065,-90.138692
 36.413676,-90.138391
 36.413452,-90.137866
 36.413288,-90.136696
 36.413745,-90.134368
 36.415066,-90.130913
 36.416508,-90.129336
 36.416724,-90.128821
 36.416689,-90.127641
 36.41618,-90.126675
 36.415722,-90.12659
 36.414833,-90.127019
 36.412467,-90.128692
 36.411915,-90.128843
 36.411492,-90.128649
 36.411051,-90.126976
 36.410792,-90.122201
 36.411017,-90.121064
 36.412269,-90.119659
 36.412303,-90.118704
 36.411414,-90.118597
 36.410482,-90.118843
 36.409989,-90.1188
 36.409566,-90.118564
 36.408971,-90.116966
 36.408029,-90.115646
 36.40815,-90.115131
 36.409471,-90.114487
 36.40967,-90.114015
 36.409445,-90.113554
 36.408496,-90.113457
 36.408038,-90.113618
 36.406915,-90.115507
 36.406501,-90.115786
 36.406043,-90.115753
 36.405845,-90.115281
 36.405931,-90.114691
 36.406605,-90.113103
 36.407718,-90.111151
 36.407684,-90.110614
 36.407287,-90.110389
 36.404904,-90.110818
 36.404463,-90.110625
 36.404144,-90.110196
 36.403764,-90.109187
 36.403798,-90.108093
 36.405404,-90.104992
 36.405456,-90.104434
 36.40518,-90.103952
 36.403202,-90.102782
 36.402088,-90.101677
 36.40208,-90.10113
 36.403729,-90.099156
 36.403997,-90.098308
 36.403427,-90.096935
 36.403401,-90.096345
 36.403695,-90.094993
 36.403556,-90.092686
 36.402417,-90.088878
 36.402037,-90.086303
 36.400577,-90.084007
 36.401251,-90.082494
 36.401026,-90.081335
 36.400223,-90.079855
 36.399524,-90.079029
 36.398617,-90.078642
 36.3967,-90.078342
 36.39632,-90.078127
 36.394938,-90.075917
 36.393038,-90.074168
 36.392814,-90.073664
 36.392805,-90.073074
 36.393634,-90.070918
 36.393513,-90.070435
 36.392105,-90.070328
 36.391164,-90.070081
 36.389868,-90.069265
 36.389203,-90.068418
 36.388806,-90.06831
 36.388495,-90.06874
 36.388227,-90.068761
 36.387614,-90.066025
 36.387122,-90.066025
 36.386163,-90.067956
 36.385533,-90.068321
 36.385135,-90.068042
 36.384229,-90.06374
 36.383909,-90.063386
 36.383451,-90.063257
 36.383019,-90.063472
 36.382302,-90.064266
 36.381033,-90.065145
 36.379677,-90.065972
 36.37883,-90.066154
 36.378018,-90.06669
 36.377171,-90.064985
 36.377137,-90.064362
 36.377534,-90.063236
 36.37737,-90.06285
 36.377094,-90.062732
 36.376731,-90.06286
 36.376049,-90.063697
 36.375634,-90.063955
 36.371807,-90.063622
 36.369043,-90.064695
 36.368248,-90.064652
 36.367505,-90.064319
 36.367021,-90.063483
 36.365647,-90.065081
 36.365103,-90.066293
 36.364153,-90.065843
 36.363669,-90.065832
 36.363332,-90.065875
 36.36201,-90.066637
 36.361526,-90.066669
 36.36017,-90.06609
 36.359695,-90.066133
 36.358641,-90.066508
 36.357889,-90.068021
 36.357543,-90.068407
 36.356671,-90.068107
 36.35642,-90.068418
 36.356576,-90.069587
 36.356169,-90.070649
 36.355807,-90.071036
 36.354035,-90.071948
 36.353318,-90.073482
 36.352938,-90.073836
 36.351564,-90.074372
 36.349793,-90.075917
 36.349395,-90.07787
 36.348963,-90.077988
 36.348082,-90.077516
 36.347252,-90.077012
 36.345472,-90.075424
 36.34421,-90.074533
 36.343303,-90.074201
 36.342352,-90.074286
 36.341903,-90.074705
 36.34173,-90.075005
 36.341514,-90.076765
 36.341004,-90.077215
 36.339569,-90.077409
 36.33778,-90.078288
 36.337305,-90.078353
 36.336363,-90.078117
 36.336,-90.077763
 36.335283,-90.076175
 36.334928,-90.075778
 36.334496,-90.075574
 36.334012,-90.075649
 36.330572,-90.077237
 36.330244,-90.077655
 36.329812,-90.078728
 36.329457,-90.079093
 36.328031,-90.078986
 36.327616,-90.079222
 36.327201,-90.080917
 36.326985,-90.081443
 36.326605,-90.081807
 36.326147,-90.081958
 36.325697,-90.081818
 36.32466,-90.080595
 36.323571,-90.079887
 36.323225,-90.080112
 36.323078,-90.081282
 36.322862,-90.081786
 36.322032,-90.082344
 36.32128,-90.0817
 36.320269,-90.080434
 36.318445,-90.079833
 36.318402,-90.079318
 36.318583,-90.07876
 36.319301,-90.077237
 36.319033,-90.076486
 36.318194,-90.075992
 36.318142,-90.074909
 36.3179,-90.074404
 36.317485,-90.07419
 36.316552,-90.07405
 36.315799,-90.07257
 36.315436,-90.072194
 36.314243,-90.071594
 36.313984,-90.070456
 36.313318,-90.069619
 36.311632,-90.068514
 36.309722,-90.068171
 36.308857,-90.06771
 36.30699,-90.067173
 36.305788,-90.066572
 36.30539,-90.066251
 36.305001,-90.065231
 36.303834,-90.064234
 36.302874,-90.064105
 36.302407,-90.064244
 36.301992,-90.064534
 36.301361,-90.065446
 36.299563,-90.067334
 36.298542,-90.069308
 36.296986,-90.070274
 36.296528,-90.07022
 36.295637,-90.069802
 36.294703,-90.069802
 36.293242,-90.071379
 36.292852,-90.072398
 36.290794,-90.074898
 36.290717,-90.075992
 36.289869,-90.0789
 36.289471,-90.078996
 36.288589,-90.077988
 36.287672,-90.077988
 36.286738,-90.077752
 36.285424,-90.07714
 36.284455,-90.077162
 36.283608,-90.076958
 36.28231,-90.076164
 36.281394,-90.075821
 36.280944,-90.075831
 36.279768,-90.077409
 36.278531,-90.07978
 36.276749,-90.080681
 36.275547,-90.081657
 36.274137,-90.081925
 36.272156,-90.083545
 36.271888,-90.084007
 36.271309,-90.086378
 36.271516,-90.087858
 36.271118,-90.091624
 36.271127,-90.094028
 36.271386,-90.095143
 36.271239,-90.096291
 36.270504,-90.097396
 36.269734,-90.098083
 36.268887,-90.099821
 36.269042,-90.101602
 36.268965,-90.102782
 36.267918,-90.103909
 36.267702,-90.104424
 36.267762,-90.104971
 36.266473,-90.105572
 36.265894,-90.106473
 36.265833,-90.107063
 36.265997,-90.10761
 36.265651,-90.108608
 36.26566,-90.109187
 36.265911,-90.10967
 36.266828,-90.110282
 36.266387,-90.111269
 36.266352,-90.11246
 36.265781,-90.11408
 36.265254,-90.115035
 36.264501,-90.115689
 36.263895,-90.116622
 36.263497,-90.116923
 36.263056,-90.116837
 36.262312,-90.116107
 36.262018,-90.116
 36.26143,-90.116183
 36.259812,-90.117481
 36.259354,-90.11761
 36.258428,-90.117406
 36.258117,-90.117749
 36.257918,-90.118918
 36.257615,-90.11923
 36.256628,-90.118039
 36.255694,-90.118082
 36.255391,-90.118489
 36.255106,-90.119594
 36.254691,-90.119852
 36.253773,-90.118586
 36.253263,-90.118393
 36.252372,-90.119476
 36.250711,-90.120678
 36.249672,-90.121987
 36.249257,-90.122255
 36.248781,-90.122255
 36.247423,-90.121751
 36.246947,-90.121869
 36.246566,-90.122201
 36.246134,-90.123242
 36.245744,-90.1235
 36.24526,-90.123478
 36.244922,-90.123811
 36.244533,-90.124615
 36.243806,-90.123789
 36.243391,-90.123703
 36.243001,-90.124025
 36.242871,-90.12454
 36.243399,-90.126182
 36.243174,-90.127341
 36.243183,-90.129701
 36.242932,-90.130173
 36.241608,-90.13086
 36.241132,-90.130956
 36.240327,-90.130388
 36.240042,-90.129905
 36.239973,-90.128188
 36.239644,-90.12778
 36.239176,-90.127641
 36.237247,-90.127748
 36.236503,-90.127105
 36.236329,-90.126579
 36.235663,-90.125763
 36.235481,-90.125238
 36.234945,-90.124755
 36.233993,-90.124776
 36.23369,-90.125163
 36.233361,-90.126278
 36.232989,-90.126439
 36.231726,-90.125592
 36.231258,-90.125506
 36.229839,-90.125871
 36.229077,-90.126493
 36.229112,-90.127019
 36.229692,-90.127856
 36.228671,-90.13116
 36.228342,-90.131568
 36.226931,-90.131739
 36.226429,-90.132222
 36.226239,-90.132759
 36.226239,-90.133252
 36.22649,-90.133563
 36.226498,-90.135366
 36.227191,-90.13793
 36.227191,-90.13911
 36.226931,-90.140172
 36.227511,-90.141867
 36.227381,-90.142372
 36.225581,-90.143842
 36.225105,-90.143981
 36.224153,-90.143852
 36.223694,-90.143992
 36.223391,-90.144389
 36.223339,-90.145537
 36.223036,-90.14588
 36.221617,-90.14559
 36.221158,-90.145655
 36.220855,-90.146041
 36.220864,-90.146599
 36.221833,-90.147908
 36.22185,-90.148455
 36.221634,-90.14897
 36.220007,-90.150225
 36.218994,-90.151438
 36.217713,-90.151588
 36.215947,-90.152038
 36.215584,-90.152403
 36.215558,-90.15353
 36.215177,-90.154248
 36.214372,-90.154892
 36.213749,-90.155804
 36.21348,-90.156931
 36.213653,-90.157456
 36.214441,-90.158154
 36.21509,-90.159034
 36.215489,-90.160117
 36.215601,-90.161254
 36.214346,-90.163797
 36.214432,-90.165814
 36.214233,-90.166361
 36.213238,-90.167542
 36.213229,-90.16811
 36.213948,-90.16884
 36.214138,-90.169355
 36.213948,-90.169859
 36.213532,-90.170095
 36.212589,-90.170063
 36.210624,-90.17267
 36.210208,-90.173721
 36.210295,-90.174247
 36.210702,-90.174505
 36.210857,-90.174998
 36.21071,-90.175556
 36.209966,-90.176371
 36.209014,-90.177026
 36.208113,-90.176929
 36.207698,-90.177037
 36.207135,-90.177959
 36.207256,-90.178496
 36.208537,-90.180287
 36.208702,-90.180835
 36.208624,-90.181414
 36.208286,-90.181811
 36.207828,-90.181993
 36.206408,-90.182294
 36.205482,-90.182272
 36.204962,-90.183184
 36.205447,-90.184064
 36.205395,-90.184611
 36.204694,-90.185405
 36.204538,-90.185866
 36.20478,-90.18636
 36.205196,-90.186639
 36.205646,-90.187336
 36.205577,-90.187926
 36.204391,-90.188656
 36.203473,-90.188892
 36.202374,-90.190008
 36.201473,-90.190104
 36.20098,-90.191102
 36.200876,-90.192261
 36.200313,-90.193183
 36.200616,-90.194267
 36.200304,-90.195254
 36.199984,-90.195544
 36.199248,-90.19578
 36.197317,-90.195973
 36.196841,-90.196091
 36.196443,-90.196402
 36.19614,-90.196863
 36.196123,-90.198537
 36.19672,-90.199428
 36.196746,-90.200007
 36.196408,-90.20108
 36.196053,-90.201423
 36.195638,-90.201466
 36.194737,-90.201198
 36.192884,-90.201638
 36.192278,-90.200844
 36.191845,-90.20093
 36.19117,-90.201606
 36.190486,-90.203215
 36.189836,-90.204062
 36.188971,-90.204567
 36.188538,-90.204588
 36.188165,-90.204277
 36.187689,-90.204191
 36.186789,-90.204459
 36.186035,-90.207238
 36.186182,-90.208708
 36.185931,-90.209759
 36.185637,-90.210221
 36.185213,-90.210457
 36.184329,-90.210028
 36.183888,-90.210156
 36.183238,-90.211036
 36.183056,-90.211573
 36.183056,-90.213933
 36.183342,-90.214351
 36.18426,-90.214298
 36.184546,-90.214716
 36.18465,-90.215296
 36.184494,-90.215811
 36.183688,-90.216454
 36.183619,-90.216959
 36.184624,-90.218182
 36.18478,-90.218729
 36.18458,-90.220188
 36.184286,-90.220671
 36.183888,-90.220993
 36.182952,-90.221207
 36.181627,-90.221905
 36.178744,-90.22507
 36.178302,-90.225263
 36.176882,-90.225209
 36.175834,-90.226421
 36.174535,-90.227119
 36.174162,-90.227505
 36.173444,-90.229104
 36.172733,-90.229511
 36.171789,-90.229254
 36.171356,-90.229372
 36.170715,-90.230273
 36.169156,-90.230895
 36.168221,-90.230895
 36.167675,-90.230294
 36.167225,-90.230284
 36.1648,-90.231528
 36.163717,-90.231282
 36.163379,-90.231614
 36.162972,-90.232698
 36.162652,-90.233127
 36.160885,-90.234039
 36.159776,-90.235176
 36.158832,-90.235305
 36.15839,-90.235101
 36.156779,-90.233792
 36.156302,-90.232859
 36.155003,-90.233406
 36.154648,-90.233116
 36.154396,-90.232623
 36.154137,-90.231582
 36.153747,-90.231292
 36.150914,-90.232011
 36.148531,-90.231518
 36.146963,-90.231485
 36.146132,-90.231882
 36.145837,-90.232354
 36.145395,-90.233417
 36.145343,-90.234575
 36.145066,-90.235026
 36.144607,-90.23509
 36.143195,-90.234833
 36.141852,-90.235509
 36.140899,-90.235734
 36.139564,-90.235391
 36.139244,-90.235766
 36.139339,-90.236785
 36.138776,-90.237687
 36.138317,-90.240176
 36.137095,-90.241377
 36.13667,-90.242568
 36.136428,-90.244896
 36.136237,-90.245433
 36.13583,-90.245562
 36.134885,-90.245326
 36.133915,-90.245293
 36.133066,-90.245798
 36.132485,-90.24671
 36.132459,-90.24775
 36.131532,-90.247847
 36.130353,-90.248845
 36.129522,-90.249263
 36.1296,-90.250926
 36.129218,-90.251441
 36.128126,-90.25201
 36.127329,-90.253201
 36.127043,-90.255518
 36.12726,-90.257277
 36.12713,-90.257835
 36.127572,-90.25878
 36.127381,-90.260442
 36.127156,-90.260915
 36.126237,-90.261215
 36.124825,-90.262835
 36.123256,-90.264251
 36.12037,-90.266354
 36.119166,-90.268714
 36.118472,-90.272169
 36.118143,-90.272555
 36.117198,-90.272781
 36.116869,-90.273124
 36.11686,-90.274304
 36.117207,-90.275377
 36.117172,-90.275956
 36.117571,-90.276997
 36.117458,-90.278757
 36.116644,-90.28087
 36.116652,-90.281997
 36.116384,-90.283091
 36.115855,-90.284035
 36.115586,-90.286278
 36.115734,-90.288026
 36.114953,-90.289507
 36.114693,-90.290655
 36.114563,-90.292436
 36.114173,-90.293509
 36.113515,-90.294389
 36.112717,-90.295022
 36.112258,-90.294946
 36.11062,-90.293691
 36.110143,-90.293766
 36.109762,-90.294088
 36.109311,-90.296363
 36.108002,-90.297071
 36.107534,-90.298015
 36.107101,-90.298208
 36.10613,-90.298347
 36.105298,-90.297843
 36.102914,-90.297972
 36.101692,-90.299131
 36.099889,-90.30001
 36.09942,-90.300139
 36.098476,-90.299925
 36.098016,-90.300021
 36.097635,-90.300386
 36.096646,-90.303111
 36.095233,-90.305525
 36.094722,-90.30722
 36.094592,-90.310289
 36.09473,-90.311469
 36.094618,-90.312037
 36.092407,-90.314848
 36.0905,-90.316672
 36.090552,-90.318346
 36.089988,-90.319161
 36.0888,-90.320084
 36.086936,-90.320567
 36.08587,-90.31943
 36.084647,-90.318925
 36.083884,-90.319
 36.08313,-90.319741
 36.082688,-90.319945
 36.081248,-90.320191
 36.080789,-90.320095
 36.0798,-90.318797
 36.078907,-90.318539
 36.077459,-90.318518
 36.077026,-90.318346
 36.076002,-90.318282
 36.074684,-90.318968
 36.073332,-90.320674
 36.072881,-90.320846
 36.071484,-90.320481
 36.071138,-90.320857
 36.070955,-90.321404
 36.070981,-90.321972
 36.071614,-90.32356
 36.068571,-90.328013
 36.068449,-90.328592
 36.068553,-90.329558
 36.067729,-90.332154
 36.067599,-90.333248
 36.06531,-90.334182
 36.064347,-90.334386
 36.063532,-90.334954
 36.062595,-90.334707
 36.062136,-90.334826
 36.060661,-90.336274
 36.059724,-90.335974
 36.058302,-90.334407
 36.058094,-90.333892
 36.05753,-90.333345
 36.057044,-90.333366
 36.055657,-90.333881
 36.05537,-90.334311
 36.055058,-90.33607
 36.054798,-90.336553
 36.053601,-90.337561
 36.053132,-90.337701
 36.052178,-90.337561
 36.051311,-90.337926
 36.05014,-90.336939
 36.049429,-90.337583
 36.047312,-90.336982
 36.046844,-90.338602
 36.047208,-90.339653
 36.047225,-90.340244
 36.046826,-90.34122
 36.045161,-90.343376
 36.044736,-90.343591
 36.043877,-90.343258
 36.043408,-90.343409
 36.043061,-90.343763
 36.042975,-90.344932
 36.042784,-90.345469
 36.042046,-90.346187
 36.041743,-90.347904
 36.041396,-90.348301
 36.039574,-90.349224
 36.039097,-90.349299
 36.038212,-90.348966
 36.037743,-90.34902
 36.036806,-90.348741
 36.035861,-90.34887
 36.035036,-90.348344
 36.033796,-90.349224
 36.032946,-90.350597
 36.031471,-90.350994
 36.030985,-90.351863
 36.031089,-90.35241
 36.03095,-90.353601
 36.030664,-90.354052
 36.030213,-90.354223
 36.029744,-90.354116
 36.028911,-90.353537
 36.028338,-90.351949
 36.027913,-90.351681
 36.026967,-90.351423
 36.025093,-90.351841
 36.024234,-90.353247
 36.021969,-90.355232
 36.020191,-90.356176
 36.019253,-90.356476
 36.01842,-90.357077
 36.017874,-90.358053
 36.017769,-90.359738
 36.016633,-90.360854
 36.015383,-90.361776
 36.013882,-90.364126
 36.010992,-90.366272
 36.009317,-90.368428
 36.003563,-90.371915
 36.002304,-90.372838
 36.001019,-90.37346
 35.999162,-90.375209
 35.996627,-90.377001
 35.995733,-90.377827
 35.996027,-90.339033
 35.99639,-90.293202
 35.997116,-90.210379
 35.997868,-90.12643
 35.997667,-90.126226
 35.997814,-90.125077
 35.998142,-90.101623
 35.998243,-90.084541
 35.998706,-90.042631
 36.000776,-89.737905
 36.00052,-89.737106
 36.001098,-89.706953
 36.003441,-89.70633
 36.004899,-89.705729
 36.007789,-89.703755
 36.011816,-89.700451
 36.017171,-89.695323
 36.020798,-89.692276
 36.024937,-89.690269
 36.029111,-89.688628
 36.034082,-89.687254
 36.051363,-89.684497
 36.072525,-89.681911
 36.082124,-89.680109
 36.084751,-89.678736
 36.087916,-89.676075
 36.091791,-89.67247
 36.095909,-89.666322
 36.099091,-89.657782
 36.103616,-89.643009
 36.105514,-89.635456
 36.107014,-89.627892
 36.108132,-89.625113
 36.109909,-89.622281
 36.113879,-89.614974
 36.117822,-89.60534
 36.119668,-89.60166
 36.121826,-89.598902
 36.126047,-89.594868
 36.127303,-89.593956
 36.128326,-89.593463
 36.129825,-89.593045
 36.13369,-89.592562
 36.136081,-89.592057
 36.143498,-89.591607
 36.146894,-89.591768
 36.150221,-89.592251
 36.152109,-89.592819
 36.154907,-89.594085
 36.160945,-89.598087
 36.164583,-89.600887
 36.166515,-89.602518
 36.171183,-89.607024
 36.179852,-89.618075
 36.182952,-89.62345
 36.185161,-89.628965
 36.188867,-89.636722
 36.194045,-89.644693
 36.201378,-89.654649
 36.206408,-89.663941
 36.215774,-89.679326
 36.225044,-89.692737
 36.230704,-89.69955
 36.233162,-89.701449
 36.235533,-89.704496
 36.236771,-89.705279
 36.238207,-89.705536
 36.239176,-89.705493
 36.24012,-89.705247
 36.243572,-89.703423
 36.245286,-89.702318
 36.248539,-89.699721
 36.250702,-89.698412
 36.252744,-89.695129
 36.252675,-89.693327
 36.252156,-89.691546
 36.250789,-89.689068
 36.24943,-89.685903
 36.248729,-89.682405
 36.248323,-89.678586
 36.249309,-89.666988
 36.250494,-89.656034
 36.250667,-89.651238
 36.25007,-89.645959
 36.249248,-89.641271
 36.248002,-89.636604
 36.246376,-89.632924
 36.244429,-89.627581
 36.24378,-89.625317
 36.243287,-89.624308
 36.24192,-89.619169
 36.239341,-89.611359
 36.238363,-89.606713
 36.238112,-89.602314
 36.238752,-89.592186
 36.239367,-89.588045
 36.240042,-89.58517
 36.242058,-89.578185
 36.243858,-89.573936
 36.248885,-89.566866
 36.250079,-89.564967
 36.250659,-89.563336
 36.250901,-89.562167
 36.251039,-89.559377
 36.250823,-89.556395
 36.250313,-89.553466
 36.248972,-89.550998
 36.248089,-89.548552
 36.247509,-89.545645
 36.247518,-89.544454
 36.247933,-89.541492
 36.249214,-89.538467
 36.251948,-89.535259
 36.252787,-89.534701
 36.261655,-89.534508
 36.267148,-89.535409
 36.27053,-89.535559
 36.27322,-89.536579
 36.275002,-89.537523
 36.277467,-89.539636
 36.280148,-89.543735
 36.28046,-89.545451
 36.280373,-89.546621
 36.279067,-89.548713
 36.278617,-89.549636
 36.278159,-89.551159
 36.277778,-89.552886
 36.277882,-89.554657
 36.288131,-89.578089
 36.288805,-89.579065
 36.293164,-89.584129
 36.296484,-89.589289
 36.302537,-89.599707
 36.309108,-89.611788
 36.310707,-89.613118
 36.319983,-89.618794
 36.323156,-89.620242
 36.329492,-89.619781
 36.335844,-89.615983
 36.340287,-89.610887
 36.342257,-89.605501
 36.342966,-89.600533
 36.342361,-89.58194
 36.337729,-89.560171
 36.336821,-89.544958
 36.337487,-89.53822
 36.33944,-89.53145
 36.341799,-89.52688
 36.344677,-89.522856
 36.348885,-89.518855
 36.359842,-89.513222
 36.373397,-89.509789
 36.375314,-89.509617
 36.378165,-89.510325
 36.384807,-89.513909
 36.392434,-89.519327
 36.400741,-89.525528
 36.409057,-89.532459
 36.420108,-89.542319
 36.423613,-89.544175
 36.427369,-89.545269
 36.430752,-89.545494
 36.434611,-89.545097
 36.438279,-89.543606
 36.439168,-89.543037
 36.441507,-89.540902
 36.443622,-89.538242
 36.44874,-89.53071
 36.451441,-89.527395
 36.454228,-89.525013
 36.456826,-89.523307
 36.461831,-89.521075
 36.467206,-89.519713
 36.473479,-89.519423
 36.47542,-89.519509
 36.476843,-89.519863
 36.479086,-89.520936
 36.48151,-89.522899
 36.48409,-89.52571
 36.489118,-89.532115
 36.491344,-89.534422
 36.493285,-89.536031
 36.496726,-89.538199
 36.49814,-89.539325
 36.500478,-89.540355
 36.50234,-89.540849
 36.503194,-89.541396
 36.50548,-89.543606
 36.51187,-89.550537
 36.514094,-89.551663
 36.516871,-89.554067
 36.520303,-89.556105
 36.52351,-89.558787
 36.526441,-89.560504
 36.528252,-89.561834
 36.53014,-89.562017
 36.531071,-89.562371
 36.53314,-89.563851
 36.540803,-89.567628
 36.5442,-89.569945
 36.547208,-89.57119
 36.54769,-89.571265
 36.552026,-89.57148
 36.552982,-89.571383
 36.5578,-89.569902
 36.564013,-89.56692
 36.568882,-89.563047
 36.573156,-89.558476
 36.57693,-89.553015
 36.579928,-89.546245
 36.580574,-89.542007
 36.581134,-89.527545
 36.580186,-89.522502
 36.57873,-89.518747
 36.578239,-89.516548
 36.577403,-89.510229
 36.576938,-89.504102
 36.576395,-89.500562
 36.573793,-89.492526
 36.573001,-89.488438
 36.571915,-89.485112
 36.569976,-89.481261
 36.568262,-89.479147
 36.564556,-89.476336
 36.560428,-89.473622
 36.558222,-89.472549
 36.555447,-89.471594
 36.551241,-89.46977
 36.547647,-89.468021
 36.536088,-89.465436
 36.534321,-89.465382
 36.529993,-89.465886
 36.528088,-89.466273
 36.521949,-89.468397
 36.517336,-89.47051
 36.512447,-89.473225
 36.509076,-89.475499
 36.507084,-89.477184
 36.501935,-89.482623
 36.50103,-89.483289
 36.499589,-89.483954
 36.497791,-89.485032
 36.497631,-89.485123
 36.49501,-89.486668
 36.483451,-89.491668
 36.478931,-89.493374
 36.476093,-89.494103
 36.473815,-89.493964
 36.470519,-89.493084
 36.46825,-89.492054
 36.466947,-89.49126
 36.464738,-89.489522
 36.462064,-89.486057
 36.460036,-89.481593
 36.458396,-89.476583
 36.457568,-89.471551
 36.457732,-89.464942
 36.458759,-89.460586
 36.46171,-89.453698
 36.464652,-89.4493
 36.466611,-89.446843
 36.474712,-89.437455
 36.47906,-89.43297
 36.482123,-89.430041
 36.487988,-89.425031
 36.489601,-89.423711
 36.493923,-89.420696
 36.499046,-89.418175
 36.503393,-89.416941
 36.505316,-89.41678
 36.505695,-89.416469
 36.507653,-89.413841
 36.509705,-89.412467
 36.511395,-89.411695
 36.530536,-89.409882
 36.534321,-89.407275
 36.535416,-89.406148
 36.536657,-89.405408
 36.539028,-89.404871
 36.5432,-89.403369
 36.545208,-89.402908
 36.547518,-89.402103
 36.549423,-89.40176
 36.551267,-89.401052
 36.559153,-89.396642
 36.563384,-89.393477
 36.569278,-89.38954
 36.572027,-89.388435
 36.572983,-89.387094
 36.573388,-89.386815
 36.576128,-89.385656
 36.588732,-89.382523
 36.600421,-89.380206
 36.61061,-89.37614
 36.620979,-89.370421
 36.62593,-89.363598
 36.626472,-89.362503
 36.630269,-89.352783
 36.632895,-89.341249
 36.633102,-89.331315
 36.629873,-89.322002
 36.614787,-89.306788
 36.604668,-89.302572
 36.594935,-89.298838
 36.593169,-89.296285
 36.592075,-89.295083
 36.591403,-89.293656
 36.589034,-89.290406
 36.587371,-89.288539
 36.58682,-89.287627
 36.571777,-89.271137
 36.571165,-89.270139
 36.569011,-89.267735
 36.568804,-89.267242
 36.568106,-89.266437
 36.566116,-89.262768
 36.564772,-89.258659
 36.564203,-89.25455
 36.564065,-89.252104
 36.564255,-89.25102
 36.56428,-89.24926
 36.56472,-89.248263
 36.564573,-89.245859
 36.565108,-89.243724
 36.566012,-89.241407
 36.566099,-89.240259
 36.566624,-89.238714
 36.566917,-89.238263
 36.566874,-89.235903
 36.567176,-89.234852
 36.578558,-89.21819
 36.579411,-89.216183
 36.58091,-89.213609
 36.581263,-89.213265
 36.583176,-89.213018
 36.586424,-89.209542
 36.587337,-89.209145
 36.588293,-89.209027
 36.590722,-89.208212
 36.591489,-89.207536
 36.592781,-89.205798
 36.595624,-89.205272
 36.599302,-89.204854
 36.600223,-89.204478
 36.602118,-89.204092
 36.60453,-89.203856
 36.607622,-89.202912
 36.609051,-89.202687
 36.610851,-89.201914
 36.624406,-89.200659
 36.626343,-89.198223
 36.627557,-89.197494
 36.630906,-89.194071
 36.633636,-89.191904
 36.637544,-89.189597
 36.640256,-89.188321
 36.643106,-89.187441
 36.645017,-89.187269
 36.646299,-89.18684
 36.651679,-89.179019
 36.653022,-89.177302
 36.656396,-89.17079
 36.65915,-89.165865
 36.659813,-89.164932
 36.661655,-89.163162
 36.666379,-89.159192
 36.671809,-89.16859
 36.672179,-89.170929
 36.672584,-89.171798
 36.673935,-89.170157
 36.67514,-89.169148
 36.677592,-89.168043
 36.679494,-89.167775
 36.682849,-89.167743
 36.68525,-89.167957
 36.687117,-89.168558
 36.688459,-89.169234
 36.689715,-89.170092
 36.691728,-89.172667
 36.694903,-89.175907
 36.699367,-89.182699
 36.701647,-89.184909
 36.703565,-89.187055
 36.705466,-89.188685
 36.707978,-89.191486
 36.709526,-89.192913
 36.712854,-89.196893
 36.715022,-89.198792
 36.716312,-89.199597
 36.718591,-89.200487
 36.72093,-89.201024
 36.723028,-89.201249
 36.726391,-89.20126
 36.733528,-89.20023
 36.735858,-89.199446
 36.73946,-89.197891
 36.741962,-89.196131
 36.747817,-89.191014
 36.753585,-89.184791
 36.754797,-89.182924
 36.755528,-89.181379
 36.75631,-89.17918
 36.756894,-89.176894
 36.758708,-89.172657
 36.759757,-89.168676
 36.759688,-89.166884
 36.756387,-89.15916
 36.755949,-89.157465
 36.755923,-89.155673
 36.756241,-89.151746
 36.755949,-89.147583
 36.756,-89.145781
 36.755192,-89.141747
 36.754685,-89.140728
 36.753679,-89.139429
 36.753095,-89.13782
 36.7519,-89.135985
 36.751728,-89.13546
 36.751874,-89.134279
 36.751702,-89.132509
 36.751737,-89.126533
 36.751857,-89.125997
 36.754264,-89.123057
 36.755407,-89.121963
 36.757255,-89.120622
 36.759894,-89.119173
 36.764957,-89.117264
 36.767552,-89.116577
 36.771377,-89.116083
 36.773302,-89.116158
 36.77521,-89.116727
 36.782248,-89.120579
 36.784327,-89.12237
 36.785994,-89.124452
 36.787506,-89.128207
 36.787833,-89.130557
 36.788305,-89.132509
 36.788606,-89.139107
 36.788434,-89.144086
 36.788597,-89.150673
 36.789508,-89.15696
 36.7909,-89.160769
 36.792051,-89.163108
 36.795531,-89.16844
 36.797765,-89.170693
 36.805093,-89.176122
 36.808529,-89.178107
 36.810822,-89.179105
 36.813193,-89.179491
 36.814619,-89.179534
 36.815083,-89.179459
 36.816302,-89.178568
 36.822211,-89.178557
 36.831289,-89.178976
 36.833195,-89.178718
 36.835033,-89.178053
 36.836913,-89.17653
 36.838296,-89.174995
 36.838476,-89.17448
 36.839687,-89.173665
 36.841533,-89.170951
 36.842572,-89.167668
 36.842778,-89.166498
 36.842452,-89.164428
 36.842666,-89.159106
 36.843843,-89.156542
 36.844555,-89.156241
 36.845869,-89.154718
 36.846736,-89.153452
 36.847071,-89.152336
 36.847036,-89.148141
 36.84744,-89.1465
 36.847483,-89.138099
 36.847801,-89.137756
 36.857133,-89.131984
 36.859837,-89.130911
 36.866858,-89.128947
 36.871201,-89.12722
 36.876402,-89.124141
 36.882701,-89.119849
 36.887155,-89.117607
 36.889781,-89.116781
 36.901424,-89.114002
 36.919997,-89.109142
 36.937981,-89.102436
 36.942861,-89.10102
 36.959091,-89.099507
 36.959914,-89.099969
 36.96228,-89.09984
 36.965572,-89.101642
 36.966755,-89.102597
 36.968247,-89.103423
 36.970235,-89.104925
 36.970958,-89.105196
 36.973067,-89.107048
 36.974591,-89.1086
 36.974526,-89.10888
 36.975162,-89.109557
 36.975216,-89.109954
 36.975783,-89.110524
 36.975827,-89.111012
 36.976363,-89.1116
 36.976477,-89.112001
 36.977414,-89.113003
 36.977433,-89.113401
 36.978025,-89.113964
 36.978103,-89.114442
 36.97865,-89.115049
 36.978717,-89.115417
 36.978956,-89.115914
 36.982033,-89.1192