41.760965,-87.204924
 41.760965,-87.207327
 41.761013,-87.207745
 41.761557,-87.207627
 41.763494,-87.207123
 41.999496,-87.148554
 41.999911,-87.148458
 42.00003,-87.149498
 42.000349,-87.149917
 42.094759,-87.125133
 42.096973,-87.125026
 42.098246,-87.124747
 42.23434,-87.08858
 42.314488,-87.068002
 42.382918,-87.049667
 42.41739,-87.039936
 42.492519,-87.020195
 42.493421,-87.019973
 42.493765,-87.019877
 42.499812,-87.020409
 42.500113,-87.021235
 42.500936,-87.021428
 42.632783,-87.039496
 42.744956,-87.0556
 42.765643,-87.058775
 42.874793,-87.073871
 43.000857,-87.092003
 43.116296,-87.107409
 43.125067,-87.108396
 43.227155,-87.124983
 43.229946,-87.12509
 43.249853,-87.128245
 43.279385,-87.132601
 43.375163,-87.146612
 43.379944,-87.14716
 43.499624,-87.138233
 43.499959,-87.138072
 43.500138,-87.137096
 43.5015,-87.136967
 43.528008,-87.135004
 43.541767,-87.134768
 43.623953,-87.128277
 43.665877,-87.125123
 43.670355,-87.125069
 43.733872,-87.114147
 43.818311,-87.093537
 43.893694,-87.075598
 43.999074,-87.049087
 43.999892,-87.048841
 44,-87.046555
 44.000201,-87.046201
 44.095029,-87.022748
 44.124941,-87.014852
 44.131579,-87.013307
 44.16322,-87.000099
 44.154857,-87.000057
 44.158856,-86.998318
 44.182458,-86.988094
 44.25293,-86.956712
 44.377774,-86.90178
 44.441647,-86.874197
 44.500048,-86.847825
 44.500332,-86.847879
 44.50037,-86.855035
 44.500676,-86.855046
 44.520033,-86.846677
 44.739212,-86.750236
 44.750223,-86.744753
 44.881114,-86.686195
 44.946561,-86.625491
 44.999623,-86.575549
 45.080718,-86.499996
 45.125216,-86.432759
 45.235651,-86.25024
 45.235946,-86.2498
 45.236323,-86.249907
 45.251741,-86.286514
 45.324657,-86.463765
 45.340835,-86.502389
 45.375355,-86.586621
 45.44355,-86.754109
 45.443896,-86.869326
 45.444228,-87.100639
 45.444137,-87.101165
 45.443791,-87.101476
 45.374594,-87.154616
 45.352907,-87.170892
 45.351987,-87.171879
 45.300905,-87.237668
 45.291562,-87.250575
 45.25091,-87.302653
 45.24063,-87.315516
 45.201922,-87.405639
 45.125435,-87.428287
 45.11894,-87.43039
 45.087907,-87.439145
 45.077248,-87.442256
 45.076498,-87.442589
 45.083438,-87.489839
 45.084725,-87.500879
 45.096897,-87.585186
 45.094754,-87.591677
 45.094769,-87.592235
 45.100116,-87.615066
 45.102411,-87.621707
 45.103282,-87.627361
 45.104016,-87.628788
 45.105205,-87.629507
 45.105531,-87.629882
 45.106061,-87.630794
 45.10619,-87.631373
 45.106174,-87.632564
 45.105735,-87.63486
 45.10653,-87.638315
 45.106137,-87.645482
 45.106341,-87.647864
 45.106508,-87.648389
 45.108454,-87.651286
 45.10862,-87.652423
 45.10837,-87.654183
 45.107613,-87.656983
 45.107515,-87.659944
 45.108264,-87.661114
 45.111626,-87.661114
 45.112641,-87.661382
 45.118031,-87.667047
 45.119765,-87.670448
 45.121151,-87.672282
 45.12274,-87.673044
 45.123846,-87.673935
 45.125072,-87.674385
 45.126344,-87.674439
 45.126745,-87.6746
 45.128001,-87.67578
 45.128895,-87.677046
 45.129939,-87.678065
 45.130325,-87.678312
 45.13115,-87.678484
 45.132285,-87.677711
 45.134057,-87.67607
 45.134435,-87.675834
 45.135268,-87.675898
 45.136115,-87.67666
 45.137705,-87.678655
 45.139127,-87.679954
 45.140701,-87.68078
 45.14254,-87.682153
 45.144137,-87.683923
 45.147467,-87.688504
 45.149487,-87.692345
 45.150561,-87.695349
 45.150781,-87.698332
 45.151144,-87.700285
 45.15159,-87.70198
 45.152226,-87.703525
 45.153679,-87.705907
 45.154904,-87.707537
 45.1561,-87.708127
 45.157726,-87.708278
 45.158922,-87.70993
 45.159126,-87.711647
 45.160352,-87.715766
 45.161184,-87.717848
 45.163431,-87.720562
 45.16486,-87.722772
 45.165564,-87.723438
 45.167546,-87.724725
 45.169611,-87.727815
 45.170571,-87.729778
 45.170995,-87.731463
 45.171343,-87.734413
 45.171494,-87.734971
 45.172031,-87.735872
 45.172795,-87.736334
 45.173627,-87.736441
 45.176599,-87.735293
 45.177862,-87.735282
 45.178664,-87.735668
 45.179912,-87.735947
 45.182302,-87.737138
 45.18395,-87.737707
 45.186052,-87.737503
 45.186884,-87.737664
 45.188812,-87.738876
 45.190075,-87.739391
 45.190914,-87.739434
 45.192578,-87.739027
 45.192994,-87.739112
 45.19375,-87.739617
 45.194717,-87.740775
 45.195481,-87.741258
 45.197545,-87.741795
 45.198241,-87.741698
 45.200259,-87.740808
 45.202134,-87.739434
 45.203744,-87.737492
 45.204689,-87.736248
 45.205672,-87.734542
 45.208106,-87.727697
 45.208378,-87.727236
 45.209413,-87.726227
 45.210668,-87.726045
 45.212361,-87.726141
 45.213291,-87.726367
 45.214084,-87.726796
 45.21617,-87.727268
 45.21744,-87.727321
 45.218687,-87.727021
 45.219088,-87.72686
 45.220168,-87.725959
 45.221831,-87.72392
 45.223221,-87.722558
 45.224423,-87.722011
 45.226916,-87.721367
 45.227763,-87.721485
 45.228156,-87.721689
 45.228654,-87.722247
 45.229493,-87.724307
 45.23015,-87.725047
 45.230967,-87.725326
 45.232198,-87.72494
 45.233974,-87.72333
 45.235825,-87.720069
 45.237653,-87.718931
 45.238325,-87.718234
 45.238575,-87.717751
 45.238756,-87.716593
 45.238507,-87.714436
 45.23862,-87.713256
 45.23902,-87.712215
 45.239693,-87.711496
 45.240917,-87.711099
 45.243417,-87.7117
 45.244256,-87.711657
 45.245502,-87.711346
 45.247897,-87.710155
 45.248727,-87.709951
 45.24915,-87.709994
 45.249936,-87.710381
 45.251076,-87.711174
 45.252413,-87.711293
 45.253206,-87.710917
 45.25446,-87.709318
 45.254838,-87.709072
 45.255661,-87.708825
 45.257323,-87.708782
 45.257964,-87.708031
 45.25835,-87.707816
 45.258622,-87.707956
 45.258584,-87.709726
 45.258841,-87.710155
 45.259445,-87.710252
 45.260291,-87.709233
 45.261416,-87.708439
 45.262307,-87.707216
 45.263787,-87.706089
 45.26418,-87.705896
 45.265856,-87.705799
 45.266196,-87.705477
 45.267268,-87.702763
 45.267827,-87.701905
 45.268355,-87.700274
 45.269209,-87.698965
 45.269586,-87.698697
 45.270394,-87.698429
 45.271663,-87.698439
 45.273746,-87.698901
 45.275188,-87.699029
 45.276404,-87.699469
 45.277204,-87.69919
 45.278442,-87.697603
 45.279212,-87.697699
 45.279854,-87.698429
 45.280239,-87.6986
 45.28107,-87.698407
 45.282866,-87.69742
 45.285161,-87.694792
 45.287916,-87.69329
 45.289222,-87.691412
 45.290588,-87.6902
 45.291388,-87.689813
 45.293871,-87.689062
 45.296151,-87.687603
 45.297419,-87.687721
 45.298098,-87.687474
 45.300686,-87.68476
 45.302558,-87.680683
 45.30289,-87.680329
 45.304942,-87.679675
 45.305969,-87.678859
 45.306376,-87.677797
 45.307764,-87.675555
 45.30793,-87.675029
 45.307553,-87.673377
 45.307666,-87.672819
 45.308164,-87.671939
 45.309756,-87.672647
 45.310164,-87.672626
 45.310541,-87.67239
 45.313687,-87.669171
 45.314925,-87.668495
 45.316388,-87.667326
 45.31715,-87.665212
 45.317701,-87.664322
 45.318365,-87.663581
 45.320583,-87.661822
 45.321541,-87.6615
 45.322393,-87.661468
 45.326165,-87.662015
 45.327002,-87.661843
 45.327787,-87.661436
 45.329039,-87.659987
 45.330382,-87.656522
 45.330955,-87.655653
 45.33232,-87.654237
 45.333919,-87.653486
 45.336189,-87.651941
 45.337886,-87.649312
 45.339485,-87.6481
 45.340722,-87.647789
 45.34324,-87.648218
 45.344575,-87.64752
 45.345088,-87.647467
 45.347998,-87.6481
 45.349672,-87.647789
 45.350931,-87.647799
 45.352055,-87.648346
 45.35357,-87.650374
 45.353857,-87.650814
 45.353879,-87.652552
 45.354038,-87.653089
 45.354626,-87.653915
 45.356066,-87.655149
 45.357672,-87.655824
 45.358395,-87.656382
 45.360167,-87.656318
 45.362662,-87.655835
 45.364607,-87.656919
 45.367109,-87.656608
 45.367871,-87.656833
 45.368647,-87.657294
 45.369604,-87.658432
 45.371443,-87.662144
 45.373305,-87.666832
 45.374956,-87.669815
 45.37499,-87.670641
 45.375265,-87.670952
 45.376146,-87.671939
 45.376893,-87.673398
 45.377963,-87.674321
 45.37837,-87.674482
 45.379621,-87.674686
 45.381723,-87.674611
 45.382477,-87.675104
 45.383291,-87.676756
 45.384217,-87.680737
 45.384918,-87.682743
 45.387488,-87.68476
 45.388799,-87.686208
 45.389786,-87.690167
 45.389914,-87.6933
 45.389763,-87.694459
 45.388957,-87.697238
 45.387902,-87.699834
 45.385581,-87.704115
 45.383833,-87.706701
 45.381256,-87.708374
 45.380992,-87.708814
 45.379131,-87.713524
 45.377367,-87.719007
 45.375129,-87.721871
 45.373117,-87.724038
 45.369672,-87.727278
 45.36815,-87.72936
 45.364019,-87.733791
 45.359647,-87.737771
 45.358441,-87.738308
 45.357197,-87.73849
 45.356872,-87.738833
 45.356435,-87.739831
 45.356345,-87.741022
 45.356533,-87.743404
 45.356458,-87.744584
 45.355621,-87.748178
 45.355365,-87.749959
 45.354965,-87.751
 45.354241,-87.751558
 45.353404,-87.75159
 45.352123,-87.751268
 45.351482,-87.751622
 45.350102,-87.752985
 45.349401,-87.754433
 45.348428,-87.762158
 45.348865,-87.763832
 45.351097,-87.768939
 45.351203,-87.769808
 45.35121,-87.773809
 45.349665,-87.781738
 45.349717,-87.782918
 45.350328,-87.784485
 45.352794,-87.788379
 45.35345,-87.790557
 45.353563,-87.800578
 45.351316,-87.809933
 45.352665,-87.822615
 45.352605,-87.822958
 45.351519,-87.82372
 45.350735,-87.824932
 45.350554,-87.826703
 45.351934,-87.829632
 45.352228,-87.832603
 45.351957,-87.833709
 45.350803,-87.835414
 45.349642,-87.835983
 45.346339,-87.836895
 45.344997,-87.838354
 45.340827,-87.848021
 45.340503,-87.850306
 45.341099,-87.851111
 45.341476,-87.851325
 45.342313,-87.851433
 45.344673,-87.84992
 45.34551,-87.849823
 45.347561,-87.850499
 45.348926,-87.851905
 45.349469,-87.852806
 45.350064,-87.856904
 45.350585,-87.859179
 45.351173,-87.860777
 45.353178,-87.863621
 45.35538,-87.865412
 45.356179,-87.865734
 45.361004,-87.865187
 45.362247,-87.865434
 45.363778,-87.866442
 45.364833,-87.867429
 45.366092,-87.869307
 45.366506,-87.870981
 45.366454,-87.873362
 45.366182,-87.8745
 45.3657,-87.875465
 45.364924,-87.875841
 45.364501,-87.875808
 45.36377,-87.875261
 45.359692,-87.870637
 45.358584,-87.8698
 45.35734,-87.869672
 45.356548,-87.870069
 45.356239,-87.870466
 45.355809,-87.871485
 45.354957,-87.874875
 45.354407,-87.875755
 45.352741,-87.877589
 45.352032,-87.878652
 45.351482,-87.879961
 45.351293,-87.881119
 45.351301,-87.883512
 45.351768,-87.885164
 45.353254,-87.887074
 45.35397,-87.887696
 45.354777,-87.88805
 45.356028,-87.88819
 45.358124,-87.887803
 45.360906,-87.886344
 45.362737,-87.884864
 45.364222,-87.882739
 45.365142,-87.880068
 45.366491,-87.878233
 45.36824,-87.877139
 45.369228,-87.876023
 45.370079,-87.874693
 45.371165,-87.872118
 45.371428,-87.871656
 45.371798,-87.87141
 45.372627,-87.871377
 45.373433,-87.871721
 45.375476,-87.874285
 45.376885,-87.875594
 45.378128,-87.87583
 45.379349,-87.875412
 45.381459,-87.873427
 45.38265,-87.871732
 45.38311,-87.870895
 45.384489,-87.866689
 45.385966,-87.863052
 45.38696,-87.861121
 45.388188,-87.859468
 45.390102,-87.858245
 45.393003,-87.856851
 45.393802,-87.857172
 45.395768,-87.859168
 45.396544,-87.859629
 45.397373,-87.859737
 45.398714,-87.859275
 45.399331,-87.858514
 45.400454,-87.855767
 45.401403,-87.852441
 45.402013,-87.850875
 45.402992,-87.849748
 45.403783,-87.849373
 45.40941,-87.849662
 45.411451,-87.850435
 45.413221,-87.852012
 45.415089,-87.855059
 45.416083,-87.856185
 45.416821,-87.856743
 45.417627,-87.857097
 45.418463,-87.857215
 45.420142,-87.85714
 45.420903,-87.857773
 45.421332,-87.858696
 45.421746,-87.859179
 45.423237,-87.860284
 45.423644,-87.860445
 45.425331,-87.860552
 45.429592,-87.860155
 45.433161,-87.861936
 45.434004,-87.861893
 45.434403,-87.861711
 45.435066,-87.861003
 45.436383,-87.858653
 45.437166,-87.857752
 45.438115,-87.857183
 45.439357,-87.856883
 45.440155,-87.856497
 45.441201,-87.85551
 45.444137,-87.84757
 45.445951,-87.846154
 45.446614,-87.845457
 45.447848,-87.845135
 45.448533,-87.844523
 45.450625,-87.83668
 45.451212,-87.835468
 45.452703,-87.834545
 45.453516,-87.833194
 45.453869,-87.832915
 45.455088,-87.832485
 45.455909,-87.832625
 45.457203,-87.831144
 45.458031,-87.828408
 45.458099,-87.827829
 45.457813,-87.826746
 45.458008,-87.825619
 45.45928,-87.824364
 45.459867,-87.821499
 45.460319,-87.820287
 45.46065,-87.819986
 45.46138,-87.82048
 45.461779,-87.820544
 45.462177,-87.820362
 45.462426,-87.819922
 45.462757,-87.815748
 45.463366,-87.814171
 45.464074,-87.813088
 45.46445,-87.812948
 45.46609,-87.812916
 45.467573,-87.8118
 45.47226,-87.806393
 45.473005,-87.805856
 45.474254,-87.805867
 45.476977,-87.807348
 45.478241,-87.807283
 45.47864,-87.807122
 45.479023,-87.806897
 45.479926,-87.805653
 45.481927,-87.803464
 45.483424,-87.800878
 45.485011,-87.799076
 45.486606,-87.798368
 45.488712,-87.798185
 45.490367,-87.797724
 45.49333,-87.798228
 45.493736,-87.79811
 45.494074,-87.79781
 45.494774,-87.796361
 45.497444,-87.794591
 45.498083,-87.793808
 45.498925,-87.793196
 45.49973,-87.792864
 45.500143,-87.792789
 45.502655,-87.793143
 45.503903,-87.79296
 45.505114,-87.793357
 45.505535,-87.794334
 45.505963,-87.797874
 45.506437,-87.798915
 45.507114,-87.79943
 45.510377,-87.800632
 45.513091,-87.802219
 45.518128,-87.80252
 45.524518,-87.804172
 45.530997,-87.804708
 45.534364,-87.804494
 45.536776,-87.803475
 45.537422,-87.803378
 45.538264,-87.803442
 45.538647,-87.803679
 45.541503,-87.806211
 45.543486,-87.807165
 45.544508,-87.808206
 45.546522,-87.811671
 45.548663,-87.81386
 45.54955,-87.817079
 45.550211,-87.817765
 45.552135,-87.818924
 45.555568,-87.827078
 45.557604,-87.830125
 45.558625,-87.832024
 45.55964,-87.833022
 45.561728,-87.833676
 45.562554,-87.833515
 45.563613,-87.832571
 45.564808,-87.831992
 45.566054,-87.831692
 45.567294,-87.831885
 45.567932,-87.831767
 45.56842,-87.831091
 45.568758,-87.829374
 45.568398,-87.827668
 45.567489,-87.825437
 45.567226,-87.823709
 45.566986,-87.819536
 45.565326,-87.814686
 45.565183,-87.813689
 45.565491,-87.812154
 45.565416,-87.810985
 45.565273,-87.810438
 45.563268,-87.807412
 45.56284,-87.805728
 45.562141,-87.797552
 45.562426,-87.79458
 45.563087,-87.792381
 45.564883,-87.789967
 45.565882,-87.788883
 45.56628,-87.788723
 45.567932,-87.788326
 45.569044,-87.788508
 45.570291,-87.788347
 45.574857,-87.787317
 45.579257,-87.787231
 45.581345,-87.78751
 45.582524,-87.78692
 45.583485,-87.786115
 45.584108,-87.785321
 45.585482,-87.781641
 45.586984,-87.780064
 45.587877,-87.778058
 45.588493,-87.777275
 45.589311,-87.777125
 45.593794,-87.777479
 45.597892,-87.776223
 45.599799,-87.775902
 45.601331,-87.774947
 45.602126,-87.774764
 45.602734,-87.775569
 45.603455,-87.777039
 45.604521,-87.77794
 45.607485,-87.778391
 45.607876,-87.778283
 45.608574,-87.777661
 45.608987,-87.77765
 45.609377,-87.777833
 45.610788,-87.77912
 45.612829,-87.779785
 45.614285,-87.780644
 45.614675,-87.781073
 45.615216,-87.782704
 45.616814,-87.792134
 45.6177,-87.794162
 45.618885,-87.795846
 45.619673,-87.796222
 45.622022,-87.796201
 45.62359,-87.797005
 45.625849,-87.799666
 45.627724,-87.80296
 45.629007,-87.804505
 45.630793,-87.805728
 45.634356,-87.807519
 45.638872,-87.81033
 45.639893,-87.811403
 45.642045,-87.814804
 45.643891,-87.81725
 45.645743,-87.822132
 45.646238,-87.823098
 45.646883,-87.823849
 45.647633,-87.824342
 45.650153,-87.824353
 45.652471,-87.824632
 45.653168,-87.824653
 45.653986,-87.824417
 45.656175,-87.822679
 45.65784,-87.822422
 45.658973,-87.823151
 45.659602,-87.823935
 45.65991,-87.823935
 45.660517,-87.823237
 45.661027,-87.822937
 45.661395,-87.823162
 45.661653,-87.82357
 45.661756,-87.824455
 45.661934,-87.824578
 45.662058,-87.824739
 45.662204,-87.824417
 45.662789,-87.822829
 45.663134,-87.819879
 45.663786,-87.817025
 45.664971,-87.814568
 45.665159,-87.813689
 45.665369,-87.809097
 45.665638,-87.806726
 45.666493,-87.803357
 45.666898,-87.802445
 45.667505,-87.801619
 45.670039,-87.799022
 45.671059,-87.796426
 45.671419,-87.794698
 45.672064,-87.788347
 45.672671,-87.785493
 45.672858,-87.783101
 45.673391,-87.781513
 45.674125,-87.780976
 45.675437,-87.78073
 45.679133,-87.780719
 45.680385,-87.780858
 45.682753,-87.782071
 45.68333,-87.782532
 45.685324,-87.784828
 45.687295,-87.78795
 45.692272,-87.798722
 45.693741,-87.80164
 45.695187,-87.803775
 45.695674,-87.804751
 45.696356,-87.805406
 45.69751,-87.806114
 45.699556,-87.808839
 45.699908,-87.809107
 45.700305,-87.809118
 45.702058,-87.806575
 45.703422,-87.805191
 45.705078,-87.805105
 45.70591,-87.805299
 45.706816,-87.805867
 45.70815,-87.807316
 45.710255,-87.810223
 45.711221,-87.812186
 45.711903,-87.815266
 45.712637,-87.821789
 45.712682,-87.824117
 45.714345,-87.826241
 45.714518,-87.826767
 45.714937,-87.831488
 45.716855,-87.837152
 45.717986,-87.839663
 45.721102,-87.844545
 45.725139,-87.850199
 45.725521,-87.85125
 45.726165,-87.854104
 45.726952,-87.855477
 45.727603,-87.856218
 45.730554,-87.858589
 45.735085,-87.862912
 45.737122,-87.864275
 45.738791,-87.864136
 45.739975,-87.863739
 45.740371,-87.863867
 45.74118,-87.863588
 45.741592,-87.863567
 45.742348,-87.863932
 45.742723,-87.863739
 45.743584,-87.861786
 45.74398,-87.861711
 45.744804,-87.862076
 45.745336,-87.862912
 45.746264,-87.865584
 45.746571,-87.865981
 45.748473,-87.867215
 45.749476,-87.868234
 45.749955,-87.870176
 45.750254,-87.872536
 45.750636,-87.873555
 45.75131,-87.874274
 45.753616,-87.875626
 45.753945,-87.875959
 45.754372,-87.876956
 45.754836,-87.880057
 45.754739,-87.88245
 45.753968,-87.885851
 45.754185,-87.890046
 45.754087,-87.891644
 45.752395,-87.895775
 45.752306,-87.896322
 45.752478,-87.898103
 45.753204,-87.89953
 45.753855,-87.900249
 45.754619,-87.900742
 45.756258,-87.901225
 45.757823,-87.902598
 45.759185,-87.90483
 45.759499,-87.906579
 45.759222,-87.908252
 45.756962,-87.90983
 45.756685,-87.910205
 45.756573,-87.911375
 45.757022,-87.912941
 45.757875,-87.91425
 45.75896,-87.915162
 45.759237,-87.91558
 45.759462,-87.916728
 45.759462,-87.917318
 45.759148,-87.918402
 45.757426,-87.920043
 45.757044,-87.921739
 45.757097,-87.922297
 45.757748,-87.923799
 45.759716,-87.926899
 45.76033,-87.92897
 45.760151,-87.930075
 45.758571,-87.933208
 45.758077,-87.934946
 45.758107,-87.938551
 45.757718,-87.942113
 45.757456,-87.943872
 45.756692,-87.945879
 45.756752,-87.946458
 45.757838,-87.948979
 45.758414,-87.952455
 45.758324,-87.954848
 45.757374,-87.959214
 45.75771,-87.961564
 45.758152,-87.963248
 45.759035,-87.964493
 45.759425,-87.964686
 45.760413,-87.963946
 45.760802,-87.964075
 45.763968,-87.966961
 45.766303,-87.972486
 45.766977,-87.976584
 45.768309,-87.98108
 45.769536,-87.986197
 45.770891,-87.988451
 45.771991,-87.989609
 45.772777,-87.989792
 45.773121,-87.989448
 45.774872,-87.985629
 45.77473,-87.983279
 45.774999,-87.982142
 45.775246,-87.981713
 45.777124,-87.980908
 45.783125,-87.9827
 45.789058,-87.985682
 45.792716,-87.987742
 45.793442,-87.988343
 45.794893,-87.990028
 45.795417,-87.991658
 45.795626,-87.99404
 45.79532,-87.99639
 45.794145,-88.001411
 45.792155,-88.007365
 45.792013,-88.009146
 45.792073,-88.011507
 45.792612,-88.015434
 45.792402,-88.017805
 45.791946,-88.019478
 45.79021,-88.023309
 45.789223,-88.027257
 45.78923,-88.030851
 45.789769,-88.033479
 45.789881,-88.036237
 45.789859,-88.036827
 45.789529,-88.037889
 45.789582,-88.039659
 45.789335,-88.040088
 45.788946,-88.040206
 45.788123,-88.040035
 45.786574,-88.040818
 45.784943,-88.040582
 45.78418,-88.041065
 45.783709,-88.041998
 45.783784,-88.043779
 45.783649,-88.04482
 45.783387,-88.045249
 45.782646,-88.045818
 45.782414,-88.046257
 45.782482,-88.048618
 45.78225,-88.049111
 45.78121,-88.050023
 45.78103,-88.050549
 45.780551,-88.05704
 45.780649,-88.058209
 45.781008,-88.059207
 45.78002,-88.069807
 45.780147,-88.072178
 45.781419,-88.075933
 45.782025,-88.07676
 45.784218,-88.078251
 45.784809,-88.079098
 45.78516,-88.080171
 45.785272,-88.082553
 45.784711,-88.088411
 45.78522,-88.09296
 45.785691,-88.094602
 45.78742,-88.096254
 45.788579,-88.097992
 45.790061,-88.099558
 45.790794,-88.10252
 45.791407,-88.103313
 45.792185,-88.103732
 45.793853,-88.10385
 45.794265,-88.104011
 45.796068,-88.105502
 45.796853,-88.10591
 45.797683,-88.105996
 45.798843,-88.105524
 45.799673,-88.105384
 45.800077,-88.105481
 45.801154,-88.10636
 45.802343,-88.10694
 45.803024,-88.107616
 45.80354,-88.108549
 45.803637,-88.109118
 45.803622,-88.112572
 45.804063,-88.116124
 45.804624,-88.117733
 45.806255,-88.120619
 45.808057,-88.126649
 45.808895,-88.12873
 45.809695,-88.130103
 45.812081,-88.132389
 45.813763,-88.132989
 45.814915,-88.133698
 45.817106,-88.135446
 45.81828,-88.136079
 45.819102,-88.136154
 45.820336,-88.135833
 45.821405,-88.135307
 45.822512,-88.134459
 45.824358,-88.132131
 45.82625,-88.128923
 45.830481,-88.123215
 45.833098,-88.120683
 45.835871,-88.116188
 45.838696,-88.112283
 45.839205,-88.111339
 45.840296,-88.108463
 45.842269,-88.105373
 45.844997,-88.102713
 45.847209,-88.101028
 45.850303,-88.097906
 45.851491,-88.095481
 45.853113,-88.093239
 45.854413,-88.090889
 45.856879,-88.087842
 45.858351,-88.086759
 45.861332,-88.085825
 45.864859,-88.082607
 45.865038,-88.082103
 45.864941,-88.080933
 45.863865,-88.07838
 45.863761,-88.07735
 45.864799,-88.075
 45.865494,-88.074399
 45.865905,-88.074346
 45.866308,-88.074496
 45.8684,-88.076116
 45.869543,-88.075869
 45.869887,-88.075569
 45.870574,-88.074152
 45.871747,-88.073734
 45.872479,-88.070322
 45.872748,-88.069904
 45.873136,-88.069786
 45.873935,-88.070108
 45.874548,-88.070912
 45.875071,-88.0725
 45.875833,-88.075933
 45.876288,-88.076931
 45.877416,-88.078262
 45.879201,-88.079828
 45.879776,-88.080697
 45.880172,-88.081748
 45.880561,-88.083454
 45.88065,-88.085847
 45.880538,-88.087639
 45.879769,-88.092896
 45.879874,-88.096501
 45.880068,-88.097659
 45.880822,-88.099655
 45.881733,-88.100857
 45.882615,-88.101457
 45.883406,-88.101833
 45.884235,-88.101994
 45.890718,-88.102305
 45.892383,-88.102573
 45.894832,-88.103335
 45.896788,-88.105556
 45.898289,-88.10665
 45.899514,-88.106983
 45.902007,-88.106672
 45.902806,-88.106307
 45.905322,-88.105652
 45.905972,-88.105309
 45.91001,-88.102187
 45.911026,-88.101135
 45.91219,-88.099108
 45.913056,-88.096426
 45.913541,-88.09546
 45.91431,-88.095052
 45.915146,-88.094934
 45.91596,-88.095095
 45.917647,-88.096865
 45.921565,-88.10252
 45.922177,-88.10474
 45.922416,-88.108324
 45.922155,-88.114364
 45.921834,-88.116102
 45.921005,-88.118699
 45.920729,-88.120598
 45.920729,-88.121885
 45.92152,-88.124503
 45.921587,-88.125007
 45.921386,-88.125329
 45.921543,-88.126477
 45.92208,-88.127367
 45.922461,-88.127571
 45.923252,-88.127335
 45.923856,-88.126531
 45.92461,-88.126134
 45.925028,-88.126155
 45.926013,-88.127228
 45.926931,-88.130533
 45.929259,-88.136519
 45.930043,-88.139298
 45.930685,-88.140843
 45.932304,-88.14271
 45.932878,-88.144823
 45.933752,-88.1461
 45.934117,-88.146379
 45.935318,-88.146089
 45.936072,-88.146336
 45.937251,-88.147945
 45.937221,-88.149737
 45.93687,-88.152688
 45.937199,-88.154329
 45.940407,-88.161786
 45.940467,-88.162977
 45.940191,-88.163245
 45.93896,-88.163148
 45.938587,-88.163373
 45.938385,-88.163846
 45.938415,-88.165315
 45.938676,-88.16686
 45.939534,-88.170251
 45.939997,-88.171248
 45.940899,-88.172482
 45.944861,-88.175529
 45.947218,-88.178265
 45.94839,-88.180733
 45.948666,-88.181859
 45.948964,-88.184831
 45.949285,-88.185915
 45.95068,-88.187363
 45.951873,-88.189026
 45.952671,-88.191741
 45.952463,-88.192438
 45.953305,-88.19645
 45.953082,-88.197588
 45.952313,-88.198907
 45.950963,-88.200184
 45.950642,-88.200581
 45.950225,-88.2016
 45.949538,-88.20219
 45.948725,-88.202062
 45.947949,-88.201729
 45.946786,-88.202212
 45.945577,-88.201836
 45.945182,-88.201933
 45.944951,-88.202373
 45.944913,-88.202941
 45.945577,-88.204401
 45.945532,-88.205001
 45.945033,-88.207887
 45.944406,-88.20954
 45.944346,-88.210119
 45.948449,-88.222682
 45.948554,-88.223863
 45.948434,-88.225054
 45.947621,-88.227811
 45.947383,-88.22957
 45.947308,-88.232832
 45.947882,-88.235707
 45.948912,-88.239634
 45.95059,-88.242853
 45.950068,-88.242037
 45.952,-88.244365
 45.953895,-88.245631
 45.956326,-88.246511
 45.956737,-88.246533
 45.95881,-88.245932
 45.961167,-88.246018
 45.96283,-88.246275
 45.963203,-88.2465
 45.963516,-88.247563
 45.963635,-88.249344
 45.963449,-88.253582
 45.958721,-88.264868
 45.957654,-88.268012
 45.957385,-88.26842
 45.95664,-88.268892
 45.956468,-88.269407
 45.956475,-88.273537
 45.956356,-88.274728
 45.955782,-88.277196
 45.956043,-88.278955
 45.955976,-88.279513
 45.954954,-88.282109
 45.954917,-88.282689
 45.955476,-88.284127
 45.955349,-88.285264
 45.95467,-88.286304
 45.953552,-88.287098
 45.952955,-88.287935
 45.9525,-88.288922
 45.95203,-88.290585
 45.951232,-88.291926
 45.951068,-88.292817
 45.951015,-88.294019
 45.951232,-88.295242
 45.951426,-88.295563
 45.953238,-88.296572
 45.953969,-88.297248
 45.95482,-88.29845
 45.956311,-88.301336
 45.956699,-88.302398
 45.957348,-88.305252
 45.958467,-88.30699
 45.959392,-88.309489
 45.95963,-88.310627
 45.959571,-88.312408
 45.960809,-88.316184
 45.956311,-88.325465
 45.956349,-88.325862
 45.957736,-88.329467
 45.960264,-88.328362
 45.961458,-88.328555
 45.962599,-88.327889
 45.963016,-88.327868
 45.96465,-88.328211
 45.966589,-88.330314
 45.967595,-88.332213
 45.96902,-88.334413
 45.970183,-88.337599
 45.970272,-88.338758
 45.970123,-88.339305
 45.969557,-88.340153
 45.969355,-88.341097
 45.969422,-88.341472
 45.970034,-88.342234
 45.970429,-88.342406
 45.972092,-88.342363
 45.972487,-88.342481
 45.97327,-88.343854
 45.974239,-88.345023
 45.974493,-88.345495
 45.974612,-88.346654
 45.974955,-88.347738
 45.975567,-88.348521
 45.97629,-88.349111
 45.977498,-88.350763
 45.978042,-88.353006
 45.979295,-88.354497
 45.979787,-88.35675
 45.98092,-88.358488
 45.982165,-88.359894
 45.985102,-88.367629
 45.985326,-88.368756
 45.985356,-88.370558
 45.985617,-88.371663
 45.986243,-88.372446
 45.987391,-88.373154
 45.988591,-88.373659
 45.989001,-88.374217
 45.98959,-88.376781
 45.990827,-88.379173
 45.991677,-88.380418
 45.99167,-88.381008
 45.990641,-88.3828
 45.99041,-88.384945
 45.989799,-88.385203
 45.988733,-88.384452
 45.98792,-88.384452
 45.984819,-88.387381
 45.983231,-88.388046
 45.982679,-88.388915
 45.982321,-88.390632
 45.981114,-88.393217
 45.980398,-88.395363
 45.980376,-88.399376
 45.980972,-88.400942
 45.981188,-88.402702
 45.979734,-88.409665
 45.979354,-88.410716
 45.975701,-88.414707
 45.975574,-88.415093
 45.980987,-88.422797
 45.981934,-88.423494
 45.983045,-88.425243
 45.984118,-88.426101
 45.984282,-88.426552
 45.984088,-88.4277
 45.984409,-88.429309
 45.984394,-88.430479
 45.984946,-88.431262
 45.985117,-88.431777
 45.985169,-88.432978
 45.985348,-88.433493
 45.986034,-88.434062
 45.986817,-88.433751
 45.987227,-88.433794
 45.987927,-88.434395
 45.988203,-88.434813
 45.988159,-88.43654
 45.988733,-88.438772
 45.990015,-88.439287
 45.990626,-88.44021
 45.990805,-88.441347
 45.990663,-88.443139
 45.989791,-88.448374
 45.990082,-88.450102
 45.991945,-88.452752
 45.99328,-88.454179
 45.994099,-88.454297
 45.996164,-88.453878
 45.99723,-88.454146
 45.997849,-88.454908
 45.998713,-88.457623
 45.999302,-88.458449
 45.999451,-88.460809
 45.999317,-88.462311
 45.999466,-88.462847
 46.000055,-88.463545
 46.000487,-88.464553
 46.000666,-88.465723
 46.000629,-88.468105
 46.000971,-88.469188
 46.000785,-88.469585
 45.992512,-88.476859
 45.992214,-88.492126
 45.992325,-88.492663
 45.994263,-88.495002
 45.99963,-88.497351
 45.999928,-88.49763
 46.000308,-88.498628
 46.000547,-88.500355
 46.0008,-88.500774
 46.001202,-88.500892
 46.002007,-88.500774
 46.003982,-88.501557
 46.004236,-88.501922
 46.005249,-88.50248
 46.00595,-88.503081
 46.006322,-88.503038
 46.006568,-88.502609
 46.006918,-88.502373
 46.007261,-88.502598
 46.007745,-88.503563
 46.008394,-88.504304
 46.009966,-88.505065
 46.011084,-88.506396
 46.011903,-88.506439
 46.013304,-88.505967
 46.015808,-88.50602
 46.017052,-88.506213
 46.017805,-88.506653
 46.018393,-88.507458
 46.01916,-88.509593
 46.019906,-88.5144
 46.020002,-88.51559
 46.019704,-88.518434
 46.019779,-88.520225
 46.019511,-88.522586
 46.019689,-88.523744
 46.020546,-88.52559
 46.0208,-88.526716
 46.020569,-88.529431
 46.020658,-88.530622
 46.021179,-88.53222
 46.02109,-88.5334
 46.020852,-88.533829
 46.020457,-88.533862
 46.018974,-88.532521
 46.018579,-88.532413
 46.018199,-88.532596
 46.017939,-88.533025
 46.01808,-88.534763
 46.017805,-88.535846
 46.017164,-88.536619
 46.016083,-88.537509
 46.014556,-88.539408
 46.013848,-88.540889
 46.013423,-88.543185
 46.013438,-88.544387
 46.013803,-88.546715
 46.013595,-88.547852
 46.012932,-88.549311
 46.012939,-88.550802
 46.013312,-88.551865
 46.014854,-88.554697
 46.015018,-88.555244
 46.014973,-88.556424
 46.014213,-88.558506
 46.014183,-88.559643
 46.015472,-88.565791
 46.015443,-88.566327
 46.010018,-88.577485
 46.009556,-88.579094
 46.006136,-88.584287
 46.006113,-88.584716
 46.017276,-88.601367
 46.017432,-88.601829
 46.016717,-88.603288
 46.016069,-88.604017
 46.013342,-88.605477
 46.011292,-88.607215
 46.010488,-88.60744
 46.009273,-88.607097
 46.008446,-88.607043
 46.007269,-88.607569
 46.006307,-88.608695
 46.005875,-88.609704
 46.00545,-88.61141
 46.004929,-88.612289
 46.004325,-88.612407
 46.003289,-88.611495
 46.00083,-88.612032
 45.999637,-88.611656
 45.998408,-88.611678
 45.998072,-88.612
 45.997662,-88.61303
 45.997126,-88.613684
 45.995985,-88.6145
 45.995583,-88.614639
 45.994793,-88.614564
 45.994047,-88.61568
 45.99313,-88.615594
 45.992132,-88.613791
 45.991424,-88.613169
 45.991021,-88.613094
 45.989933,-88.613749
 45.989061,-88.613985
 45.987987,-88.615969
 45.987786,-88.617096
 45.988337,-88.619982
 45.98871,-88.623544
 45.98868,-88.624134
 45.987696,-88.626033
 45.98792,-88.627074
 45.988367,-88.62805
 45.988419,-88.628629
 45.988181,-88.633415
 45.987905,-88.63453
 45.987585,-88.634863
 45.98593,-88.635153
 45.985535,-88.635303
 45.985236,-88.635678
 45.985057,-88.637727
 45.985244,-88.639294
 45.986809,-88.644186
 45.9871,-88.645935
 45.987279,-88.64645
 45.987875,-88.64704
 45.987764,-88.652694
 45.989098,-88.659014
 45.987577,-88.663133
 45.987607,-88.663681
 45.989217,-88.670933
 45.999764,-88.670944
 45.999958,-88.670762
 46.000062,-88.670171
 46.000427,-88.670064
 46.000807,-88.670096
 46.001985,-88.671716
 46.002343,-88.671931
 46.003162,-88.671877
 46.004616,-88.671266
 46.004876,-88.671373
 46.006002,-88.672124
 46.006807,-88.673455
 46.0075,-88.67412
 46.013893,-88.683057
 46.01434,-88.684698
 46.018103,-88.704579
 46.017916,-88.705684
 46.01738,-88.706585
 46.016322,-88.707519
 46.015495,-88.707669
 46.015204,-88.707948
 46.015174,-88.709139
 46.015316,-88.709664
 46.016046,-88.710115
 46.016337,-88.710501
 46.016367,-88.711649
 46.016128,-88.712121
 46.014183,-88.71298
 46.012991,-88.712722
 46.012723,-88.713098
 46.013125,-88.715533
 46.0132,-88.717915
 46.013364,-88.718451
 46.013714,-88.718709
 46.014116,-88.718612
 46.014847,-88.718065
 46.015256,-88.718001
 46.015621,-88.718247
 46.016344,-88.72034
 46.017119,-88.721756
 46.017477,-88.721992
 46.017879,-88.721949
 46.018974,-88.721176
 46.020129,-88.721488
 46.021768,-88.721112
 46.022133,-88.721294
 46.022818,-88.72344
 46.023116,-88.723826
 46.024256,-88.724535
 46.024547,-88.724953
 46.025701,-88.728687
 46.026543,-88.730757
 46.026633,-88.731337
 46.026499,-88.732495
 46.025605,-88.733686
 46.025493,-88.734244
 46.025716,-88.735392
 46.02705,-88.738343
 46.027281,-88.740081
 46.026923,-88.741143
 46.026312,-88.741937
 46.026134,-88.742452
 46.02588,-88.746035
 46.025716,-88.746572
 46.024688,-88.747687
 46.024234,-88.748578
 46.02363,-88.752033
 46.022558,-88.753856
 46.021492,-88.754747
 46.020181,-88.756303
 46.019563,-88.758577
 46.019801,-88.759993
 46.020762,-88.761463
 46.022014,-88.763866
 46.02261,-88.764703
 46.024167,-88.765519
 46.024785,-88.766291
 46.025597,-88.768373
 46.025649,-88.769939
 46.025217,-88.770915
 46.024845,-88.771044
 46.022967,-88.769456
 46.021895,-88.768823
 46.020651,-88.768716
 46.019153,-88.769596
 46.01893,-88.769875
 46.018587,-88.771613
 46.017968,-88.773158
 46.016456,-88.775228
 46.015942,-88.776172
 46.015458,-88.777814
 46.01542,-88.779606
 46.015979,-88.781354
 46.016605,-88.782105
 46.018557,-88.783092
 46.020531,-88.783768
 46.023437,-88.783972
 46.024234,-88.783704
 46.024584,-88.783382
 46.028674,-88.778908
 46.029054,-88.778704
 46.029888,-88.778597
 46.031556,-88.778694
 46.031974,-88.779649
 46.032219,-88.782728
 46.032666,-88.78365
 46.032569,-88.784798
 46.031199,-88.786129
 46.028897,-88.787459
 46.028622,-88.788553
 46.028957,-88.789605
 46.029285,-88.789948
 46.030893,-88.79056
 46.031594,-88.791182
 46.032249,-88.792083
 46.033493,-88.795184
 46.03362,-88.796289
 46.032905,-88.796825
 46.032376,-88.797662
 46.031646,-88.798145
 46.03102,-88.79969
 46.030387,-88.800462
 46.030015,-88.800581
 46.027959,-88.797641
 46.02664,-88.79616
 46.025001,-88.795795
 46.024174,-88.795946
 46.023817,-88.796214
 46.023578,-88.796675
 46.023549,-88.797265
 46.023839,-88.799626
 46.023675,-88.801997
 46.023198,-88.803316
 46.022222,-88.804432
 46.021574,-88.805913
 46.022073,-88.810054
 46.021887,-88.811213
 46.021187,-88.812672
 46.020822,-88.813852
 46.020613,-88.815622
 46.020725,-88.816051
 46.021552,-88.816094
 46.022722,-88.815504
 46.023109,-88.815569
 46.024025,-88.816749
 46.024562,-88.818358
 46.024904,-88.818637
 46.026119,-88.818895
 46.02629,-88.819388
 46.026275,-88.822371
 46.026409,-88.823562
 46.026804,-88.824688
 46.028003,-88.826898
 46.028219,-88.828025
 46.029642,-88.831673
 46.029672,-88.833464
 46.030231,-88.835031
 46.030432,-88.837037
 46.030394,-88.837595
 46.029784,-88.838346
 46.029605,-88.838829
 46.029828,-88.839236
 46.030596,-88.839655
 46.031132,-88.840545
 46.032257,-88.8412
 46.033061,-88.843861
 46.033426,-88.844086
 46.03464,-88.843786
 46.035161,-88.844461
 46.036606,-88.847111
 46.038885,-88.848442
 46.040367,-88.850523
 46.046191,-88.865029
 46.050428,-88.874985
 46.109615,-89.021434
 46.111817,-89.026487
 46.134839,-89.082695
 46.138542,-89.092137
 46.144503,-89.124988
 46.150346,-89.155029
 46.152917,-89.167153
 46.15786,-89.19405
 46.158989,-89.199554
 46.160282,-89.204628
 46.162965,-89.218018
 46.171614,-89.263948
 46.193453,-89.375914
 46.197463,-89.398477
 46.206968,-89.447626
 46.212967,-89.477667
 46.216389,-89.496195
 46.217889,-89.502568
 46.223998,-89.533178
 46.224748,-89.538606
 46.238352,-89.608365
 46.243917,-89.639018
 46.249719,-89.667299
 46.250431,-89.671977
 46.265549,-89.750597
 46.268197,-89.765092
 46.273351,-89.790466
 46.288522,-89.870299
 46.289879,-89.875342
 46.29211,-89.889482
 46.293393,-89.895083
 46.293912,-89.898806
 46.29489,-89.903837
 46.295669,-89.905919
 46.296299,-89.909406
 46.296284,-89.910371
 46.296773,-89.912496
 46.2981,-89.920682
 46.336914,-90.120635
 46.337151,-90.121129
 46.337529,-90.121322
 46.338336,-90.121257
 46.338803,-90.120678
 46.339106,-90.119004
 46.339454,-90.118414
 46.341839,-90.118232
 46.342862,-90.119208
 46.344461,-90.119798
 46.344765,-90.12012
 46.344417,-90.121708
 46.345624,-90.123242
 46.345972,-90.123543
 46.346372,-90.123575
 46.346683,-90.123296
 46.346742,-90.122126
 46.347046,-90.121654
 46.348209,-90.121429
 46.349083,-90.120775
 46.349297,-90.120442
 46.349386,-90.119905
 46.349098,-90.118822
 46.349312,-90.118446
 46.350001,-90.118554
 46.349942,-90.118114
 46.349631,-90.11777
 46.349631,-90.117427
 46.350045,-90.117331
 46.350712,-90.116762
 46.35357,-90.116676
 46.353763,-90.117127
 46.354059,-90.117373
 46.354718,-90.116944
 46.355118,-90.11688
 46.355836,-90.117331
 46.357058,-90.117588
 46.359361,-90.118918
 46.359694,-90.11924
 46.359716,-90.120785
 46.360501,-90.120742
 46.360716,-90.120946
 46.360494,-90.121944
 46.360575,-90.123081
 46.360886,-90.12336
 46.361264,-90.123253
 46.361538,-90.122834
 46.361819,-90.122716
 46.361893,-90.123264
 46.362219,-90.1235
 46.362745,-90.122824
 46.363529,-90.122942
 46.364847,-90.124326
 46.365417,-90.125796
 46.366594,-90.1263
 46.366942,-90.126611
 46.367698,-90.128016
 46.368201,-90.129669
 46.368675,-90.130634
 46.369015,-90.130945
 46.369334,-90.130785
 46.369733,-90.129905
 46.370007,-90.129948
 46.370326,-90.130398
 46.371044,-90.130645
 46.370977,-90.131128
 46.371147,-90.132061
 46.372028,-90.133982
 46.372835,-90.13396
 46.373916,-90.134625
 46.375159,-90.134625
 46.377543,-90.133992
 46.377824,-90.133724
 46.37792,-90.133156
 46.378209,-90.132855
 46.378616,-90.132941
 46.378971,-90.13395
 46.37926,-90.134218
 46.379897,-90.133553
 46.380356,-90.132598
 46.380689,-90.132308
 46.381096,-90.132254
 46.381917,-90.133477
 46.382243,-90.135151
 46.382902,-90.135602
 46.383331,-90.136632
 46.384545,-90.13823
 46.385048,-90.139453
 46.385373,-90.139765
 46.386143,-90.140001
 46.387113,-90.141095
 46.387505,-90.141224
 46.38826,-90.140837
 46.388652,-90.140891
 46.389222,-90.141717
 46.389762,-90.143745
 46.390058,-90.144163
 46.39119,-90.144839
 46.391597,-90.14485
 46.391938,-90.144571
 46.392678,-90.144356
 46.394121,-90.145419
 46.395378,-90.146964
 46.395748,-90.147178
 46.396163,-90.147232
 46.397361,-90.146792
 46.399004,-90.146738
 46.3993,-90.147082
 46.399115,-90.149345
 46.400121,-90.150257
 46.400269,-90.150815
 46.400883,-90.15147
 46.401165,-90.152586
 46.401416,-90.153004
 46.403051,-90.153229
 46.403428,-90.153176
 46.403776,-90.152897
 46.40405,-90.153154
 46.404035,-90.153841
 46.404568,-90.154366
 46.405389,-90.154291
 46.40601,-90.15368
 46.406891,-90.153884
 46.407201,-90.155439
 46.408015,-90.156587
 46.408156,-90.157124
 46.408896,-90.157328
 46.409191,-90.157703
 46.411122,-90.158572
 46.412335,-90.158497
 46.413955,-90.158969
 46.41437,-90.158916
 46.415716,-90.15781
 46.416507,-90.157843
 46.41806,-90.158669
 46.419296,-90.158776
 46.420472,-90.158218
 46.421167,-90.157628
 46.421574,-90.157639
 46.422306,-90.158165
 46.422594,-90.158561
 46.42269,-90.159827
 46.422757,-90.160289
 46.422957,-90.160557
 46.42377,-90.160503
 46.424865,-90.159667
 46.425257,-90.159602
 46.425582,-90.159903
 46.426359,-90.160139
 46.427349,-90.161973
 46.42769,-90.162263
 46.429745,-90.162306
 46.430485,-90.162542
 46.432082,-90.163443
 46.43331,-90.163282
 46.434544,-90.163432
 46.438116,-90.166823
 46.440171,-90.166984
 46.441775,-90.167574
 46.441894,-90.167992
 46.441591,-90.168335
 46.440408,-90.16884
 46.439816,-90.169644
 46.439668,-90.170192
 46.439868,-90.173142
 46.439654,-90.17429
 46.439705,-90.17488
 46.440496,-90.177755
 46.44128,-90.177723
 46.442064,-90.178024
 46.443254,-90.177723
 46.444481,-90.17782
 46.447313,-90.176886
 46.448118,-90.176833
 46.448887,-90.177273
 46.450233,-90.178667
 46.45061,-90.178882
 46.451415,-90.178775
 46.452598,-90.179214
 46.453285,-90.179129
 46.456042,-90.177873
 46.456841,-90.178045
 46.457942,-90.178871
 46.45877,-90.18018
 46.458792,-90.180738
 46.458592,-90.181221
 46.45823,-90.181285
 46.457454,-90.179976
 46.457107,-90.179719
 46.456796,-90.179923
 46.456811,-90.18048
 46.457232,-90.1815
 46.45871,-90.188302
 46.459161,-90.189321
 46.460048,-90.190566
 46.460817,-90.191123
 46.46163,-90.191252
 46.462228,-90.192615
 46.462953,-90.193173
 46.463322,-90.193259
 46.463573,-90.19225
 46.463862,-90.191939
 46.464261,-90.19181
 46.465022,-90.192111
 46.465436,-90.192046
 46.465798,-90.191799
 46.466056,-90.19136
 46.4663,-90.190244
 46.466943,-90.189503
 46.468392,-90.188677
 46.468783,-90.188849
 46.468983,-90.189224
 46.468429,-90.191488
 46.468502,-90.192626
 46.46882,-90.192872
 46.469943,-90.192207
 46.47035,-90.192261
 46.472308,-90.193151
 46.47332,-90.195673
 46.473187,-90.196778
 46.473867,-90.197314
 46.474318,-90.19799
 46.476002,-90.201573
 46.478285,-90.204073
 46.479792,-90.205007
 46.48141,-90.205489
 46.48438,-90.205404
 46.484779,-90.205575
 46.485828,-90.206519
 46.486338,-90.208097
 46.487217,-90.209277
 46.490105,-90.211583
 46.49111,-90.21197
 46.492646,-90.211133
 46.493052,-90.211133
 46.493407,-90.211369
 46.493931,-90.212302
 46.495482,-90.213032
 46.496878,-90.214309
 46.498414,-90.214909
 46.499906,-90.21492
 46.50193,-90.216883
 46.502321,-90.217924
 46.502461,-90.219072
 46.503333,-90.220295
 46.503392,-90.221475
 46.503289,-90.222645
 46.502646,-90.225499
 46.501708,-90.228159
 46.50162,-90.22993
 46.501834,-90.230284
 46.502417,-90.22949
 46.502742,-90.229436
 46.503362,-90.230927
 46.503746,-90.231003
 46.504958,-90.230777
 46.506959,-90.229586
 46.508177,-90.229479
 46.509329,-90.230101
 46.509824,-90.231045
 46.509565,-90.232108
 46.507165,-90.236228
 46.5069,-90.237354
 46.506811,-90.239124
 46.506457,-90.240197
 46.50611,-90.240712
 46.505666,-90.2426
 46.505231,-90.243577
 46.504854,-90.245894
 46.505334,-90.248158
 46.504655,-90.250958
 46.504721,-90.256709
 46.50464,-90.257277
 46.504382,-90.257739
 46.503429,-90.258812
 46.502764,-90.26099
 46.50275,-90.262781
 46.502919,-90.263307
 46.503732,-90.263897
 46.504308,-90.265378
 46.50509,-90.265539
 46.505423,-90.265292
 46.505689,-90.264187
 46.50591,-90.263983
 46.506169,-90.264037
 46.507114,-90.265185
 46.507845,-90.266547
 46.507291,-90.268124
 46.506848,-90.27041
 46.506191,-90.271053
 46.505031,-90.271568
 46.504766,-90.272529
 46.50512,-90.27303
 46.505977,-90.273145
 46.507874,-90.273156
 46.509388,-90.272233
 46.51102,-90.270452
 46.511825,-90.270528
 46.51325,-90.272663
 46.515347,-90.274605
 46.51528,-90.275495
 46.514623,-90.277019
 46.514616,-90.277555
 46.514926,-90.277759
 46.516454,-90.276868
 46.518167,-90.275216
 46.518543,-90.274336
 46.51889,-90.27262
 46.519105,-90.272137
 46.519474,-90.271922
 46.520692,-90.272266
 46.521356,-90.272834
 46.52442,-90.276911
 46.524427,-90.27748
 46.52422,-90.277963
 46.523504,-90.278531
 46.522309,-90.278939
 46.522035,-90.279347
 46.521452,-90.282147
 46.520507,-90.281557
 46.520109,-90.2816
 46.519466,-90.282319
 46.518787,-90.28381
 46.518713,-90.28499
 46.518831,-90.285677
 46.51971,-90.288134
 46.520286,-90.291642
 46.521644,-90.294206
 46.521615,-90.294764
 46.5214,-90.29514
 46.521054,-90.295118
 46.519688,-90.294228
 46.519289,-90.294163
 46.51892,-90.294356
 46.51861,-90.295397
 46.518817,-90.296878
 46.518182,-90.297618
 46.517746,-90.298616
 46.517451,-90.303358
 46.517694,-90.304484
 46.518351,-90.305997
 46.51844,-90.307156
 46.518219,-90.307939
 46.517104,-90.308583
 46.51689,-90.309066
 46.516609,-90.310825
 46.51706,-90.312467
 46.517008,-90.313025
 46.516366,-90.3137
 46.516196,-90.314151
 46.516853,-90.316329
 46.517096,-90.31679
 46.517473,-90.316983
 46.519525,-90.316983
 46.521327,-90.317681
 46.521733,-90.317692
 46.522404,-90.317016
 46.523615,-90.314612
 46.523969,-90.314312
 46.525158,-90.313861
 46.526236,-90.313014
 46.527446,-90.31267
 46.528886,-90.311898
 46.529683,-90.312145
 46.530775,-90.312949
 46.531144,-90.312821
 46.532192,-90.310975
 46.532569,-90.310825
 46.534185,-90.311179
 46.536429,-90.310643
 46.537152,-90.309967
 46.537521,-90.309956
 46.537898,-90.310943
 46.538193,-90.311179
 46.53899,-90.310879
 46.539381,-90.310932
 46.539986,-90.311705
 46.539912,-90.313346
 46.540517,-90.314087
 46.540628,-90.314623
 46.540525,-90.315825
 46.540672,-90.316318
 46.541462,-90.316393
 46.54217,-90.316844
 46.542584,-90.316865
 46.543344,-90.316447
 46.544251,-90.315535
 46.544628,-90.315675
 46.544938,-90.316072
 46.54513,-90.316565
 46.5451,-90.317144
 46.544554,-90.317971
 46.544724,-90.318893
 46.545255,-90.319816
 46.545646,-90.321361
 46.546199,-90.320621
 46.546487,-90.320535
 46.546864,-90.321565
 46.546753,-90.322702
 46.545735,-90.323668
 46.545617,-90.324215
 46.546067,-90.326468
 46.546362,-90.326833
 46.548214,-90.328023
 46.551047,-90.327369
 46.551217,-90.328592
 46.550686,-90.329236
 46.551468,-90.330373
 46.551645,-90.330888
 46.551645,-90.332079
 46.551792,-90.332519
 46.552877,-90.331779
 46.553246,-90.331918
 46.55346,-90.332379
 46.553453,-90.334761
 46.55405,-90.336285
 46.554043,-90.336853
 46.553135,-90.338817
 46.552619,-90.343376
 46.552117,-90.344256
 46.551726,-90.344363
 46.551283,-90.344235
 46.550819,-90.343527
 46.550479,-90.342432
 46.55028,-90.340158
 46.550103,-90.339643
 46.549343,-90.339321
 46.548627,-90.339847
 46.548074,-90.340877
 46.547956,-90.342046
 46.548125,-90.343194
 46.549513,-90.345383
 46.549631,-90.346509
 46.549365,-90.346949
 46.548214,-90.347561
 46.547387,-90.347582
 46.547019,-90.34741
 46.54679,-90.34696
 46.546605,-90.345812
 46.546288,-90.345479
 46.545882,-90.345404
 46.545166,-90.345919
 46.544539,-90.347453
 46.544229,-90.347807
 46.542244,-90.348376
 46.540377,-90.349642
 46.53834,-90.349449
 46.537573,-90.349792
 46.5373,-90.350232
 46.537071,-90.351595
 46.537211,-90.352571
 46.53761,-90.353612
 46.538222,-90.354395
 46.539787,-90.355124
 46.540385,-90.355908
 46.540554,-90.357056
 46.54037,-90.35756
 46.539676,-90.358171
 46.539455,-90.359277
 46.539661,-90.359738
 46.540827,-90.360253
 46.541381,-90.361047
 46.541241,-90.362581
 46.540355,-90.363472
 46.539964,-90.364469
 46.539971,-90.365027
 46.540908,-90.366164
 46.541123,-90.366647
 46.541204,-90.368418
 46.539735,-90.372012
 46.539012,-90.37567
 46.538311,-90.376239
 46.536709,-90.376625
 46.535824,-90.377955
 46.535728,-90.378503
 46.536621,-90.379822
 46.536731,-90.380391
 46.535772,-90.383041
 46.534702,-90.384715
 46.533654,-90.38729
 46.533373,-90.389038
 46.533491,-90.391388
 46.53265,-90.392665
 46.532613,-90.393223
 46.533336,-90.394639
 46.534023,-90.39524
 46.534384,-90.395036
 46.534576,-90.394531
 46.534731,-90.392761
 46.534997,-90.392343
 46.535388,-90.392203
 46.536089,-90.392525
 46.536148,-90.394274
 46.536148,-90.394875
 46.536414,-90.395615
 46.539145,-90.397321
 46.542259,-90.398501
 46.543964,-90.399638
 46.544296,-90.399971
 46.544288,-90.401655
 46.544502,-90.402128
 46.545284,-90.402471
 46.545609,-90.402793
 46.547041,-90.404971
 46.547705,-90.405657
 46.55197,-90.407642
 46.553998,-90.40805
 46.554729,-90.40849
 46.554972,-90.410206
 46.555983,-90.412781
 46.55751,-90.41467
 46.558292,-90.414959
 46.559569,-90.414959
 46.561575,-90.415474
 46.563213,-90.415657
 46.564209,-90.416697
 46.564983,-90.417073
 46.565839,-90.417867
 46.566178,-90.418071
 46.568184,-90.416837
 46.624942,-90.381517
 46.671431,-90.351595
 46.994326,-90.142908
 47.001475,-90.13822
 47.020562,-90.125238
 47.048173,-90.10775
 47.123848,-90.059341
 47.215225,-89.999968
 47.289593,-89.957954
 47.290743,-89.95731
 47.292722,-89.956012
 47.499634,-89.820217
 47.605686,-89.751767
 47.628235,-89.736886
 47.713811,-89.681214
 47.746993,-89.659338
 47.797481,-89.626529
 47.91668,-89.547983
 47.987954,-89.500487
 48.000059,-89.492033
 48.00525,-89.48905
 48.01299,-89.483857
 48.013052,-89.4836
 48.012348,-89.480939
 47.974121,-89.337329
 48.041565,-89.172823
 48.108914,-89.008541
 48.243853,-88.679559
 48.30218,-88.386104
 48.305495,-88.36935
 48.305543,-88.368422
 48.12931,-87.931916
 47.952872,-87.495066
 47.599283,-86.620166
 47.244628,-85.740974
 46.88899,-84.860237
 46.840703,-84.841661
 46.634336,-84.76289
 46.460867,-84.556906
 46.452893,-84.475862
 46.45314,-84.475411
 46.454948,-84.473855
 46.489101,-84.44521
 46.500582,-84.421154
 46.498592,-84.395524
 46.509164,-84.374092
 46.507594,-84.343071
 46.507535,-84.34202
 46.507239,-84.341247
 46.499823,-84.325136
 46.493887,-84.298396
 46.492897,-84.293536
 46.492942,-84.276102
 46.494434,-84.265416
 46.500903,-84.254687
 46.534062,-84.225926
 46.540205,-84.193654
 46.527105,-84.177677
 46.526287,-84.166775
 46.528266,-84.153664
 46.531007,-84.146956
 46.532434,-84.139662
 46.530502,-84.129029
 46.521061,-84.123344
 46.51786,-84.118126
 46.504249,-84.111167
 46.41931,-84.145896
 46.418667,-84.146049
 46.372478,-84.139008
 46.338589,-84.120245
 46.321951,-84.10601
 46.314854,-84.119471
 46.268056,-84.115412
 46.256348,-84.097672
 46.241954,-84.107943
 46.241352,-84.10821
 46.210153,-84.085826
 46.187354,-84.077143
 46.150138,-84.007194
 46.14938,-84.006014
 46.118305,-84.00628
 46.102449,-83.976352
 46.056808,-83.955501
 46.060531,-83.903382
 46.118831,-83.826366
 46.102786,-83.760152
 46.103337,-83.756354
 46.121697,-83.655019
 46.105748,-83.571902
 45.998169,-83.433813
 45.821288,-83.597147
 45.700765,-83.32785
 45.580132,-83.058209
 45.45942,-82.788503
 45.3386,-82.518584
 44.913729,-82.422326
 44.485816,-82.325382
 44.055172,-82.227751
 43.621374,-82.129605
 43.592545,-82.123082
 43.59109,-82.122878
 43.446483,-82.195415
 43.301903,-82.268018
 43.156831,-82.34078
 43.084189,-82.377221
 43.011492,-82.413672
 42.997821,-82.424183
 42.992317,-82.424589
 42.985669,-82.421569
 42.977361,-82.413127
 42.966744,-82.416796
 42.952025,-82.428832
 42.937718,-82.447752
 42.926801,-82.455305
 42.905603,-82.462309
 42.887383,-82.470339
 42.855558,-82.468289
 42.83664,-82.472777
 42.825414,-82.478858
 42.808366,-82.482017
 42.802287,-82.480682
 42.786257,-82.471983
 42.770313,-82.467821
 42.762475,-82.467381
 42.733621,-82.48382
 42.733097,-82.483925
 42.718321,-82.483748
 42.699606,-82.495066
 42.665154,-82.510485
 42.63813,-82.50967
 42.613923,-82.518847
 42.612767,-82.519612
 42.60733,-82.523466
 42.591258,-82.54921
 42.585199,-82.553351
 42.583327,-82.555454
 42.579282,-82.560153
 42.574165,-82.568642
 42.565045,-82.579272
 42.564081,-82.580323
 42.553966,-82.583881
 42.550159,-82.590718
 42.549993,-82.591192
 42.548578,-82.605552
 42.549981,-82.610713
 42.554461,-82.616644
 42.556986,-82.623634
 42.557143,-82.63298
 42.554847,-82.641308
 42.546993,-82.654436
 42.541595,-82.662022
 42.533224,-82.667935
 42.373403,-82.828236
 42.346984,-82.945301
 42.339398,-82.959287
 42.332434,-82.988816
 42.329362,-83.019283
 42.317777,-83.063515
 42.308732,-83.079504
 42.29012,-83.096693
 42.260271,-83.111551
 42.239019,-83.127816
 42.238431,-83.128073
 42.174749,-83.133933
 42.125499,-83.121717
 42.041028,-83.149684
 41.959258,-83.112608
 41.950889,-83.12537
 41.85871,-83.248816
 41.81513,-83.305206
 41.76527,-83.374622
 41.753169,-83.390458
 41.742683,-83.403804
 41.733981,-83.415606
 41.733797,-83.41611
 41.733116,-83.447589
 41.732444,-83.464733
 41.732516,-83.471342
 41.731691,-83.50192
 41.730154,-83.547667
 41.728817,-83.605002
 41.726895,-83.665513
 41.726607,-83.685694
 41.725222,-83.710059
 41.724845,-83.725251
 41.723484,-83.764991
 41.722507,-83.80223
 41.721874,-83.820523
 41.721114,-83.859072
 41.720113,-83.879639
 41.719944,-83.89924
 41.71916,-83.918799
 41.718735,-83.938379
 41.717374,-83.976735
 41.716757,-84.00051
 41.716677,-84.017687
 41.716132,-84.036655
 41.715364,-84.056826
 41.714883,-84.076213
 41.711007,-84.192256
 41.709661,-84.254183
 41.708532,-84.28933
 41.706778,-84.35306
 41.704936,-84.438761
 41.703798,-84.476699
 41.703253,-84.515065
 41.701467,-84.591368
 41.701027,-84.624338
 41.70029,-84.650688
 41.699825,-84.679871
 41.698968,-84.718409
 41.698207,-84.745177
 41.696132,-84.805688
 41.696276,-84.805999
 41.732892,-84.805924
 41.737376,-84.806052
 41.742883,-84.805924
 41.743756,-84.806042
 41.744172,-84.805902
 41.745525,-84.805881
 41.75838,-84.805859
 41.7601,-84.805977
 41.760148,-84.806482
 41.76002,-84.810086
 41.759724,-84.939938
 41.759492,-84.980278
 41.75978,-85.016241
 41.75954,-85.156059
 41.75994,-85.30887
 41.7599,-85.369606
 41.7597,-85.388575
 41.759844,-85.408745
 41.759636,-85.417746
 41.75946,-85.474062
 41.759236,-85.477656
 41.759412,-85.492848
 41.759308,-85.515432
 41.759428,-85.546589
 41.759108,-85.6077
 41.759164,-85.647268
 41.758948,-85.72855
 41.759252,-85.872574
 41.760004,-85.950079
 41.75994,-85.963469
 41.760436,-86.036167
 41.760693,-86.104488
 41.760388,-86.228342
 41.760549,-86.254091
 41.760404,-86.271676
 41.760501,-86.289454
 41.75986,-86.360779
 41.759892,-86.396517
 41.759628,-86.416901
 41.759556,-86.442661
 41.759732,-86.501788
 41.759484,-86.591492
 41.759732,-86.637239
 41.7599,-86.745901
 41.760196,-86.776457
 41.76006,-86.780051
 41.760212,-86.781038
 41.760244,-86.784439
 41.760324,-86.873531
 41.761037,-86.93387
 41.760428,-87.124414
 41.760493,-87.124929
 41.761269,-87.125101
 41.761365,-87.125562
 41.760981,-87.204323
