45.935105,-96.563782
 45.935246,-96.563968
 45.935199,-96.603212
 45.935401,-96.617203
 45.935289,-96.618984
 45.935356,-96.637373
 45.935983,-96.716552
 45.935736,-96.783199
 45.935841,-96.893663
 45.935512,-96.906441
 45.935744,-96.915025
 45.935453,-96.933403
 45.935535,-96.9522
 45.9359,-96.972359
 45.935751,-96.976351
 45.935535,-96.977906
 45.935505,-96.985116
 45.935759,-96.998323
 45.935706,-97.105408
 45.935841,-97.107157
 45.935893,-97.106513
 45.935662,-97.112778
 45.935602,-97.122574
 45.935654,-97.169523
 45.935371,-97.226858
 45.935699,-97.265997
 45.935639,-97.308741
 45.935893,-97.341721
 45.93596,-97.394829
 45.936139,-97.416801
 45.935983,-97.431393
 45.935177,-97.44975
 45.93508,-97.482119
 45.935124,-97.509499
 45.935333,-97.518071
 45.935184,-97.521075
 45.935184,-97.527866
 45.935535,-97.726822
 45.935512,-97.81291
 45.935699,-97.897625
 45.935848,-97.902979
 45.935862,-97.956336
 45.935914,-97.982092
 45.936002,-97.987179
 45.93591,-97.998103
 45.935906,-98.008277
 45.935905,-98.020006
 45.935775,-98.02767
 45.935851,-98.061264
 45.935942,-98.072477
 45.936024,-98.112566
 45.936172,-98.165661
 45.936187,-98.191961
 45.936201,-98.218068
 45.936141,-98.245023
 45.936156,-98.271485
 45.936103,-98.298386
 45.936122,-98.311322
 45.93617,-98.324558
 45.936609,-98.434705
 45.936932,-98.489521
 45.937405,-98.54408
 45.938277,-98.65382
 45.938653,-98.708776
 45.938827,-98.763678
 45.939175,-98.85216
 45.939255,-98.876689
 45.939354,-98.877817
 45.939382,-98.880881
 45.939239,-98.884741
 45.939346,-98.888753
 45.939394,-98.893751
 45.93931,-98.915105
 45.939449,-98.940749
 45.939638,-98.984889
 45.939762,-99.006894
 45.939842,-99.028963
 45.939971,-99.073178
 45.940021,-99.094984
 45.940011,-99.117177
 45.939994,-99.160925
 45.939948,-99.204415
 45.940023,-99.221655
 45.93997,-99.223365
 45.940007,-99.242414
 45.940067,-99.246338
 45.940065,-99.291652
 45.940168,-99.335464
 45.940272,-99.380993
 45.940285,-99.427122
 45.940292,-99.450101
 45.940418,-99.472564
 45.940827,-99.568486
 45.940912,-99.586577
 45.941044,-99.625406
 45.940997,-99.663978
 45.940779,-99.761916
 45.940998,-99.811443
 45.941138,-99.83612
 45.941118,-99.848695
 45.941277,-99.861013
 45.941731,-99.959777
 45.941819,-99.963139
 45.941847,-99.980834
 45.941844,-100.000261
 45.941957,-100.004868
 45.941892,-100.025525
 45.942083,-100.036862
 45.941999,-100.04665
 45.942035,-100.05867
 45.942209,-100.106067
 45.942326,-100.118737
 45.942266,-100.125973
 45.942564,-100.143881
 45.942444,-100.152263
 45.942398,-100.15819
 45.942471,-100.171499
 45.942737,-100.203437
 45.943002,-100.254782
 45.942947,-100.284381
 45.943022,-100.295428
 45.943277,-100.308278
 45.94325,-100.338612
 45.943222,-100.359419
 45.943388,-100.369051
 45.943195,-100.37851
 45.943498,-100.422871
 45.943615,-100.465773
 45.943643,-100.487267
 45.943658,-100.4981
 45.943731,-100.508246
 45.943726,-100.591818
 45.943654,-100.653761
 45.944059,-100.719481
 45.943682,-100.7496
 45.943784,-100.764957
 45.943688,-100.825283
 45.943794,-100.93366
 45.943494,-101.075136
 45.94403,-101.107264
 45.943939,-101.125259
 45.943968,-101.203335
 45.944013,-101.240184
 45.944176,-101.250083
 45.944026,-101.300951
 45.94404,-101.347356
 45.944193,-101.366596
 45.944227,-101.372447
 45.944055,-101.394619
 45.943853,-101.418036
 45.94389,-101.439737
 45.943927,-101.461781
 45.944083,-101.482451
 45.944358,-101.499731
 45.944078,-101.500561
 45.944037,-101.521303
 45.94423,-101.562386
 45.944364,-101.615057
 45.944259,-101.665667
 45.944496,-101.774034
 45.944376,-101.784619
 45.944495,-101.813571
 45.944614,-101.828046
 45.944792,-101.884031
 45.944829,-101.898624
 45.944389,-101.938451
 45.944582,-101.992698
 45.944559,-102.017548
 45.944656,-102.045487
 45.944812,-102.081408
 45.944938,-102.103168
 45.945005,-102.124042
 45.944746,-102.125763
 45.944665,-102.141389
 45.944684,-102.15925
 45.944758,-102.210183
 45.944921,-102.258111
 45.944843,-102.270222
 45.945512,-102.272615
 45.945703,-102.273979
 45.945537,-102.275493
 45.944893,-102.279067
 45.944824,-102.286967
 45.944905,-102.327583
 45.944904,-102.371842
 45.944904,-102.393328
 45.944874,-102.398749
 45.945023,-102.414556
 45.944888,-102.445398
 45.94503,-102.44657
 45.944992,-102.472892
 45.945067,-102.501587
 45.944962,-102.531656
 45.944857,-102.550202
 45.944983,-102.56175
 45.944991,-102.582653
 45.94493,-102.637855
 45.945236,-102.642132
 45.945123,-102.685634
 45.945101,-102.709136
 45.945197,-102.734098
 45.945077,-102.784237
 45.945106,-102.808663
 45.945196,-102.833431
 45.945165,-102.858243
 45.945091,-102.870048
 45.945135,-102.882626
 45.945075,-102.932163
 45.945,-102.945599
 45.945044,-102.979892
 45.945133,-102.983589
 45.945312,-103.034672
 45.945102,-103.057124
 45.945191,-103.086613
 45.945131,-103.105073
 45.945131,-103.139155
 45.945235,-103.18998
 45.945219,-103.239947
 45.945173,-103.290729
 45.94518,-103.314704
 45.945187,-103.341898
 45.945142,-103.365507
 45.944978,-103.388085
 45.945291,-103.410707
 45.945149,-103.431502
 45.945305,-103.431698
 45.945185,-103.472049
 45.944946,-103.494113
 45.945244,-103.500127
 45.945139,-103.556335
 45.945354,-103.557274
 45.945272,-103.593746
 45.945286,-103.642359
 45.945204,-103.66718
 45.945181,-103.690456
 45.945083,-103.74527
 45.945243,-103.750318
 45.945164,-103.784634
 45.945231,-103.837066
 45.945228,-103.842032
 45.945135,-103.845367
 45.945338,-103.851652
 45.945273,-103.853816
 45.945193,-103.872482
 45.945081,-103.875584
 45.94506,-103.888513
 45.945247,-103.897065
 45.945137,-103.901424
 45.945355,-103.907671
 45.945345,-103.914415
 45.945316,-103.935479
 45.945288,-103.956349
 45.945252,-103.97753
 45.945246,-103.99854
 45.945243,-104.005054
 45.94527,-104.019421
 45.945315,-104.045386
 45.875788,-104.043885
 45.872113,-104.043993
 45.865927,-104.043778
 45.750427,-104.042598
 45.607013,-104.042276
 45.568571,-104.041997
 45.554246,-104.041595
 45.547183,-104.041675
 45.503106,-104.041182
 45.492029,-104.04116
 45.490675,-104.041514
 45.461214,-104.040796
 45.410691,-104.04056
 45.374579,-104.040109
 45.346143,-104.040436
 45.345156,-104.040259
 45.337788,-104.040152
 45.335397,-104.040297
 45.327832,-104.040323
 45.24906,-104.039937
 45.137281,-104.039969
 45.120318,-104.039558
 45.091399,-104.039744
 45.089429,-104.040034
 45.023675,-104.040141
 45.000374,-104.04013
 44.999972,-104.040098
 44.998052,-104.039701
 44.997665,-104.047827
 44.997505,-104.052627
 44.997428,-104.057699
 44.997018,-104.057691
 44.996588,-104.057715
 44.940319,-104.05691
 44.932967,-104.05661
 44.91273,-104.056545
 44.875944,-104.055923
 44.866462,-104.056492
 44.798678,-104.056202
 44.783084,-104.05587
 44.723991,-104.055923
 44.695535,-104.055773
 44.684472,-104.05595
 44.621731,-104.055741
 44.58262,-104.056041
 44.547604,-104.055816
 44.527537,-104.055955
 44.253745,-104.055408
 44.181034,-104.054486
 44.003126,-104.054679
 43.853872,-104.055483
 43.750141,-104.055129
 43.581075,-104.05485
 43.576419,-104.055001
 43.558283,-104.055027
 43.529914,-104.054807
 43.421258,-104.054775
 43.40617,-104.05455
 43.375545,-104.054722
 43.369306,-104.05455
 43.303632,-104.054282
 43.296738,-104.053906
 43.243358,-104.053971
 43.12473,-104.053477
 43.108691,-104.053284
 43.031631,-104.053262
 43.00063,-104.053043
 43.000583,-104.052544
 43.001705,-103.992033
 43.001705,-103.966455
 43.00125,-103.94989
 43.00092,-103.924913
 43.001108,-103.876162
 43.000936,-103.866978
 43.001375,-103.813248
 43.001203,-103.774109
 43.001391,-103.750892
 43.001187,-103.749132
 43.001061,-103.733339
 43.000999,-103.690596
 43.001414,-103.653249
 43.001046,-103.637466
 43.000967,-103.625268
 43.000669,-103.617897
 43.000622,-103.60631
 43.000983,-103.550777
 43.000763,-103.500051
 43.000481,-103.476276
 43.000724,-103.405423
 43.00092,-103.40435
 43.000748,-102.999058
 43.000434,-102.889194
 42.999979,-102.867823
 42.999986,-102.652903
 42.999775,-102.626123
 42.999853,-102.571192
 42.99972,-102.532654
 42.999767,-102.500886
 42.999884,-102.497281
 42.999563,-102.487485
 42.999751,-102.4821
 42.999743,-102.441705
 42.99961,-102.439957
 42.999571,-102.354459
 42.999398,-102.3349
 42.999461,-102.247009
 42.999194,-102.127962
 42.999359,-102.082815
 42.999225,-101.988316
 42.999296,-101.875716
 42.999414,-101.873474
 42.999351,-101.861286
 42.997852,-101.775788
 42.997311,-101.761208
 42.996518,-101.71546
 42.996259,-101.635551
 42.996887,-101.555675
 42.997154,-101.480455
 42.997091,-101.444407
 42.99753,-101.378489
 42.997428,-101.3657
 42.99764,-101.240044
 42.997899,-101.232523
 42.997766,-101.229572
 42.998142,-101.227984
 42.997774,-101.225871
 42.997719,-101.222277
 42.997962,-101.044092
 42.997766,-101.021519
 42.998158,-100.985384
 42.998033,-100.960289
 42.997774,-100.958562
 42.998048,-100.954399
 42.998017,-100.888481
 42.998409,-100.815772
 42.99866,-100.806588
 42.998158,-100.786428
 42.998127,-100.778618
 42.99815,-100.563698
 42.998292,-100.555061
 42.998794,-100.549707
 42.998731,-100.53812
 42.999037,-100.525932
 42.998927,-100.45862
 42.999084,-100.456839
 42.999155,-100.435467
 42.998951,-100.413494
 42.998809,-100.355526
 42.998927,-100.350119
 42.998802,-100.348778
 42.998645,-100.312203
 42.998817,-100.296421
 42.99855,-100.253077
 42.998723,-100.21574
 42.998676,-100.198735
 42.998519,-100.195742
 42.998425,-100.150423
 42.998684,-100.12844
 42.998543,-100.126648
 42.998409,-100.109053
 42.998378,-100.06691
 42.998142,-100.035152
 42.99815,-100.02776
 42.998378,-100.022364
 42.998205,-100.008191
 42.998331,-100.002183
 42.997672,-99.964181
 42.997687,-99.96298
 42.99808,-99.960651
 42.998174,-99.949665
 42.998017,-99.935074
 42.99808,-99.889927
 42.997805,-99.875711
 42.997844,-99.872106
 42.998064,-99.869725
 42.997876,-99.860476
 42.998017,-99.852591
 42.997891,-99.787863
 42.998111,-99.77147
 42.997923,-99.765902
 42.998017,-99.704951
 42.997797,-99.698782
 42.998033,-99.533987
 42.997891,-99.493217
 42.998111,-99.488239
 42.997923,-99.46867
 42.99815,-99.395531
 42.997954,-99.38138
 42.998205,-99.350395
 42.998017,-99.346619
 42.998033,-99.302073
 42.998237,-99.264307
 42.998072,-99.254522
 42.99819,-99.239931
 42.998095,-99.194613
 42.998472,-99.164228
 42.998174,-99.155613
 42.998488,-99.140035
 42.998464,-99.139456
 42.99826,-99.139048
 42.998158,-99.135475
 42.998205,-99.08403
 42.998244,-99.080436
 42.998394,-99.079943
 42.998111,-99.065341
 42.998268,-99.061575
 42.998213,-99.023155
 42.998354,-99.021406
 42.998182,-98.880987
 42.998299,-98.806347
 42.998464,-98.804008
 42.998299,-98.80228
 42.998158,-98.783913
 42.998409,-98.752155
 42.998378,-98.702803
 42.998535,-98.672247
 42.998535,-98.628302
 42.99837,-98.602724
 42.99855,-98.567169
 42.998386,-98.562984
 42.998543,-98.498697
 42.998221,-98.498461
 42.992736,-98.497174
 42.988208,-98.4958
 42.986206,-98.494577
 42.978098,-98.490554
 42.96882,-98.483387
 42.963356,-98.478785
 42.955111,-98.473098
 42.947855,-98.467584
 42.94751,-98.467251
 42.944596,-98.461983
 42.943363,-98.458571
 42.93836,-98.452134
 42.936491,-98.448411
 42.935163,-98.447113
 42.934755,-98.446931
 42.930599,-98.445804
 42.929869,-98.445171
 42.929311,-98.444248
 42.928219,-98.439699
 42.928384,-98.437371
 42.92917,-98.434689
 42.930646,-98.432479
 42.93144,-98.431041
 42.931581,-98.430483
 42.932092,-98.426353
 42.932115,-98.422834
 42.931809,-98.420506
 42.930796,-98.418531
 42.93012,-98.416321
 42.929664,-98.415356
 42.925634,-98.407534
 42.922516,-98.399423
 42.918375,-98.386399
 42.913118,-98.375273
 42.907437,-98.35786
 42.905425,-98.352528
 42.90258,-98.345886
 42.900844,-98.342421
 42.8977,-98.337947
 42.895578,-98.335812
 42.891522,-98.333462
 42.890469,-98.332379
 42.888582,-98.329858
 42.88657,-98.326006
 42.884526,-98.319365
 42.880005,-98.297274
 42.875068,-98.28028
 42.874171,-98.268725
 42.874494,-98.26335
 42.874384,-98.258296
 42.873991,-98.255968
 42.87289,-98.252041
 42.871789,-98.24981
 42.869863,-98.248372
 42.868471,-98.246891
 42.861055,-98.231775
 42.857831,-98.226646
 42.856391,-98.225251
 42.855424,-98.224039
 42.853096,-98.219672
 42.846953,-98.204781
 42.841651,-98.189793
 42.837238,-98.171618
 42.836954,-98.168045
 42.837159,-98.16326
 42.839708,-98.148798
 42.839794,-98.148218
 42.839574,-98.147092
 42.834256,-98.139861
 42.832847,-98.138412
 42.821367,-98.129454
 42.8201,-98.127887
 42.819864,-98.127319
 42.819801,-98.125559
 42.819526,-98.124712
 42.818188,-98.123531
 42.816826,-98.121171
 42.813867,-98.115195
 42.813119,-98.112384
 42.811459,-98.110142
 42.810436,-98.107792
 42.80831,-98.104885
 42.806839,-98.103597
 42.803304,-98.09908
 42.800533,-98.09643
 42.799227,-98.094821
 42.796802,-98.090562
 42.795668,-98.087997
 42.794157,-98.082901
 42.793196,-98.081678
 42.789016,-98.074737
 42.786961,-98.072795
 42.786551,-98.0711
 42.785937,-98.069512
 42.78478,-98.067698
 42.783299,-98.066411
 42.781669,-98.06389
 42.780748,-98.062838
 42.779149,-98.061851
 42.777929,-98.061368
 42.773582,-98.060424
 42.772771,-98.059974
 42.772448,-98.059577
 42.770841,-98.056959
 42.768707,-98.051745
 42.767895,-98.044631
 42.766273,-98.03872
 42.765611,-98.037153
 42.76413,-98.034976
 42.763902,-98.033205
 42.763634,-98.030738
 42.763469,-98.025759
 42.762319,-98.016983
 42.762279,-98.012788
 42.76406,-98.005836
 42.763296,-98.003057
 42.763177,-98.000675
 42.76506,-97.993755
 42.765044,-97.990826
 42.766336,-97.988402
 42.76773,-97.984947
 42.769305,-97.97998
 42.769817,-97.977694
 42.769904,-97.976493
 42.768919,-97.967309
 42.768651,-97.962331
 42.768943,-97.953951
 42.769486,-97.950529
 42.77066,-97.94731
 42.774094,-97.940551
 42.775614,-97.936893
 42.777937,-97.933277
 42.779425,-97.931818
 42.784323,-97.925702
 42.786866,-97.923321
 42.787976,-97.921872
 42.788803,-97.92022
 42.789346,-97.917312
 42.789976,-97.915746
 42.790551,-97.914834
 42.793582,-97.911358
 42.794897,-97.908987
 42.795897,-97.90785
 42.799109,-97.904803
 42.811632,-97.894439
 42.81489,-97.890522
 42.816771,-97.888956
 42.819825,-97.8874
 42.826191,-97.884954
 42.827025,-97.884536
 42.829181,-97.882926
 42.832171,-97.881896
 42.835397,-97.879987
 42.83734,-97.879601
 42.84173,-97.879461
 42.843822,-97.878978
 42.847684,-97.876028
 42.849863,-97.87576
 42.850729,-97.875996
 42.852774,-97.87709
 42.854095,-97.877154
 42.857115,-97.876393
 42.858358,-97.875781
 42.858696,-97.875427
 42.859396,-97.873904
 42.862848,-97.865739
 42.865357,-97.85677
 42.867645,-97.845826
 42.868141,-97.842157
 42.868935,-97.831804
 42.868683,-97.828252
 42.867606,-97.82601
 42.862998,-97.819219
 42.861708,-97.816815
 42.857957,-97.801216
 42.853261,-97.788084
 42.851751,-97.782623
 42.849745,-97.77434
 42.849045,-97.764587
 42.848935,-97.754095
 42.849092,-97.751702
 42.849391,-97.749964
 42.84733,-97.720975
 42.843602,-97.700976
 42.842217,-97.686471
 42.842823,-97.668221
 42.843555,-97.662309
 42.844294,-97.658436
 42.846095,-97.651312
 42.847511,-97.646431
 42.851893,-97.634329
 42.853088,-97.630455
 42.854339,-97.625338
 42.856557,-97.62022
 42.857485,-97.616841
 42.858366,-97.611616
 42.858303,-97.603827
 42.856368,-97.599621
 42.853859,-97.591939
 42.852939,-97.587454
 42.850579,-97.578635
 42.848211,-97.567359
 42.847566,-97.562027
 42.847535,-97.558218
 42.847889,-97.549828
 42.84829,-97.544678
 42.850115,-97.531836
 42.851885,-97.522835
 42.853906,-97.515528
 42.855094,-97.512277
 42.857453,-97.507943
 42.858075,-97.506355
 42.858444,-97.50466
 42.858082,-97.502804
 42.857327,-97.500626
 42.857036,-97.500218
 42.85507,-97.498909
 42.853277,-97.49627
 42.851751,-97.491946
 42.850571,-97.486893
 42.850249,-97.48332
 42.850477,-97.475928
 42.850453,-97.470531
 42.848927,-97.460629
 42.848416,-97.459052
 42.847535,-97.457743
 42.84689,-97.456187
 42.846048,-97.452142
 42.84582,-97.44976
 42.846048,-97.443506
 42.846497,-97.441188
 42.847181,-97.438989
 42.849218,-97.435287
 42.851004,-97.432637
 42.854763,-97.428281
 42.856706,-97.425567
 42.858405,-97.424966
 42.86111,-97.423207
 42.861456,-97.422842
 42.86376,-97.420063
 42.866206,-97.416598
 42.866985,-97.414634
 42.867968,-97.410965
 42.868392,-97.407457
 42.868156,-97.405697
 42.867653,-97.404249
 42.864798,-97.398981
 42.864405,-97.395419
 42.864256,-97.393434
 42.86446,-97.385033
 42.865152,-97.377115
 42.865058,-97.376643
 42.863823,-97.376043
 42.863076,-97.37542
 42.860182,-97.371494
 42.858546,-97.368854
 42.855172,-97.361816
 42.854834,-97.35966
 42.854992,-97.356666
 42.855998,-97.352074
 42.855778,-97.347633
 42.855872,-97.341624
 42.856761,-97.336378
 42.858397,-97.33081
 42.859356,-97.328804
 42.86067,-97.327312
 42.861236,-97.326422
 42.861849,-97.324823
 42.862801,-97.321476
 42.863352,-97.316315
 42.865719,-97.311273
 42.867189,-97.309062
 42.867511,-97.307957
 42.86759,-97.306767
 42.866631,-97.304106
 42.865365,-97.301681
 42.863564,-97.299954
 42.859506,-97.294836
 42.857178,-97.292261
 42.85592,-97.290587
 42.855456,-97.28959
 42.854968,-97.285448
 42.85426,-97.282122
 42.854213,-97.278517
 42.852962,-97.272885
 42.852585,-97.268293
 42.853678,-97.258133
 42.854284,-97.255247
 42.855377,-97.251964
 42.855589,-97.250226
 42.855361,-97.248455
 42.85415,-97.243305
 42.853096,-97.237769
 42.851263,-97.231793
 42.849769,-97.228736
 42.846788,-97.220711
 42.845773,-97.218758
 42.844876,-97.217932
 42.843476,-97.217427
 42.840833,-97.217363
 42.835357,-97.217953
 42.834043,-97.217867
 42.831502,-97.218168
 42.829307,-97.218211
 42.827599,-97.217728
 42.823264,-97.215207
 42.820745,-97.214144
 42.818707,-97.213619
 42.813867,-97.213265
 42.812576,-97.212889
 42.810687,-97.211634
 42.809318,-97.210121
 42.807885,-97.207847
 42.806705,-97.205175
 42.805532,-97.200658
 42.805343,-97.198877
 42.805414,-97.194382
 42.804855,-97.187827
 42.803265,-97.178696
 42.802903,-97.172023
 42.802021,-97.166755
 42.800927,-97.163054
 42.797542,-97.155565
 42.795692,-97.151037
 42.795582,-97.150834
 42.794377,-97.150136
 42.791866,-97.146778
 42.789543,-97.14401
 42.788449,-97.143012
 42.786465,-97.141929
 42.784591,-97.139944
 42.783386,-97.138206
 42.782197,-97.137423
 42.780905,-97.137036
 42.778795,-97.137004
 42.777236,-97.135888
 42.774755,-97.134612
 42.772684,-97.132412
 42.771833,-97.13106
 42.771424,-97.129601
 42.770857,-97.123636
 42.769376,-97.115632
 42.769132,-97.113261
 42.769723,-97.109774
 42.76988,-97.107779
 42.769856,-97.104174
 42.769352,-97.09617
 42.769471,-97.093788
 42.770109,-97.08513
 42.771258,-97.080345
 42.77229,-97.071805
 42.772306,-97.067009
 42.770542,-97.05421
 42.770101,-97.051806
 42.768321,-97.045037
 42.767951,-97.041678
 42.766714,-97.037838
 42.765871,-97.033192
 42.765351,-97.032237
 42.763815,-97.030306
 42.76354,-97.029737
 42.763043,-97.028332
 42.762342,-97.024233
 42.761263,-97.015071
 42.760184,-96.99989
 42.759499,-96.993045
 42.759554,-96.990041
 42.760578,-96.983292
 42.760247,-96.97973
 42.759436,-96.977617
 42.758333,-96.975396
 42.755686,-96.971351
 42.754378,-96.969055
 42.754032,-96.968701
 42.740977,-96.961405
 42.739251,-96.960912
 42.736517,-96.96133
 42.729282,-96.965032
 42.726886,-96.965826
 42.724687,-96.965686
 42.722552,-96.964806
 42.72062,-96.963422
 42.719958,-96.961867
 42.719202,-96.955966
 42.719446,-96.949421
 42.719635,-96.948252
 42.72148,-96.941407
 42.723442,-96.93674
 42.726469,-96.930217
 42.729771,-96.925378
 42.730433,-96.923811
 42.731505,-96.92011
 42.733822,-96.908051
 42.733782,-96.90686
 42.732096,-96.902665
 42.726232,-96.889876
 42.725208,-96.886775
 42.724814,-96.885059
 42.72464,-96.883267
 42.724388,-96.875414
 42.724128,-96.873043
 42.722449,-96.866294
 42.720881,-96.860758
 42.717822,-96.854535
 42.715024,-96.849911
 42.71206,-96.843463
 42.709348,-96.833378
 42.708449,-96.829484
 42.708173,-96.824087
 42.707842,-96.822027
 42.707684,-96.819044
 42.706344,-96.812983
 42.704089,-96.806213
 42.698878,-96.801728
 42.696488,-96.801535
 42.694344,-96.800848
 42.692593,-96.800483
 42.684502,-96.800205
 42.672915,-96.802071
 42.672055,-96.802082
 42.669981,-96.801041
 42.669342,-96.800355
 42.668158,-96.798584
 42.666233,-96.793821
 42.662746,-96.776955
 42.662241,-96.772814
 42.662005,-96.763984
 42.664269,-96.751753
 42.664427,-96.751206
 42.665642,-96.749489
 42.66617,-96.747215
 42.667156,-96.735048
 42.66688,-96.728171
 42.659149,-96.697733
 42.656142,-96.691221
 42.653365,-96.687949
 42.652197,-96.687144
 42.649625,-96.687015
 42.646137,-96.687756
 42.644156,-96.689054
 42.641883,-96.692734
 42.63755,-96.696886
 42.625481,-96.707143
 42.621897,-96.709481
 42.617523,-96.711252
 42.614436,-96.711531
 42.608151,-96.710973
 42.604352,-96.709428
 42.601565,-96.707937
 42.599338,-96.706316
 42.592688,-96.699117
 42.590049,-96.696918
 42.579282,-96.687058
 42.576107,-96.68355
 42.574289,-96.680932
 42.57154,-96.675739
 42.566278,-96.658487
 42.56092,-96.648231
 42.557901,-96.643982
 42.556874,-96.642855
 42.551847,-96.637963
 42.547461,-96.635281
 42.540307,-96.63335
 42.531745,-96.633296
 42.528646,-96.632781
 42.524353,-96.631494
 42.516817,-96.628071
 42.513638,-96.625968
 42.513353,-96.625528
 42.506021,-96.611291
 42.505167,-96.608523
 42.504471,-96.603674
 42.504637,-96.595917
 42.505428,-96.591132
 42.507975,-96.584147
 42.515639,-96.572646
 42.5179,-96.567764
 42.52036,-96.557829
 42.520533,-96.548828
 42.517987,-96.537681
 42.515188,-96.531683
 42.513108,-96.528583
 42.510095,-96.525031
 42.504297,-96.520439
 42.500959,-96.518819
 42.497075,-96.517607
 42.494046,-96.515665
 42.486561,-96.50838
 42.484757,-96.505741
 42.482629,-96.500795
 42.480129,-96.489551
 42.479694,-96.480228
 42.479757,-96.478436
 42.480342,-96.475164
 42.4838,-96.465615
 42.487028,-96.459424
 42.488112,-96.456141
 42.489418,-96.451099
 42.49058,-96.44567
 42.490628,-96.445482
 42.490707,-96.445606
 42.49066,-96.445863
 42.490636,-96.446239
 42.490462,-96.44802
 42.492535,-96.455626
 42.492566,-96.456227
 42.492424,-96.457407
 42.490786,-96.462085
 42.490533,-96.463223
 42.490596,-96.465486
 42.491395,-96.46951
 42.490715,-96.469982
 42.490272,-96.469971
 42.489876,-96.470186
 42.48941,-96.470915
 42.489291,-96.471612
 42.489251,-96.473393
 42.489418,-96.474509
 42.489702,-96.475646
 42.490248,-96.476537
 42.491008,-96.477127
 42.492693,-96.477739
 42.494449,-96.4779
 42.495248,-96.477513
 42.496094,-96.477524
 42.49808,-96.476794
 42.50164,-96.474466
 42.503316,-96.473984
 42.503506,-96.47349
 42.503846,-96.473533
 42.507698,-96.47599
 42.509612,-96.477492
 42.510822,-96.479166
 42.510316,-96.482974
 42.5103,-96.484176
 42.510727,-96.486504
 42.511281,-96.488135
 42.51431,-96.492577
 42.515409,-96.493446
 42.516706,-96.493714
 42.518446,-96.493317
 42.519031,-96.492866
 42.519561,-96.492158
 42.520533,-96.490238
 42.52425,-96.480035
 42.525895,-96.479219
 42.526314,-96.479048
 42.526748,-96.47909
 42.52969,-96.479766
 42.535698,-96.477706
 42.540268,-96.477363
 42.546259,-96.476612
 42.54701,-96.476955
 42.55587,-96.476998
 42.556107,-96.477406
 42.556368,-96.478554
 42.5567,-96.480914
 42.556945,-96.485946
 42.556747,-96.490141
 42.55636,-96.493188
 42.556479,-96.495581
 42.557,-96.497222
 42.557988,-96.498402
 42.558383,-96.49866
 42.56058,-96.498971
 42.560983,-96.498842
 42.572923,-96.486365
 42.573736,-96.485978
 42.574605,-96.485764
 42.57504,-96.485828
 42.575838,-96.486311
 42.576083,-96.486783
 42.577276,-96.491847
 42.578485,-96.494272
 42.579496,-96.49543
 42.580728,-96.49601
 42.581613,-96.495978
 42.582458,-96.495656
 42.583619,-96.494797
 42.586116,-96.491536
 42.586961,-96.491343
 42.587356,-96.49159
 42.58798,-96.492888
 42.588406,-96.49572
 42.588462,-96.499304
 42.58877,-96.500419
 42.589449,-96.501149
 42.590302,-96.501471
 42.592774,-96.50028
 42.594133,-96.500216
 42.594559,-96.500366
 42.605016,-96.504679
 42.612809,-96.509571
 42.615194,-96.513101
 42.616173,-96.515064
 42.616599,-96.516684
 42.616497,-96.518465
 42.616133,-96.51956
 42.615494,-96.520364
 42.614396,-96.521362
 42.612762,-96.522253
 42.609406,-96.525589
 42.60909,-96.526276
 42.608956,-96.527445
 42.609043,-96.528014
 42.609532,-96.529012
 42.610346,-96.529838
 42.613694,-96.531329
 42.615447,-96.531587
 42.616315,-96.531394
 42.616733,-96.531211
 42.617823,-96.529988
 42.618202,-96.529098
 42.618407,-96.527971
 42.617878,-96.525911
 42.617602,-96.523669
 42.617712,-96.521341
 42.619023,-96.519012
 42.619702,-96.518229
 42.621692,-96.516942
 42.622947,-96.516384
 42.62717,-96.515429
 42.628489,-96.515472
 42.63017,-96.51618
 42.631251,-96.517189
 42.633422,-96.520182
 42.634866,-96.521802
 42.634977,-96.522349
 42.634685,-96.524699
 42.634859,-96.525235
 42.635198,-96.525536
 42.63564,-96.525611
 42.637842,-96.525514
 42.640628,-96.526437
 42.641386,-96.527016
 42.641843,-96.528003
 42.642356,-96.530696
 42.642901,-96.532327
 42.644669,-96.535782
 42.645995,-96.537509
 42.646792,-96.538045
 42.648078,-96.538389
 42.652197,-96.53753
 42.653965,-96.537477
 42.655274,-96.537799
 42.656876,-96.538764
 42.660048,-96.541607
 42.660719,-96.542391
 42.661216,-96.543378
 42.661334,-96.543957
 42.661492,-96.545738
 42.661358,-96.546929
 42.660616,-96.549493
 42.659172,-96.552519
 42.658154,-96.555094
 42.657657,-96.55725
 42.65776,-96.55902
 42.65832,-96.559771
 42.658715,-96.559868
 42.6609,-96.5596
 42.662628,-96.559793
 42.663022,-96.559567
 42.663535,-96.55887
 42.663906,-96.556317
 42.664269,-96.556188
 42.666336,-96.558162
 42.667803,-96.559117
 42.66886,-96.560179
 42.66946,-96.561048
 42.670596,-96.563612
 42.67159,-96.564792
 42.673191,-96.56579
 42.675116,-96.566262
 42.67592,-96.566702
 42.676181,-96.567163
 42.676165,-96.567711
 42.67536,-96.569095
 42.674516,-96.569867
 42.674027,-96.570082
 42.672276,-96.570371
 42.671464,-96.570747
 42.671132,-96.571133
 42.670706,-96.572142
 42.67073,-96.573333
 42.67144,-96.57742
 42.671937,-96.578311
 42.672308,-96.578364
 42.672615,-96.578
 42.673231,-96.575135
 42.673767,-96.574212
 42.675329,-96.57286
 42.676559,-96.572238
 42.677884,-96.572152
 42.678302,-96.57227
 42.678642,-96.572614
 42.678586,-96.57373
 42.677877,-96.575242
 42.6776,-96.576369
 42.677577,-96.57756
 42.678011,-96.578536
 42.678413,-96.578515
 42.678744,-96.57815
 42.679699,-96.576133
 42.680677,-96.574942
 42.681063,-96.574706
 42.681939,-96.574641
 42.682554,-96.575146
 42.68294,-96.576186
 42.682775,-96.583192
 42.683074,-96.585563
 42.683271,-96.586068
 42.68365,-96.586261
 42.684092,-96.586196
 42.685322,-96.585553
 42.686639,-96.585456
 42.687073,-96.585488
 42.688287,-96.586078
 42.689581,-96.58625
 42.689896,-96.586658
 42.690227,-96.588364
 42.690992,-96.590155
 42.690858,-96.590928
 42.690267,-96.591743
 42.689518,-96.591829
 42.688902,-96.591475
 42.688035,-96.591454
 42.687633,-96.591668
 42.687057,-96.592408
 42.68671,-96.594125
 42.686663,-96.59891
 42.686868,-96.599414
 42.687625,-96.599962
 42.688074,-96.59994
 42.688784,-96.599318
 42.688879,-96.598781
 42.68835,-96.597161
 42.68835,-96.596571
 42.689036,-96.594361
 42.689281,-96.593878
 42.689652,-96.593632
 42.690085,-96.593696
 42.690543,-96.594039
 42.69126,-96.596013
 42.691599,-96.596357
 42.692033,-96.596432
 42.692743,-96.595799
 42.693768,-96.59391
 42.694162,-96.593943
 42.694651,-96.594887
 42.695109,-96.596571
 42.695992,-96.597912
 42.697072,-96.598921
 42.698365,-96.599146
 42.698783,-96.599457
 42.698964,-96.599994
 42.698909,-96.60097
 42.69861,-96.601335
 42.697655,-96.601603
 42.697277,-96.601882
 42.697033,-96.602376
 42.696835,-96.60392
 42.696599,-96.60436
 42.695329,-96.604425
 42.69499,-96.604757
 42.69462,-96.60583
 42.694509,-96.610014
 42.694635,-96.610594
 42.695179,-96.611495
 42.696,-96.61186
 42.696441,-96.61186
 42.696828,-96.611624
 42.69786,-96.610519
 42.698231,-96.609435
 42.698207,-96.608877
 42.697624,-96.607311
 42.697592,-96.606721
 42.697987,-96.605015
 42.698294,-96.604629
 42.699012,-96.60436
 42.699887,-96.60436
 42.701148,-96.604875
 42.701803,-96.605626
 42.702276,-96.607289
 42.702126,-96.609639
 42.701519,-96.610465
 42.699974,-96.611624
 42.699327,-96.612428
 42.698531,-96.614263
 42.698483,-96.614778
 42.698822,-96.615272
 42.700092,-96.61554
 42.700305,-96.616044
 42.700265,-96.616613
 42.699658,-96.61819
 42.699737,-96.618737
 42.70006,-96.619112
 42.700462,-96.619349
 42.701771,-96.619595
 42.702891,-96.620497
 42.70375,-96.620765
 42.70498,-96.621441
 42.707306,-96.623586
 42.707385,-96.624112
 42.707172,-96.624595
 42.706604,-96.625228
 42.705848,-96.625153
 42.704909,-96.62437
 42.704523,-96.624541
 42.704003,-96.6254
 42.703869,-96.625936
 42.704704,-96.628017
 42.705138,-96.629659
 42.705911,-96.630174
 42.707227,-96.629959
 42.708481,-96.629401
 42.708851,-96.62908
 42.709316,-96.627438
 42.709592,-96.626987
 42.713991,-96.624219
 42.714835,-96.624209
 42.71556,-96.624595
 42.716884,-96.62629
 42.717625,-96.627728
 42.718019,-96.627685
 42.719564,-96.625582
 42.720747,-96.624563
 42.721164,-96.624402
 42.722047,-96.624455
 42.723411,-96.625561
 42.723836,-96.625614
 42.724222,-96.625389
 42.724948,-96.624531
 42.725365,-96.624552
 42.725618,-96.624724
 42.725815,-96.625968
 42.725712,-96.627771
 42.724932,-96.631826
 42.72427,-96.633371
 42.724254,-96.63394
 42.724498,-96.634401
 42.724885,-96.63468
 42.725736,-96.634691
 42.726421,-96.633993
 42.726902,-96.632996
 42.727257,-96.632652
 42.728502,-96.632159
 42.729393,-96.630861
 42.729802,-96.630678
 42.730244,-96.630732
 42.730929,-96.631075
 42.732135,-96.632577
 42.73245,-96.633672
 42.732498,-96.634873
 42.733065,-96.636343
 42.734704,-96.638328
 42.735477,-96.638918
 42.736714,-96.639508
 42.737116,-96.63939
 42.737384,-96.63895
 42.737344,-96.638371
 42.73643,-96.635034
 42.735642,-96.633596
 42.735248,-96.632524
 42.735122,-96.631354
 42.735272,-96.630818
 42.735626,-96.630517
 42.736462,-96.630732
 42.740047,-96.634959
 42.740795,-96.635592
 42.741623,-96.635774
 42.742308,-96.634991
 42.742513,-96.634476
 42.743104,-96.630979
 42.743459,-96.629895
 42.743813,-96.629595
 42.744207,-96.62968
 42.744585,-96.631343
 42.74479,-96.631858
 42.745153,-96.632137
 42.745578,-96.632116
 42.746366,-96.631601
 42.747099,-96.630292
 42.747414,-96.630088
 42.747847,-96.630024
 42.749092,-96.630592
 42.749525,-96.630592
 42.750361,-96.630249
 42.75092,-96.629359
 42.751148,-96.627599
 42.751345,-96.627095
 42.752496,-96.626258
 42.752716,-96.625775
 42.752976,-96.622857
 42.753669,-96.620078
 42.754386,-96.619424
 42.75482,-96.619359
 42.756041,-96.619971
 42.757325,-96.620271
 42.75801,-96.621022
 42.758388,-96.622084
 42.758286,-96.623243
 42.758002,-96.623683
 42.757262,-96.624316
 42.755536,-96.625121
 42.75467,-96.626247
 42.754607,-96.626784
 42.754827,-96.627277
 42.75671,-96.628007
 42.757868,-96.628897
 42.758884,-96.630024
 42.760799,-96.631418
 42.761515,-96.632116
 42.76376,-96.635388
 42.764343,-96.635989
 42.764761,-96.636107
 42.765162,-96.635946
 42.765485,-96.635485
 42.765619,-96.634938
 42.765375,-96.632609
 42.765619,-96.632148
 42.766446,-96.631837
 42.767305,-96.632009
 42.768053,-96.632599
 42.768573,-96.633564
 42.76903,-96.635678
 42.769195,-96.635903
 42.769597,-96.636043
 42.769951,-96.63586
 42.770589,-96.635163
 42.770794,-96.634637
 42.771038,-96.633489
 42.77092,-96.63232
 42.770731,-96.631805
 42.770384,-96.631451
 42.76873,-96.630689
 42.76847,-96.630249
 42.768565,-96.629723
 42.768896,-96.629423
 42.769321,-96.629498
 42.770526,-96.630131
 42.770959,-96.630067
 42.771542,-96.629637
 42.77181,-96.629187
 42.772251,-96.626891
 42.772534,-96.626451
 42.772928,-96.626236
 42.775062,-96.626762
 42.775448,-96.626515
 42.776086,-96.625711
 42.77633,-96.62305
 42.776503,-96.622524
 42.777228,-96.621859
 42.777645,-96.621709
 42.779252,-96.621698
 42.780527,-96.621312
 42.783441,-96.619928
 42.783803,-96.619606
 42.784071,-96.619155
 42.785,-96.615797
 42.784898,-96.615239
 42.784528,-96.614993
 42.783252,-96.615347
 42.782819,-96.615261
 42.782472,-96.614928
 42.782417,-96.614445
 42.782677,-96.613984
 42.782937,-96.613673
 42.78415,-96.613137
 42.784449,-96.612761
 42.784551,-96.612214
 42.784331,-96.611731
 42.783134,-96.611077
 42.78263,-96.610143
 42.783063,-96.609178
 42.783913,-96.608845
 42.784236,-96.60848
 42.784157,-96.607364
 42.783543,-96.606517
 42.783079,-96.605508
 42.783055,-96.604382
 42.783677,-96.60362
 42.785858,-96.603491
 42.787315,-96.602494
 42.788433,-96.602354
 42.788803,-96.60259
 42.789834,-96.604124
 42.790535,-96.604832
 42.790952,-96.605004
 42.791385,-96.604961
 42.791779,-96.604714
 42.792259,-96.60377
 42.792275,-96.603169
 42.791763,-96.601034
 42.791795,-96.59803
 42.792204,-96.596357
 42.792669,-96.595327
 42.793007,-96.594962
 42.793425,-96.594833
 42.793842,-96.595016
 42.794724,-96.596314
 42.795377,-96.596721
 42.79607,-96.596818
 42.796456,-96.597054
 42.797455,-96.598996
 42.797818,-96.599318
 42.798683,-96.599371
 42.799486,-96.598889
 42.799778,-96.598492
 42.799778,-96.597944
 42.799471,-96.597569
 42.798203,-96.597129
 42.797644,-96.596249
 42.797487,-96.595713
 42.797566,-96.595123
 42.797762,-96.594597
 42.7984,-96.593792
 42.799534,-96.59287
 42.800777,-96.59228
 42.801203,-96.592172
 42.802391,-96.59288
 42.802816,-96.592827
 42.805556,-96.590981
 42.80687,-96.590799
 42.808161,-96.590413
 42.808995,-96.59067
 42.809893,-96.592033
 42.810058,-96.592569
 42.810137,-96.594951
 42.81038,-96.595391
 42.810806,-96.595498
 42.81238,-96.595155
 42.81282,-96.595209
 42.814032,-96.595842
 42.814906,-96.595777
 42.815583,-96.59508
 42.815693,-96.594533
 42.815181,-96.591829
 42.81526,-96.590917
 42.815976,-96.590327
 42.818046,-96.589469
 42.818172,-96.588986
 42.81755,-96.586776
 42.817897,-96.585714
 42.818872,-96.584544
 42.819305,-96.584383
 42.819722,-96.584405
 42.820423,-96.58507
 42.821013,-96.585939
 42.821831,-96.586347
 42.822705,-96.586347
 42.823539,-96.585971
 42.824373,-96.584641
 42.824625,-96.583493
 42.824696,-96.581111
 42.824924,-96.580532
 42.826372,-96.57919
 42.827363,-96.578021
 42.827883,-96.577785
 42.828732,-96.577871
 42.830896,-96.579909
 42.832564,-96.580628
 42.833335,-96.581937
 42.833697,-96.582216
 42.83457,-96.582184
 42.836089,-96.581562
 42.837348,-96.581411
 42.837717,-96.581122
 42.837985,-96.579834
 42.837828,-96.578665
 42.837576,-96.578214
 42.836726,-96.578064
 42.836364,-96.578354
 42.836018,-96.579319
 42.835719,-96.579598
 42.83498,-96.579384
 42.834696,-96.578965
 42.834626,-96.578375
 42.834987,-96.576669
 42.835491,-96.575704
 42.836105,-96.575114
 42.837363,-96.574727
 42.83767,-96.574341
 42.837568,-96.573858
 42.836962,-96.572989
 42.836836,-96.572453
 42.83697,-96.571273
 42.837592,-96.569213
 42.837607,-96.568633
 42.837363,-96.568172
 42.836978,-96.567947
 42.836569,-96.568118
 42.835153,-96.56961
 42.834736,-96.569695
 42.833957,-96.569148
 42.832706,-96.567485
 42.829299,-96.56476
 42.828441,-96.564492
 42.828095,-96.564181
 42.827953,-96.563644
 42.828213,-96.562539
 42.828827,-96.561692
 42.82922,-96.561477
 42.830621,-96.562797
 42.831486,-96.56284
 42.833201,-96.562357
 42.835727,-96.562657
 42.836435,-96.562421
 42.838724,-96.560737
 42.839023,-96.560329
 42.839338,-96.559235
 42.839078,-96.55828
 42.836482,-96.556091
 42.83605,-96.555061
 42.835806,-96.553903
 42.835806,-96.552111
 42.835987,-96.551639
 42.836679,-96.550856
 42.838229,-96.549729
 42.840314,-96.548796
 42.840668,-96.548924
 42.841769,-96.552175
 42.842383,-96.553044
 42.843106,-96.55372
 42.844491,-96.554568
 42.846685,-96.554825
 42.847527,-96.555158
 42.848683,-96.555963
 42.849116,-96.55592
 42.849431,-96.555576
 42.849462,-96.554997
 42.847881,-96.552154
 42.847456,-96.55048
 42.847551,-96.549911
 42.847858,-96.549557
 42.848707,-96.549729
 42.849415,-96.550373
 42.849855,-96.550426
 42.850272,-96.550266
 42.850925,-96.549515
 42.85098,-96.548967
 42.850776,-96.548442
 42.849785,-96.547143
 42.849588,-96.54665
 42.849698,-96.54548
 42.849989,-96.545041
 42.851114,-96.544129
 42.854299,-96.542519
 42.85684,-96.541522
 42.857697,-96.541253
 42.858554,-96.541436
 42.859286,-96.542058
 42.859514,-96.542541
 42.859396,-96.543077
 42.858161,-96.543603
 42.857202,-96.544805
 42.856966,-96.545277
 42.857186,-96.546403
 42.857902,-96.546983
 42.85879,-96.54694
 42.860489,-96.546028
 42.860898,-96.546017
 42.861252,-96.546328
 42.861433,-96.546843
 42.86137,-96.547991
 42.861739,-96.548914
 42.862384,-96.549718
 42.863155,-96.550255
 42.86358,-96.550233
 42.86391,-96.549901
 42.863996,-96.549343
 42.863501,-96.547294
 42.86365,-96.546768
 42.864036,-96.546532
 42.866615,-96.545792
 42.867055,-96.545824
 42.867771,-96.546435
 42.868644,-96.54857
 42.869304,-96.549343
 42.869713,-96.549482
 42.870547,-96.549225
 42.871647,-96.548227
 42.873833,-96.54694
 42.874187,-96.546586
 42.874344,-96.54606
 42.874565,-96.543721
 42.875775,-96.542004
 42.877371,-96.540159
 42.878166,-96.538067
 42.87848,-96.537713
 42.878912,-96.537734
 42.879298,-96.53797
 42.881365,-96.540202
 42.882851,-96.543109
 42.883244,-96.543345
 42.883677,-96.543281
 42.884125,-96.54268
 42.885909,-96.538539
 42.886546,-96.537756
 42.886955,-96.537638
 42.887348,-96.537874
 42.888362,-96.539794
 42.8887,-96.540148
 42.889116,-96.540256
 42.889502,-96.540062
 42.889816,-96.538979
 42.889415,-96.536683
 42.88951,-96.536168
 42.890374,-96.534816
 42.890547,-96.53429
 42.890531,-96.527692
 42.891097,-96.525782
 42.891758,-96.525278
 42.892355,-96.525353
 42.892795,-96.525847
 42.893243,-96.528068
 42.893731,-96.529055
 42.894407,-96.529773
 42.894823,-96.529934
 42.895711,-96.529934
 42.896081,-96.529677
 42.896521,-96.528679
 42.89689,-96.528411
 42.897323,-96.528347
 42.897708,-96.528572
 42.899028,-96.531651
 42.899845,-96.533056
 42.900207,-96.534473
 42.900702,-96.535428
 42.900718,-96.536576
 42.899924,-96.538303
 42.899971,-96.539429
 42.900246,-96.539837
 42.902242,-96.541017
 42.903539,-96.542605
 42.90394,-96.542809
 42.90438,-96.542809
 42.904757,-96.542584
 42.904922,-96.542069
 42.904435,-96.539794
 42.904467,-96.538593
 42.904726,-96.537455
 42.905127,-96.536747
 42.905465,-96.53649
 42.905889,-96.536447
 42.906274,-96.536694
 42.907445,-96.538153
 42.907854,-96.538346
 42.908372,-96.538335
 42.909975,-96.537702
 42.910415,-96.537681
 42.9108,-96.537874
 42.911374,-96.539429
 42.911728,-96.539719
 42.91216,-96.539719
 42.913417,-96.539193
 42.914721,-96.538936
 42.916961,-96.537702
 42.917385,-96.537766
 42.917739,-96.538078
 42.918556,-96.540159
 42.919279,-96.540835
 42.920088,-96.541275
 42.920504,-96.541436
 42.922264,-96.541511
 42.923136,-96.541382
 42.924299,-96.540931
 42.924566,-96.540706
 42.924762,-96.540213
 42.924605,-96.539054
 42.923065,-96.536479
 42.923097,-96.535299
 42.923718,-96.533754
 42.924684,-96.532863
 42.925689,-96.533915
 42.926514,-96.534301
 42.927386,-96.534226
 42.927787,-96.534022
 42.932123,-96.529891
 42.933812,-96.527928
 42.9347,-96.526608
 42.935556,-96.524892
 42.935689,-96.524323
 42.935634,-96.523132
 42.935312,-96.522038
 42.934786,-96.521083
 42.93404,-96.520514
 42.932736,-96.520332
 42.93221,-96.519806
 42.931998,-96.519356
 42.931801,-96.518208
 42.931919,-96.517639
 42.932406,-96.516792
 42.932736,-96.516459
 42.933553,-96.516073
 42.934857,-96.516008
 42.935658,-96.51648
 42.935988,-96.516867
 42.937103,-96.518712
 42.938116,-96.519839
 42.938541,-96.519989
 42.939821,-96.519667
 42.940426,-96.519109
 42.94275,-96.515611
 42.943606,-96.514699
 42.944423,-96.514281
 42.944714,-96.513884
 42.944753,-96.513326
 42.944408,-96.512232
 42.944337,-96.511041
 42.944612,-96.509936
 42.945248,-96.509153
 42.946544,-96.509013
 42.947667,-96.50809
 42.94846,-96.507801
 42.95051,-96.508305
 42.951758,-96.508895
 42.95307,-96.508992
 42.953478,-96.508809
 42.953933,-96.507833
 42.954145,-96.506052
 42.954483,-96.504947
 42.955095,-96.504121
 42.956729,-96.503241
 42.957074,-96.502297
 42.957459,-96.499357
 42.957679,-96.498864
 42.958064,-96.498649
 42.958802,-96.499175
 42.960286,-96.501396
 42.960663,-96.501685
 42.961518,-96.501932
 42.967148,-96.502512
 42.968404,-96.50308
 42.970853,-96.504915
 42.971261,-96.505934
 42.971081,-96.508917
 42.971151,-96.510118
 42.97196,-96.513498
 42.97291,-96.515794
 42.973271,-96.516094
 42.974998,-96.516556
 42.975359,-96.516845
 42.976364,-96.518776
 42.977408,-96.519871
 42.978232,-96.520268
 42.979967,-96.520557
 42.980343,-96.520396
 42.98039,-96.519849
 42.980006,-96.518165
 42.980076,-96.517575
 42.980791,-96.516695
 42.981638,-96.516545
 42.982039,-96.516759
 42.98331,-96.518379
 42.98371,-96.518594
 42.984574,-96.518594
 42.984935,-96.518304
 42.985045,-96.517768
 42.984072,-96.515847
 42.984032,-96.515268
 42.984715,-96.513476
 42.98572,-96.512307
 42.986104,-96.512049
 42.986544,-96.511996
 42.988278,-96.51221
 42.988765,-96.512071
 42.989934,-96.511288
 42.990358,-96.511256
 42.990711,-96.511513
 42.991174,-96.512522
 42.991519,-96.512768
 42.992336,-96.512371
 42.993466,-96.511449
 42.995584,-96.509314
 42.996134,-96.50838
 42.996487,-96.507286
 42.996824,-96.503681
 42.997789,-96.500323
 42.998135,-96.497973
 42.998574,-96.496965
 42.998943,-96.496675
 42.999798,-96.496847
 43.000151,-96.496686
 43.000959,-96.495259
 43.00165,-96.494529
 43.00205,-96.494347
 43.003368,-96.494336
 43.003768,-96.494154
 43.005353,-96.492587
 43.010131,-96.491686
 43.010539,-96.491847
 43.010877,-96.492223
 43.011245,-96.493038
 43.011536,-96.493306
 43.013889,-96.494046
 43.014697,-96.494486
 43.015811,-96.49543
 43.016156,-96.496471
 43.016187,-96.498274
 43.016595,-96.499271
 43.016995,-96.499389
 43.018196,-96.498671
 43.018635,-96.49866
 43.019019,-96.498896
 43.019506,-96.499829
 43.019702,-96.5022
 43.019992,-96.503327
 43.022949,-96.507179
 43.024612,-96.510698
 43.025679,-96.511674
 43.029098,-96.513734
 43.030008,-96.513981
 43.030824,-96.513637
 43.03131,-96.512661
 43.031608,-96.511524
 43.031851,-96.511052
 43.03222,-96.510762
 43.036964,-96.509185
 43.03778,-96.509442
 43.039928,-96.511524
 43.040532,-96.512339
 43.040485,-96.512908
 43.039826,-96.514957
 43.03854,-96.517886
 43.037976,-96.520139
 43.038101,-96.521298
 43.038407,-96.521705
 43.038815,-96.521888
 43.039669,-96.521705
 43.040242,-96.520869
 43.040352,-96.517907
 43.04112,-96.51648
 43.041081,-96.514002
 43.041144,-96.513401
 43.041363,-96.513004
 43.04221,-96.513112
 43.043261,-96.514195
 43.044068,-96.514646
 43.045166,-96.514699
 43.046374,-96.513981
 43.049627,-96.510934
 43.049878,-96.510494
 43.050113,-96.509356
 43.048812,-96.504936
 43.048812,-96.502308
 43.048977,-96.501127
 43.050247,-96.498703
 43.050756,-96.492716
 43.051093,-96.49101
 43.051485,-96.489948
 43.052097,-96.489133
 43.053665,-96.488918
 43.054073,-96.488714
 43.055523,-96.487352
 43.056997,-96.485142
 43.058024,-96.484036
 43.06007,-96.480711
 43.061073,-96.478693
 43.062617,-96.476601
 43.063566,-96.473275
 43.063464,-96.472707
 43.062053,-96.46981
 43.061896,-96.46804
 43.062178,-96.46628
 43.063072,-96.46289
 43.063738,-96.461345
 43.064381,-96.46054
 43.065227,-96.460336
 43.066066,-96.460519
 43.066427,-96.460251
 43.066913,-96.459113
 43.067532,-96.458309
 43.067947,-96.458255
 43.069005,-96.459178
 43.069515,-96.459317
 43.070071,-96.458738
 43.070886,-96.457332
 43.07127,-96.457086
 43.072556,-96.456753
 43.073614,-96.455723
 43.074429,-96.455305
 43.076169,-96.455208
 43.078802,-96.455745
 43.080549,-96.455562
 43.081372,-96.45524
 43.082485,-96.454307
 43.083315,-96.454006
 43.086693,-96.454489
 43.087907,-96.455144
 43.088221,-96.455551
 43.088745,-96.457193
 43.089278,-96.461323
 43.08956,-96.46245
 43.08985,-96.462858
 43.090273,-96.462954
 43.091582,-96.462783
 43.094763,-96.46068
 43.095366,-96.459607
 43.095703,-96.457268
 43.095961,-96.456935
 43.09727,-96.456903
 43.097559,-96.456517
 43.097418,-96.453599
 43.097512,-96.453009
 43.098147,-96.452247
 43.098515,-96.452322
 43.098805,-96.452762
 43.099197,-96.452966
 43.100066,-96.452858
 43.100427,-96.45259
 43.100568,-96.450852
 43.100764,-96.450348
 43.10114,-96.450005
 43.101563,-96.449962
 43.102362,-96.450391
 43.103215,-96.450552
 43.103607,-96.450326
 43.103866,-96.449865
 43.104633,-96.447966
 43.105706,-96.447011
 43.10743,-96.447043
 43.109333,-96.44641
 43.109913,-96.445767
 43.110484,-96.444147
 43.112787,-96.440552
 43.113813,-96.439437
 43.114612,-96.438986
 43.115928,-96.438911
 43.116758,-96.4386
 43.119687,-96.436862
 43.120525,-96.436594
 43.120948,-96.43669
 43.121284,-96.437044
 43.121645,-96.438675
 43.122052,-96.439726
 43.123109,-96.440767
 43.124323,-96.441464
 43.12502,-96.441604
 43.125905,-96.441261
 43.127424,-96.440113
 43.128277,-96.440198
 43.12859,-96.440552
 43.128559,-96.442248
 43.128841,-96.442655
 43.130571,-96.442966
 43.133085,-96.443127
 43.134541,-96.443954
 43.136365,-96.445584
 43.136537,-96.44611
 43.136005,-96.447687
 43.136075,-96.448256
 43.136381,-96.448599
 43.136788,-96.448535
 43.137657,-96.447226
 43.138064,-96.447119
 43.138495,-96.447215
 43.140436,-96.449125
 43.142299,-96.450477
 43.142534,-96.450949
 43.142448,-96.452719
 43.14262,-96.453888
 43.142879,-96.454339
 43.143677,-96.454736
 43.144139,-96.45568
 43.143364,-96.459092
 43.143497,-96.459993
 43.144037,-96.460594
 43.145767,-96.460422
 43.146174,-96.460261
 43.146354,-96.459993
 43.146613,-96.459081
 43.147004,-96.458952
 43.147388,-96.459167
 43.148108,-96.46068
 43.148828,-96.461334
 43.149039,-96.461806
 43.148969,-96.462353
 43.148624,-96.462686
 43.147802,-96.463072
 43.147536,-96.463512
 43.14738,-96.464639
 43.147599,-96.465132
 43.147975,-96.465358
 43.148851,-96.465325
 43.149251,-96.465508
 43.151701,-96.468018
 43.152108,-96.46819
 43.152421,-96.467868
 43.152248,-96.466141
 43.152569,-96.465057
 43.152898,-96.464682
 43.15545,-96.463898
 43.15588,-96.463877
 43.156271,-96.464081
 43.156451,-96.464585
 43.156444,-96.466377
 43.156592,-96.466924
 43.157618,-96.46805
 43.158001,-96.469091
 43.158338,-96.469381
 43.158713,-96.46922
 43.159989,-96.466806
 43.160318,-96.46643
 43.161132,-96.46598
 43.161562,-96.465905
 43.161977,-96.466033
 43.163111,-96.466913
 43.163941,-96.467257
 43.167838,-96.466849
 43.168237,-96.467085
 43.168495,-96.467535
 43.168707,-96.468683
 43.169035,-96.468995
 43.169458,-96.469123
 43.170225,-96.468673
 43.170944,-96.465894
 43.171735,-96.465443
 43.172595,-96.46524
 43.172995,-96.465336
 43.173902,-96.466581
 43.174301,-96.466666
 43.17585,-96.465561
 43.176711,-96.465583
 43.177501,-96.466087
 43.177924,-96.466109
 43.179974,-96.465068
 43.181984,-96.464896
 43.182853,-96.465111
 43.184151,-96.466656
 43.184581,-96.467654
 43.184574,-96.468823
 43.184793,-96.469327
 43.185129,-96.469681
 43.185974,-96.469907
 43.186193,-96.470325
 43.185505,-96.471387
 43.185481,-96.471913
 43.185708,-96.472396
 43.186076,-96.472642
 43.187797,-96.472363
 43.189721,-96.47378
 43.190589,-96.473833
 43.191434,-96.473576
 43.192732,-96.473511
 43.19565,-96.472278
 43.196518,-96.472095
 43.197191,-96.472385
 43.198927,-96.473823
 43.200663,-96.474198
 43.201868,-96.474788
 43.202306,-96.474777
 43.202681,-96.474531
 43.203229,-96.473629
 43.203596,-96.473329
 43.204988,-96.470872
 43.205371,-96.470797
 43.206505,-96.471001
 43.207021,-96.470701
 43.207436,-96.470765
 43.208015,-96.471527
 43.209633,-96.47231
 43.212159,-96.475625
 43.212878,-96.476269
 43.213308,-96.476365
 43.214129,-96.476204
 43.215748,-96.475325
 43.217476,-96.474917
 43.22051,-96.47541
 43.221502,-96.475893
 43.222136,-96.477234
 43.222175,-96.478415
 43.223348,-96.480925
 43.223488,-96.483253
 43.224168,-96.48542
 43.223379,-96.490699
 43.223308,-96.493381
 43.223637,-96.496342
 43.223222,-96.497362
 43.221526,-96.499239
 43.220744,-96.500881
 43.220799,-96.502039
 43.221573,-96.504121
 43.221815,-96.505269
 43.221651,-96.507039
 43.221315,-96.508155
 43.220994,-96.508627
 43.220596,-96.508788
 43.218078,-96.507972
 43.217664,-96.508123
 43.217343,-96.508487
 43.217327,-96.509646
 43.217883,-96.511277
 43.218617,-96.512725
 43.218789,-96.513895
 43.218649,-96.515043
 43.217711,-96.518304
 43.217726,-96.519495
 43.218015,-96.520611
 43.218328,-96.521008
 43.219149,-96.521394
 43.220439,-96.521662
 43.220822,-96.521931
 43.222034,-96.523991
 43.223848,-96.52649
 43.224231,-96.527542
 43.224301,-96.528733
 43.224575,-96.52987
 43.225083,-96.530825
 43.226029,-96.532069
 43.226553,-96.533689
 43.227163,-96.534526
 43.2276,-96.535556
 43.22746,-96.536672
 43.226584,-96.537906
 43.225748,-96.539998
 43.226053,-96.542315
 43.22592,-96.544697
 43.226756,-96.547455
 43.22692,-96.548527
 43.226842,-96.554536
 43.226264,-96.556123
 43.225912,-96.556445
 43.225044,-96.556638
 43.224247,-96.5571
 43.223129,-96.558055
 43.222871,-96.558505
 43.222863,-96.558934
 43.223379,-96.559664
 43.224997,-96.560447
 43.225365,-96.56078
 43.227335,-96.563151
 43.229617,-96.564449
 43.230508,-96.565747
 43.231118,-96.567957
 43.231798,-96.568666
 43.23437,-96.569374
 43.236527,-96.569073
 43.237317,-96.569116
 43.238309,-96.571037
 43.238708,-96.571187
 43.23913,-96.571069
 43.242022,-96.568075
 43.243991,-96.565694
 43.244218,-96.5652
 43.244288,-96.564621
 43.243718,-96.562357
 43.243671,-96.561198
 43.244085,-96.560168
 43.244843,-96.559632
 43.245226,-96.55902
 43.245992,-96.55637
 43.247219,-96.553195
 43.24725,-96.552004
 43.246633,-96.549793
 43.246734,-96.549289
 43.247086,-96.549021
 43.247961,-96.549096
 43.249688,-96.550877
 43.250822,-96.551789
 43.251634,-96.552197
 43.252072,-96.552272
 43.253408,-96.551896
 43.253768,-96.55195
 43.254916,-96.552712
 43.257526,-96.552572
 43.258784,-96.553055
 43.259456,-96.553731
 43.259964,-96.554675
 43.259979,-96.555265
 43.259206,-96.556649
 43.259112,-96.557218
 43.259308,-96.560179
 43.260253,-96.56417
 43.260737,-96.565146
 43.261995,-96.566885
 43.263144,-96.56991
 43.264761,-96.571637
 43.266128,-96.573987
 43.2683,-96.576873
 43.268433,-96.577431
 43.268394,-96.578633
 43.26812,-96.580853
 43.267683,-96.582291
 43.267706,-96.582881
 43.268316,-96.584437
 43.268948,-96.585252
 43.269316,-96.585413
 43.269675,-96.585499
 43.270933,-96.585059
 43.271355,-96.585156
 43.272479,-96.586035
 43.273307,-96.58639
 43.274182,-96.586347
 43.274549,-96.586068
 43.276698,-96.584018
 43.276854,-96.583503
 43.276643,-96.583053
 43.274932,-96.583107
 43.274596,-96.582795
 43.274409,-96.58227
 43.274674,-96.581154
 43.274917,-96.580864
 43.275674,-96.58065
 43.276041,-96.580349
 43.278236,-96.577892
 43.278643,-96.577678
 43.279502,-96.57757
 43.281212,-96.578085
 43.283384,-96.578418
 43.284227,-96.578708
 43.287062,-96.580843
 43.288195,-96.581208
 43.288624,-96.58125
 43.289749,-96.580843
 43.292458,-96.579148
 43.293747,-96.579094
 43.295449,-96.579512
 43.295785,-96.579823
 43.29584,-96.580403
 43.295621,-96.581444
 43.295129,-96.58242
 43.293817,-96.583997
 43.293083,-96.585188
 43.292716,-96.586261
 43.292576,-96.587452
 43.292935,-96.588471
 43.293981,-96.5889
 43.295723,-96.5889
 43.296105,-96.588707
 43.29641,-96.588289
 43.296917,-96.585402
 43.29712,-96.584877
 43.297745,-96.584051
 43.298159,-96.583021
 43.298104,-96.580263
 43.298947,-96.576251
 43.299104,-96.573279
 43.298354,-96.571863
 43.296449,-96.570446
 43.295473,-96.568826
 43.295457,-96.568247
 43.296152,-96.566799
 43.296074,-96.566241
 43.294879,-96.564524
 43.294809,-96.563956
 43.29516,-96.562883
 43.295777,-96.562035
 43.296246,-96.561037
 43.296582,-96.556445
 43.296472,-96.554664
 43.296191,-96.554321
 43.295153,-96.555276
 43.294325,-96.554965
 43.293107,-96.553699
 43.292919,-96.553248
 43.292966,-96.552079
 43.293294,-96.551124
 43.293942,-96.550416
 43.294403,-96.549439
 43.294333,-96.546725
 43.295613,-96.541017
 43.296285,-96.540266
 43.297878,-96.539311
 43.298229,-96.538979
 43.298424,-96.538453
 43.298565,-96.536897
 43.299385,-96.532348
 43.299853,-96.530675
 43.300189,-96.530364
 43.300618,-96.530406
 43.301844,-96.531565
 43.302617,-96.53208
 43.303484,-96.532123
 43.304304,-96.531748
 43.304569,-96.531297
 43.304983,-96.529602
 43.304811,-96.527832
 43.304967,-96.527284
 43.305295,-96.52693
 43.305717,-96.526802
 43.306529,-96.527048
 43.308231,-96.528862
 43.309261,-96.529226
 43.309394,-96.527864
 43.309784,-96.527359
 43.310159,-96.525578
 43.310651,-96.524602
 43.310971,-96.524205
 43.311385,-96.524012
 43.311799,-96.524098
 43.312126,-96.524452
 43.313032,-96.526887
 43.313922,-96.528186
 43.314695,-96.52869
 43.315991,-96.529001
 43.316412,-96.528915
 43.31656,-96.528475
 43.315936,-96.526941
 43.316131,-96.526458
 43.317154,-96.525782
 43.318613,-96.52575
 43.31891,-96.526008
 43.318754,-96.527649
 43.319027,-96.528754
 43.320635,-96.530739
 43.320994,-96.530771
 43.321455,-96.529795
 43.32179,-96.529441
 43.322204,-96.529248
 43.324358,-96.528926
 43.324725,-96.529216
 43.326497,-96.53163
 43.328432,-96.532992
 43.328854,-96.533067
 43.329267,-96.532917
 43.33125,-96.531662
 43.3321,-96.531512
 43.333482,-96.532252
 43.334317,-96.532466
 43.334566,-96.532885
 43.334761,-96.534033
 43.335074,-96.534441
 43.335862,-96.534923
 43.336299,-96.534923
 43.336712,-96.534773
 43.33814,-96.532563
 43.338811,-96.531801
 43.339217,-96.531597
 43.340512,-96.53164
 43.342128,-96.532724
 43.342557,-96.532778
 43.342955,-96.532574
 43.343181,-96.532112
 43.343025,-96.531619
 43.342299,-96.531061
 43.342089,-96.530546
 43.342073,-96.529377
 43.342455,-96.528314
 43.343134,-96.527585
 43.344757,-96.526759
 43.346591,-96.524742
 43.347379,-96.524291
 43.347816,-96.524334
 43.348198,-96.524581
 43.348346,-96.525074
 43.347816,-96.526705
 43.34805,-96.527177
 43.348424,-96.527445
 43.348861,-96.527488
 43.351311,-96.52693
 43.351716,-96.526716
 43.352824,-96.525536
 43.353636,-96.525214
 43.354408,-96.525707
 43.355609,-96.527113
 43.356405,-96.527596
 43.357115,-96.52766
 43.358956,-96.527166
 43.361998,-96.527188
 43.362419,-96.527338
 43.362606,-96.527778
 43.362622,-96.528937
 43.362957,-96.529269
 43.364252,-96.52943
 43.365196,-96.53046
 43.365625,-96.530653
 43.368238,-96.530675
 43.369018,-96.530256
 43.369236,-96.529162
 43.369119,-96.528615
 43.368409,-96.528025
 43.368168,-96.527542
 43.368363,-96.526448
 43.368838,-96.525761
 43.369868,-96.524806
 43.370297,-96.524785
 43.371482,-96.525321
 43.372293,-96.524999
 43.372597,-96.524591
 43.372621,-96.524044
 43.372005,-96.52324
 43.371818,-96.522746
 43.371997,-96.522253
 43.372363,-96.522006
 43.373385,-96.521931
 43.37461,-96.521341
 43.375912,-96.52133
 43.376684,-96.521845
 43.377261,-96.522725
 43.378392,-96.523626
 43.379179,-96.52413
 43.379998,-96.524302
 43.380404,-96.524173
 43.380677,-96.523722
 43.381238,-96.52221
 43.381558,-96.52222
 43.381745,-96.523926
 43.38194,-96.52442
 43.382337,-96.524581
 43.382727,-96.524388
 43.383959,-96.522703
 43.384669,-96.522006
 43.385488,-96.521609
 43.385916,-96.521587
 43.386782,-96.521684
 43.388871,-96.522521
 43.390711,-96.524227
 43.391569,-96.524345
 43.3933,-96.524066
 43.39461,-96.524034
 43.395436,-96.524377
 43.396099,-96.525149
 43.396894,-96.526641
 43.397712,-96.529269
 43.397658,-96.529859
 43.3974,-96.530192
 43.396605,-96.530106
 43.3962,-96.530267
 43.395639,-96.531136
 43.395101,-96.535267
 43.39514,-96.53723
 43.395763,-96.538035
 43.397213,-96.539226
 43.397627,-96.540309
 43.397595,-96.541489
 43.397346,-96.541951
 43.396364,-96.542455
 43.396216,-96.542991
 43.396371,-96.544172
 43.396597,-96.544676
 43.397206,-96.545502
 43.397634,-96.545523
 43.399279,-96.544901
 43.400137,-96.544966
 43.400511,-96.545234
 43.401298,-96.546639
 43.403496,-96.547905
 43.403987,-96.548667
 43.404104,-96.549236
 43.403925,-96.551607
 43.404229,-96.553345
 43.404829,-96.554182
 43.406178,-96.554707
 43.406318,-96.556435
 43.4067,-96.557443
 43.407074,-96.557754
 43.408298,-96.55828
 43.409358,-96.55946
 43.411953,-96.559728
 43.412351,-96.559954
 43.412639,-96.560372
 43.412756,-96.56093
 43.412842,-96.563333
 43.413083,-96.564181
 43.413621,-96.564932
 43.416185,-96.567217
 43.417151,-96.568419
 43.418765,-96.572646
 43.419287,-96.573558
 43.419684,-96.573579
 43.420713,-96.572517
 43.421749,-96.572109
 43.423721,-96.570822
 43.426066,-96.569792
 43.427656,-96.569674
 43.428037,-96.56976
 43.428692,-96.570339
 43.430032,-96.573097
 43.431364,-96.574641
 43.43184,-96.575607
 43.432182,-96.582409
 43.431793,-96.584716
 43.431941,-96.586465
 43.43166,-96.587559
 43.432634,-96.590209
 43.433234,-96.593052
 43.433491,-96.593524
 43.434185,-96.594211
 43.435042,-96.594222
 43.436265,-96.593642
 43.437059,-96.593771
 43.437675,-96.594383
 43.437901,-96.595552
 43.438158,-96.595992
 43.439404,-96.596346
 43.44009,-96.597075
 43.440479,-96.597193
 43.441648,-96.59641
 43.442069,-96.596324
 43.442396,-96.596539
 43.442092,-96.598223
 43.442575,-96.599178
 43.442957,-96.599447
 43.443385,-96.599468
 43.445231,-96.598899
 43.44647,-96.600477
 43.448783,-96.601882
 43.449507,-96.602526
 43.450279,-96.60288
 43.450975,-96.602728
 43.451018,-96.602526
 43.450279,-96.60112
 43.45031,-96.600573
 43.450956,-96.599833
 43.451805,-96.599629
 43.452234,-96.599715
 43.45443,-96.600884
 43.455287,-96.601067
 43.455715,-96.601002
 43.456883,-96.600219
 43.457187,-96.599811
 43.457327,-96.599253
 43.457397,-96.598138
 43.458168,-96.597687
 43.458519,-96.597344
 43.458729,-96.596839
 43.458604,-96.594511
 43.459118,-96.593589
 43.459492,-96.593331
 43.460349,-96.593374
 43.461673,-96.594597
 43.462093,-96.59464
 43.462482,-96.594415
 43.462903,-96.593417
 43.46302,-96.590681
 43.463269,-96.590209
 43.463658,-96.590016
 43.465395,-96.589919
 43.46622,-96.589522
 43.466578,-96.5892
 43.466765,-96.588707
 43.466571,-96.588289
 43.465294,-96.588439
 43.464974,-96.588085
 43.464733,-96.586958
 43.465076,-96.585252
 43.466843,-96.582677
 43.467225,-96.582506
 43.467622,-96.58272
 43.469132,-96.584244
 43.47076,-96.58507
 43.471188,-96.585091
 43.473664,-96.583965
 43.474513,-96.583675
 43.474941,-96.583697
 43.475346,-96.583911
 43.47737,-96.586164
 43.478195,-96.586336
 43.478927,-96.585746
 43.480904,-96.581798
 43.481496,-96.581014
 43.483123,-96.581819
 43.48338,-96.582227
 43.483504,-96.58522
 43.483847,-96.586314
 43.484516,-96.587044
 43.484952,-96.58713
 43.485972,-96.586196
 43.486385,-96.586229
 43.487163,-96.586722
 43.487591,-96.586733
 43.487895,-96.58639
 43.488183,-96.585252
 43.488463,-96.584845
 43.488883,-96.584716
 43.489732,-96.584941
 43.491133,-96.586347
 43.49167,-96.587291
 43.491872,-96.589029
 43.49209,-96.589533
 43.492471,-96.589748
 43.49346,-96.589812
 43.493872,-96.590005
 43.494215,-96.590338
 43.49441,-96.590853
 43.494238,-96.59199
 43.493553,-96.593471
 43.493328,-96.594597
 43.493818,-96.596239
 43.495211,-96.598524
 43.495951,-96.599114
 43.497678,-96.599007
 43.500285,-96.599178
 43.500457,-96.598824
 43.500503,-96.594018
 43.500387,-96.591454
 43.500332,-96.479788
 43.500426,-96.453282
 43.500924,-96.453288
 43.5015,-96.453277
 43.630608,-96.453449
 43.758139,-96.45332
 43.759433,-96.453212
 43.776176,-96.45332
 43.821585,-96.452848
 43.84926,-96.452987
 43.854576,-96.453277
 43.861205,-96.453341
 43.861569,-96.453202
 43.877912,-96.45332
 43.878616,-96.452987
 43.878918,-96.453309
 43.880209,-96.453363
 43.889728,-96.45332
 43.905561,-96.453534
 43.911312,-96.453384
 43.932455,-96.453438
 43.965824,-96.45317
 43.967075,-96.45332
 43.976325,-96.453384
 43.993123,-96.453245
 43.999606,-96.453341
 44.001073,-96.453073
 44.006205,-96.453105
 44.007486,-96.453277
 44.011514,-96.453105
 44.026458,-96.453406
 44.050152,-96.453105
 44.096215,-96.453148
 44.143106,-96.452944
 44.154861,-96.452762
 44.201282,-96.452762
 44.248089,-96.452526
 44.254244,-96.452698
 44.255013,-96.452526
 44.275135,-96.452419
 44.28214,-96.452558
 44.282978,-96.45244
 44.296149,-96.452311
 44.311013,-96.452419
 44.313585,-96.452247
 44.324155,-96.452343
 44.325867,-96.452526
 44.329305,-96.452333
 44.340302,-96.452225
 44.342443,-96.451968
 44.345435,-96.452183
 44.353744,-96.452311
 44.386017,-96.452065
 44.459331,-96.451871
 44.470174,-96.45214
 44.471437,-96.451946
 44.487566,-96.451839
 44.505076,-96.451925
 44.505864,-96.451646
 44.506224,-96.451904
 44.506935,-96.451528
 44.514196,-96.451936
 44.526313,-96.451893
 44.527537,-96.452301
 44.542396,-96.451753
 44.544232,-96.451893
 44.671094,-96.451442
 44.703192,-96.451474
 44.704008,-96.451281
 44.707424,-96.45141
 44.717953,-96.451238
 44.738686,-96.451346
 44.750017,-96.451625
 44.76904,-96.451507
 44.789023,-96.451861
 44.794262,-96.45171
 44.805042,-96.451732
 44.806617,-96.451442
 44.823186,-96.451603
 44.869496,-96.451625
 44.872598,-96.451668
 44.875146,-96.451957
 44.883789,-96.452011
 44.890707,-96.451818
 44.905861,-96.451871
 44.907099,-96.451625
 44.910336,-96.452032
 44.911499,-96.451882
 44.951679,-96.451936
 44.953372,-96.452118
 44.955058,-96.451946
 44.962004,-96.451968
 44.962429,-96.451979
 44.963135,-96.452322
 44.96807,-96.452032
 44.9767,-96.452247
 44.977921,-96.452022
 45.002134,-96.451989
 45.042781,-96.452236
 45.076369,-96.452097
 45.078059,-96.452225
 45.093156,-96.452333
 45.110354,-96.452247
 45.124171,-96.452429
 45.12542,-96.452676
 45.151772,-96.452011
 45.182339,-96.452687
 45.197273,-96.452311
 45.251024,-96.452826
 45.30049,-96.453105
 45.30089,-96.453202
 45.301245,-96.453524
 45.303644,-96.456882
 45.304429,-96.457279
 45.306519,-96.457536
 45.307764,-96.45788
 45.31414,-96.462171
 45.315393,-96.463759
 45.31703,-96.466473
 45.318795,-96.468136
 45.320417,-96.468716
 45.323668,-96.468898
 45.324905,-96.469252
 45.332222,-96.474477
 45.334228,-96.475389
 45.336559,-96.476752
 45.338444,-96.478114
 45.34094,-96.480356
 45.342139,-96.480925
 45.345118,-96.481848
 45.346317,-96.482599
 45.348451,-96.484509
 45.350381,-96.485742
 45.355244,-96.48791
 45.357144,-96.489186
 45.365466,-96.502029
 45.367117,-96.505762
 45.368466,-96.510397
 45.370215,-96.512983
 45.3728,-96.51633
 45.375611,-96.521759
 45.377782,-96.528368
 45.378543,-96.531168
 45.380306,-96.53958
 45.38109,-96.546071
 45.3832,-96.552197
 45.386033,-96.561971
 45.388806,-96.56799
 45.392287,-96.578847
 45.393598,-96.581572
 45.395873,-96.585124
 45.398352,-96.590692
 45.400959,-96.596035
 45.403151,-96.601152
 45.405395,-96.609339
 45.408785,-96.619509
 45.409079,-96.621848
 45.408612,-96.625174
 45.408597,-96.626354
 45.409124,-96.630496
 45.409742,-96.63336
 45.40993,-96.635613
 45.409726,-96.637952
 45.408981,-96.64263
 45.408921,-96.644422
 45.410163,-96.648102
 45.410314,-96.649271
 45.410209,-96.651063
 45.409335,-96.656942
 45.409034,-96.662339
 45.409252,-96.664088
 45.410133,-96.667478
 45.410532,-96.670289
 45.410231,-96.675675
 45.41048,-96.680106
 45.41167,-96.683936
 45.413809,-96.687487
 45.416693,-96.691682
 45.421498,-96.697379
 45.426332,-96.702079
 45.428824,-96.704342
 45.437309,-96.711134
 45.451529,-96.724298
 45.453591,-96.726615
 45.45691,-96.731229
 45.458723,-96.73272
 45.46296,-96.735145
 45.466579,-96.736754
 45.469363,-96.737602
 45.471876,-96.73802
 45.47393,-96.738664
 45.477195,-96.74141
 45.4787,-96.742483
 45.480295,-96.743299
 45.481528,-96.743567
 45.484379,-96.743696
 45.48881,-96.74552
 45.499685,-96.751721
 45.502083,-96.752826
 45.520143,-96.763608
 45.523736,-96.768115
 45.526096,-96.770625
 45.526442,-96.770968
 45.528794,-96.772299
 45.529125,-96.772642
 45.531613,-96.776322
 45.535791,-96.780839
 45.541495,-96.785045
 45.550542,-96.793671
 45.554095,-96.798906
 45.55538,-96.801889
 45.555681,-96.802275
 45.57144,-96.819355
 45.585122,-96.83341
 45.585587,-96.833968
 45.586211,-96.835524
 45.586533,-96.835899
 45.590828,-96.840727
 45.59257,-96.842401
 45.59823,-96.848602
 45.605256,-96.856692
 45.605639,-96.856799
 45.609985,-96.856112
 45.615411,-96.852336
 45.618285,-96.851456
 45.619118,-96.85137
 45.619921,-96.851521
 45.62362,-96.850083
 45.624881,-96.850147
 45.629262,-96.848184
 45.638887,-96.844536
 45.643681,-96.841875
 45.645383,-96.840652
 45.647791,-96.83826
 45.651586,-96.832852
 45.652096,-96.831232
 45.652426,-96.829087
 45.652958,-96.827713
 45.653521,-96.826844
 45.654893,-96.825439
 45.655456,-96.824559
 45.657188,-96.820686
 45.667071,-96.802855
 45.668308,-96.800247
 45.669994,-96.795398
 45.670872,-96.793349
 45.671644,-96.791933
 45.673705,-96.788886
 45.679755,-96.777341
 45.687543,-96.760851
 45.688802,-96.759274
 45.69078,-96.757332
 45.693194,-96.755444
 45.698424,-96.750669
 45.698994,-96.749951
 45.701234,-96.745734
 45.704643,-96.738299
 45.710255,-96.727002
 45.717694,-96.710833
 45.721559,-96.700598
 45.725993,-96.687101
 45.732284,-96.672778
 45.733625,-96.670461
 45.738979,-96.662178
 45.74109,-96.659249
 45.746953,-96.652114
 45.750726,-96.649507
 45.755083,-96.646836
 45.759634,-96.642169
 45.763287,-96.640399
 45.766969,-96.639218
 45.769072,-96.6391
 45.769858,-96.638821
 45.770255,-96.638918
 45.770951,-96.639572
 45.77134,-96.639637
 45.771729,-96.639444
 45.772096,-96.639165
 45.774086,-96.636096
 45.774513,-96.634895
 45.774543,-96.634305
 45.77482,-96.633908
 45.775104,-96.633682
 45.775852,-96.633768
 45.776541,-96.634347
 45.777783,-96.634144
 45.778045,-96.632545
 45.779002,-96.631408
 45.779324,-96.630356
 45.779653,-96.630067
 45.781285,-96.630485
 45.782534,-96.63026
 45.784292,-96.629348
 45.786118,-96.627878
 45.788138,-96.624928
 45.79045,-96.619413
 45.79336,-96.613984
 45.794272,-96.61274
 45.796202,-96.610444
 45.79814,-96.608469
 45.803802,-96.603717
 45.806128,-96.602054
 45.811677,-96.596839
 45.813845,-96.593256
 45.81579,-96.588299
 45.81718,-96.586046
 45.818108,-96.584834
 45.819506,-96.583514
 45.822915,-96.581229
 45.825876,-96.579727
 45.831558,-96.578236
 45.833546,-96.577345
 45.838009,-96.577485
 45.839982,-96.576519
 45.842635,-96.574738
 45.843443,-96.57447
 45.853307,-96.573547
 45.861385,-96.573225
 45.862632,-96.573311
 45.865008,-96.574405
 45.866682,-96.574652
 45.868512,-96.573805
 45.870798,-96.572313
 45.872001,-96.571852
 45.873256,-96.571831
 45.876647,-96.572635
 45.878738,-96.572464
 45.883055,-96.570886
 45.883884,-96.570929
 45.885938,-96.571509
 45.886341,-96.571434
 45.887073,-96.57094
 45.887925,-96.56903
 45.888253,-96.568741
 45.891136,-96.568301
 45.895288,-96.568923
 45.89876,-96.568075
 45.901671,-96.568397
 45.903336,-96.568204
 45.905233,-96.567346
 45.906681,-96.566359
 45.908331,-96.566037
 45.908689,-96.565769
 45.90948,-96.56446
 45.910526,-96.565382
 45.911683,-96.56711
 45.91172,-96.567668
 45.911436,-96.568762
 45.911541,-96.56976
 45.911765,-96.570039
 45.912578,-96.570125
 45.913579,-96.569932
 45.913929,-96.569481
 45.914713,-96.569127
 45.916796,-96.569105
 45.917064,-96.568848
 45.916855,-96.5677
 45.917005,-96.566584
 45.919251,-96.565125
 45.919513,-96.564106
 45.919893,-96.563956
 45.921259,-96.56432
 45.92417,-96.564685
 45.926252,-96.564546
 45.930192,-96.564943
 45.933916,-96.564202
 45.935069,-96.563777
