42.996918,-104.053144
 42.999994,-104.053134
 43.000434,-104.053026
 43.000583,-104.052544
 43.001705,-103.992033
 43.001705,-103.966455
 43.00125,-103.94989
 43.00092,-103.924913
 43.001108,-103.876162
 43.000936,-103.866978
 43.001375,-103.813248
 43.001203,-103.774109
 43.001391,-103.750892
 43.001187,-103.749132
 43.001061,-103.733339
 43.000999,-103.690596
 43.001414,-103.653249
 43.001046,-103.637466
 43.000967,-103.625268
 43.000669,-103.617897
 43.000622,-103.60631
 43.000983,-103.550777
 43.000763,-103.500051
 43.000481,-103.476276
 43.000724,-103.405423
 43.00092,-103.40435
 43.000748,-102.999058
 43.000434,-102.889194
 42.999979,-102.867823
 42.999986,-102.652903
 42.999775,-102.626123
 42.999853,-102.571192
 42.99972,-102.532654
 42.999767,-102.500886
 42.999884,-102.497281
 42.999563,-102.487485
 42.999751,-102.4821
 42.999743,-102.441705
 42.99961,-102.439957
 42.999571,-102.354459
 42.999398,-102.3349
 42.999461,-102.247009
 42.999194,-102.127962
 42.999359,-102.082815
 42.999225,-101.988316
 42.999296,-101.875716
 42.999414,-101.873474
 42.999351,-101.861286
 42.997852,-101.775788
 42.997311,-101.761208
 42.996518,-101.71546
 42.996259,-101.635551
 42.996887,-101.555675
 42.997154,-101.480455
 42.997091,-101.444407
 42.99753,-101.378489
 42.997428,-101.3657
 42.99764,-101.240044
 42.997899,-101.232523
 42.997766,-101.229572
 42.998142,-101.227984
 42.997774,-101.225871
 42.997719,-101.222277
 42.997962,-101.044092
 42.997766,-101.021519
 42.998158,-100.985384
 42.998033,-100.960289
 42.997774,-100.958562
 42.998048,-100.954399
 42.998017,-100.888481
 42.998409,-100.815772
 42.99866,-100.806588
 42.998158,-100.786428
 42.998127,-100.778618
 42.99815,-100.563698
 42.998292,-100.555061
 42.998794,-100.549707
 42.998731,-100.53812
 42.999037,-100.525932
 42.998927,-100.45862
 42.999084,-100.456839
 42.999155,-100.435467
 42.998951,-100.413494
 42.998809,-100.355526
 42.998927,-100.350119
 42.998802,-100.348778
 42.998645,-100.312203
 42.998817,-100.296421
 42.99855,-100.253077
 42.998723,-100.21574
 42.998676,-100.198735
 42.998519,-100.195742
 42.998425,-100.150423
 42.998684,-100.12844
 42.998543,-100.126648
 42.998409,-100.109053
 42.998378,-100.06691
 42.998142,-100.035152
 42.99815,-100.02776
 42.998378,-100.022364
 42.998205,-100.008191
 42.998331,-100.002183
 42.997672,-99.964181
 42.997687,-99.96298
 42.99808,-99.960651
 42.998174,-99.949665
 42.998017,-99.935074
 42.99808,-99.889927
 42.997805,-99.875711
 42.997844,-99.872106
 42.998064,-99.869725
 42.997876,-99.860476
 42.998017,-99.852591
 42.997891,-99.787863
 42.998111,-99.77147
 42.997923,-99.765902
 42.998017,-99.704951
 42.997797,-99.698782
 42.998033,-99.533987
 42.997891,-99.493217
 42.998111,-99.488239
 42.997923,-99.46867
 42.99815,-99.395531
 42.997954,-99.38138
 42.998205,-99.350395
 42.998017,-99.346619
 42.998033,-99.302073
 42.998237,-99.264307
 42.998072,-99.254522
 42.99819,-99.239931
 42.998095,-99.194613
 42.998472,-99.164228
 42.998174,-99.155613
 42.998488,-99.140035
 42.998464,-99.139456
 42.99826,-99.139048
 42.998158,-99.135475
 42.998205,-99.08403
 42.998244,-99.080436
 42.998394,-99.079943
 42.998111,-99.065341
 42.998268,-99.061575
 42.998213,-99.023155
 42.998354,-99.021406
 42.998182,-98.880987
 42.998299,-98.806347
 42.998464,-98.804008
 42.998299,-98.80228
 42.998158,-98.783913
 42.998409,-98.752155
 42.998378,-98.702803
 42.998535,-98.672247
 42.998535,-98.628302
 42.99837,-98.602724
 42.99855,-98.567169
 42.998386,-98.562984
 42.998543,-98.498697
 42.998221,-98.498461
 42.992736,-98.497174
 42.988208,-98.4958
 42.986206,-98.494577
 42.978098,-98.490554
 42.96882,-98.483387
 42.963356,-98.478785
 42.955111,-98.473098
 42.947855,-98.467584
 42.94751,-98.467251
 42.944596,-98.461983
 42.943363,-98.458571
 42.93836,-98.452134
 42.936491,-98.448411
 42.935163,-98.447113
 42.934755,-98.446931
 42.930599,-98.445804
 42.929869,-98.445171
 42.929311,-98.444248
 42.928219,-98.439699
 42.928384,-98.437371
 42.92917,-98.434689
 42.930646,-98.432479
 42.93144,-98.431041
 42.931581,-98.430483
 42.932092,-98.426353
 42.932115,-98.422834
 42.931809,-98.420506
 42.930796,-98.418531
 42.93012,-98.416321
 42.929664,-98.415356
 42.925634,-98.407534
 42.922516,-98.399423
 42.918375,-98.386399
 42.913118,-98.375273
 42.907437,-98.35786
 42.905425,-98.352528
 42.90258,-98.345886
 42.900844,-98.342421
 42.8977,-98.337947
 42.895578,-98.335812
 42.891522,-98.333462
 42.890469,-98.332379
 42.888582,-98.329858
 42.88657,-98.326006
 42.884526,-98.319365
 42.880005,-98.297274
 42.875068,-98.28028
 42.874171,-98.268725
 42.874494,-98.26335
 42.874384,-98.258296
 42.873991,-98.255968
 42.87289,-98.252041
 42.871789,-98.24981
 42.869863,-98.248372
 42.868471,-98.246891
 42.861055,-98.231775
 42.857831,-98.226646
 42.856391,-98.225251
 42.855424,-98.224039
 42.853096,-98.219672
 42.846953,-98.204781
 42.841651,-98.189793
 42.837238,-98.171618
 42.836954,-98.168045
 42.837159,-98.16326
 42.839708,-98.148798
 42.839794,-98.148218
 42.839574,-98.147092
 42.834256,-98.139861
 42.832847,-98.138412
 42.821367,-98.129454
 42.8201,-98.127887
 42.819864,-98.127319
 42.819801,-98.125559
 42.819526,-98.124712
 42.818188,-98.123531
 42.816826,-98.121171
 42.813867,-98.115195
 42.813119,-98.112384
 42.811459,-98.110142
 42.810436,-98.107792
 42.80831,-98.104885
 42.806839,-98.103597
 42.803304,-98.09908
 42.800533,-98.09643
 42.799227,-98.094821
 42.796802,-98.090562
 42.795668,-98.087997
 42.794157,-98.082901
 42.793196,-98.081678
 42.789016,-98.074737
 42.786961,-98.072795
 42.786551,-98.0711
 42.785937,-98.069512
 42.78478,-98.067698
 42.783299,-98.066411
 42.781669,-98.06389
 42.780748,-98.062838
 42.779149,-98.061851
 42.777929,-98.061368
 42.773582,-98.060424
 42.772771,-98.059974
 42.772448,-98.059577
 42.770841,-98.056959
 42.768707,-98.051745
 42.767895,-98.044631
 42.766273,-98.03872
 42.765611,-98.037153
 42.76413,-98.034976
 42.763902,-98.033205
 42.763634,-98.030738
 42.763469,-98.025759
 42.762319,-98.016983
 42.762279,-98.012788
 42.76406,-98.005836
 42.763296,-98.003057
 42.763177,-98.000675
 42.76506,-97.993755
 42.765044,-97.990826
 42.766336,-97.988402
 42.76773,-97.984947
 42.769305,-97.97998
 42.769817,-97.977694
 42.769904,-97.976493
 42.768919,-97.967309
 42.768651,-97.962331
 42.768943,-97.953951
 42.769486,-97.950529
 42.77066,-97.94731
 42.774094,-97.940551
 42.775614,-97.936893
 42.777937,-97.933277
 42.779425,-97.931818
 42.784323,-97.925702
 42.786866,-97.923321
 42.787976,-97.921872
 42.788803,-97.92022
 42.789346,-97.917312
 42.789976,-97.915746
 42.790551,-97.914834
 42.793582,-97.911358
 42.794897,-97.908987
 42.795897,-97.90785
 42.799109,-97.904803
 42.811632,-97.894439
 42.81489,-97.890522
 42.816771,-97.888956
 42.819825,-97.8874
 42.826191,-97.884954
 42.827025,-97.884536
 42.829181,-97.882926
 42.832171,-97.881896
 42.835397,-97.879987
 42.83734,-97.879601
 42.84173,-97.879461
 42.843822,-97.878978
 42.847684,-97.876028
 42.849863,-97.87576
 42.850729,-97.875996
 42.852774,-97.87709
 42.854095,-97.877154
 42.857115,-97.876393
 42.858358,-97.875781
 42.858696,-97.875427
 42.859396,-97.873904
 42.862848,-97.865739
 42.865357,-97.85677
 42.867645,-97.845826
 42.868141,-97.842157
 42.868935,-97.831804
 42.868683,-97.828252
 42.867606,-97.82601
 42.862998,-97.819219
 42.861708,-97.816815
 42.857957,-97.801216
 42.853261,-97.788084
 42.851751,-97.782623
 42.849745,-97.77434
 42.849045,-97.764587
 42.848935,-97.754095
 42.849092,-97.751702
 42.849391,-97.749964
 42.84733,-97.720975
 42.843602,-97.700976
 42.842217,-97.686471
 42.842823,-97.668221
 42.843555,-97.662309
 42.844294,-97.658436
 42.846095,-97.651312
 42.847511,-97.646431
 42.851893,-97.634329
 42.853088,-97.630455
 42.854339,-97.625338
 42.856557,-97.62022
 42.857485,-97.616841
 42.858366,-97.611616
 42.858303,-97.603827
 42.856368,-97.599621
 42.853859,-97.591939
 42.852939,-97.587454
 42.850579,-97.578635
 42.848211,-97.567359
 42.847566,-97.562027
 42.847535,-97.558218
 42.847889,-97.549828
 42.84829,-97.544678
 42.850115,-97.531836
 42.851885,-97.522835
 42.853906,-97.515528
 42.855094,-97.512277
 42.857453,-97.507943
 42.858075,-97.506355
 42.858444,-97.50466
 42.858082,-97.502804
 42.857327,-97.500626
 42.857036,-97.500218
 42.85507,-97.498909
 42.853277,-97.49627
 42.851751,-97.491946
 42.850571,-97.486893
 42.850249,-97.48332
 42.850477,-97.475928
 42.850453,-97.470531
 42.848927,-97.460629
 42.848416,-97.459052
 42.847535,-97.457743
 42.84689,-97.456187
 42.846048,-97.452142
 42.84582,-97.44976
 42.846048,-97.443506
 42.846497,-97.441188
 42.847181,-97.438989
 42.849218,-97.435287
 42.851004,-97.432637
 42.854763,-97.428281
 42.856706,-97.425567
 42.858405,-97.424966
 42.86111,-97.423207
 42.861456,-97.422842
 42.86376,-97.420063
 42.866206,-97.416598
 42.866985,-97.414634
 42.867968,-97.410965
 42.868392,-97.407457
 42.868156,-97.405697
 42.867653,-97.404249
 42.864798,-97.398981
 42.864405,-97.395419
 42.864256,-97.393434
 42.86446,-97.385033
 42.865152,-97.377115
 42.865058,-97.376643
 42.863823,-97.376043
 42.863076,-97.37542
 42.860182,-97.371494
 42.858546,-97.368854
 42.855172,-97.361816
 42.854834,-97.35966
 42.854992,-97.356666
 42.855998,-97.352074
 42.855778,-97.347633
 42.855872,-97.341624
 42.856761,-97.336378
 42.858397,-97.33081
 42.859356,-97.328804
 42.86067,-97.327312
 42.861236,-97.326422
 42.861849,-97.324823
 42.862801,-97.321476
 42.863352,-97.316315
 42.865719,-97.311273
 42.867189,-97.309062
 42.867511,-97.307957
 42.86759,-97.306767
 42.866631,-97.304106
 42.865365,-97.301681
 42.863564,-97.299954
 42.859506,-97.294836
 42.857178,-97.292261
 42.85592,-97.290587
 42.855456,-97.28959
 42.854968,-97.285448
 42.85426,-97.282122
 42.854213,-97.278517
 42.852962,-97.272885
 42.852585,-97.268293
 42.853678,-97.258133
 42.854284,-97.255247
 42.855377,-97.251964
 42.855589,-97.250226
 42.855361,-97.248455
 42.85415,-97.243305
 42.853096,-97.237769
 42.851263,-97.231793
 42.849769,-97.228736
 42.846788,-97.220711
 42.845773,-97.218758
 42.844876,-97.217932
 42.843476,-97.217427
 42.840833,-97.217363
 42.835357,-97.217953
 42.834043,-97.217867
 42.831502,-97.218168
 42.829307,-97.218211
 42.827599,-97.217728
 42.823264,-97.215207
 42.820745,-97.214144
 42.818707,-97.213619
 42.813867,-97.213265
 42.812576,-97.212889
 42.810687,-97.211634
 42.809318,-97.210121
 42.807885,-97.207847
 42.806705,-97.205175
 42.805532,-97.200658
 42.805343,-97.198877
 42.805414,-97.194382
 42.804855,-97.187827
 42.803265,-97.178696
 42.802903,-97.172023
 42.802021,-97.166755
 42.800927,-97.163054
 42.797542,-97.155565
 42.795692,-97.151037
 42.795582,-97.150834
 42.794377,-97.150136
 42.791866,-97.146778
 42.789543,-97.14401
 42.788449,-97.143012
 42.786465,-97.141929
 42.784591,-97.139944
 42.783386,-97.138206
 42.782197,-97.137423
 42.780905,-97.137036
 42.778795,-97.137004
 42.777236,-97.135888
 42.774755,-97.134612
 42.772684,-97.132412
 42.771833,-97.13106
 42.771424,-97.129601
 42.770857,-97.123636
 42.769376,-97.115632
 42.769132,-97.113261
 42.769723,-97.109774
 42.76988,-97.107779
 42.769856,-97.104174
 42.769352,-97.09617
 42.769471,-97.093788
 42.770109,-97.08513
 42.771258,-97.080345
 42.77229,-97.071805
 42.772306,-97.067009
 42.770542,-97.05421
 42.770101,-97.051806
 42.768321,-97.045037
 42.767951,-97.041678
 42.766714,-97.037838
 42.765871,-97.033192
 42.765351,-97.032237
 42.763815,-97.030306
 42.76354,-97.029737
 42.763043,-97.028332
 42.762342,-97.024233
 42.761263,-97.015071
 42.760184,-96.99989
 42.759499,-96.993045
 42.759554,-96.990041
 42.760578,-96.983292
 42.760247,-96.97973
 42.759436,-96.977617
 42.758333,-96.975396
 42.755686,-96.971351
 42.754378,-96.969055
 42.754032,-96.968701
 42.740977,-96.961405
 42.739251,-96.960912
 42.736517,-96.96133
 42.729282,-96.965032
 42.726886,-96.965826
 42.724687,-96.965686
 42.722552,-96.964806
 42.72062,-96.963422
 42.719958,-96.961867
 42.719202,-96.955966
 42.719446,-96.949421
 42.719635,-96.948252
 42.72148,-96.941407
 42.723442,-96.93674
 42.726469,-96.930217
 42.729771,-96.925378
 42.730433,-96.923811
 42.731505,-96.92011
 42.733822,-96.908051
 42.733782,-96.90686
 42.732096,-96.902665
 42.726232,-96.889876
 42.725208,-96.886775
 42.724814,-96.885059
 42.72464,-96.883267
 42.724388,-96.875414
 42.724128,-96.873043
 42.722449,-96.866294
 42.720881,-96.860758
 42.717822,-96.854535
 42.715024,-96.849911
 42.71206,-96.843463
 42.709348,-96.833378
 42.708449,-96.829484
 42.708173,-96.824087
 42.707842,-96.822027
 42.707684,-96.819044
 42.706344,-96.812983
 42.704089,-96.806213
 42.698878,-96.801728
 42.696488,-96.801535
 42.694344,-96.800848
 42.692593,-96.800483
 42.684502,-96.800205
 42.672915,-96.802071
 42.672055,-96.802082
 42.669981,-96.801041
 42.669342,-96.800355
 42.668158,-96.798584
 42.666233,-96.793821
 42.662746,-96.776955
 42.662241,-96.772814
 42.662005,-96.763984
 42.664269,-96.751753
 42.664427,-96.751206
 42.665642,-96.749489
 42.66617,-96.747215
 42.667156,-96.735048
 42.66688,-96.728171
 42.659149,-96.697733
 42.656142,-96.691221
 42.653365,-96.687949
 42.652197,-96.687144
 42.649625,-96.687015
 42.646137,-96.687756
 42.644156,-96.689054
 42.641883,-96.692734
 42.63755,-96.696886
 42.625481,-96.707143
 42.621897,-96.709481
 42.617523,-96.711252
 42.614436,-96.711531
 42.608151,-96.710973
 42.604352,-96.709428
 42.601565,-96.707937
 42.599338,-96.706316
 42.592688,-96.699117
 42.590049,-96.696918
 42.579282,-96.687058
 42.576107,-96.68355
 42.574289,-96.680932
 42.57154,-96.675739
 42.566278,-96.658487
 42.56092,-96.648231
 42.557901,-96.643982
 42.556874,-96.642855
 42.551847,-96.637963
 42.547461,-96.635281
 42.540307,-96.63335
 42.531745,-96.633296
 42.528646,-96.632781
 42.524353,-96.631494
 42.516817,-96.628071
 42.513638,-96.625968
 42.513353,-96.625528
 42.506021,-96.611291
 42.505167,-96.608523
 42.504471,-96.603674
 42.504637,-96.595917
 42.505428,-96.591132
 42.507975,-96.584147
 42.515639,-96.572646
 42.5179,-96.567764
 42.52036,-96.557829
 42.520533,-96.548828
 42.517987,-96.537681
 42.515188,-96.531683
 42.513108,-96.528583
 42.510095,-96.525031
 42.504297,-96.520439
 42.500959,-96.518819
 42.497075,-96.517607
 42.494046,-96.515665
 42.486561,-96.50838
 42.484757,-96.505741
 42.482629,-96.500795
 42.480129,-96.489551
 42.479694,-96.480228
 42.479757,-96.478436
 42.480342,-96.475164
 42.4838,-96.465615
 42.487028,-96.459424
 42.488112,-96.456141
 42.489418,-96.451099
 42.49058,-96.44567
 42.490628,-96.445482
 42.489584,-96.440059
 42.48899,-96.42417
 42.487614,-96.409632
 42.48706,-96.407357
 42.486474,-96.402229
 42.484409,-96.396264
 42.481102,-96.392369
 42.474566,-96.386104
 42.473324,-96.385503
 42.461547,-96.381286
 42.458903,-96.380868
 42.451589,-96.380117
 42.446586,-96.380686
 42.437259,-96.384344
 42.432516,-96.387616
 42.422593,-96.398689
 42.416685,-96.406446
 42.414792,-96.408527
 42.412986,-96.410276
 42.408233,-96.413387
 42.404406,-96.415104
 42.398805,-96.415554
 42.395707,-96.41534
 42.393505,-96.414975
 42.391785,-96.414374
 42.385834,-96.411027
 42.381753,-96.409256
 42.379145,-96.408559
 42.376039,-96.408452
 42.375175,-96.408677
 42.373764,-96.409686
 42.370435,-96.411359
 42.367177,-96.413248
 42.361445,-96.417067
 42.358235,-96.417947
 42.354683,-96.418161
 42.351591,-96.417797
 42.348031,-96.416295
 42.343534,-96.413966
 42.337444,-96.408023
 42.334073,-96.402819
 42.330877,-96.396317
 42.325809,-96.384108
 42.322279,-96.37958
 42.318471,-96.375461
 42.314036,-96.371727
 42.311164,-96.370118
 42.309514,-96.369549
 42.30776,-96.36912
 42.303793,-96.368541
 42.296485,-96.368712
 42.29281,-96.368487
 42.289771,-96.367607
 42.285993,-96.365837
 42.285191,-96.365268
 42.282103,-96.362908
 42.279722,-96.360644
 42.276848,-96.356878
 42.272752,-96.349325
 42.2691,-96.341461
 42.264852,-96.336075
 42.259318,-96.331279
 42.254752,-96.32893
 42.249971,-96.327717
 42.248653,-96.327964
 42.245651,-96.328093
 42.241855,-96.329005
 42.241092,-96.329606
 42.240258,-96.329949
 42.239829,-96.329874
 42.238217,-96.327953
 42.236453,-96.326269
 42.234984,-96.324016
 42.233482,-96.322846
 42.232593,-96.322803
 42.232188,-96.322986
 42.23133,-96.3229
 42.23017,-96.323576
 42.229788,-96.323855
 42.229169,-96.324713
 42.2287,-96.32584
 42.22839,-96.326205
 42.226833,-96.327267
 42.223218,-96.330324
 42.219857,-96.334122
 42.219071,-96.334627
 42.217601,-96.336826
 42.217466,-96.337352
 42.217482,-96.344948
 42.216155,-96.350484
 42.215638,-96.354625
 42.215249,-96.356342
 42.21416,-96.358005
 42.213787,-96.358294
 42.210704,-96.359829
 42.208947,-96.359507
 42.207676,-96.358981
 42.206158,-96.357737
 42.203901,-96.355419
 42.20193,-96.353005
 42.200142,-96.351224
 42.198639,-96.350023
 42.197097,-96.349089
 42.194816,-96.348091
 42.191732,-96.347544
 42.186621,-96.347265
 42.183989,-96.347855
 42.180141,-96.349518
 42.178122,-96.350173
 42.175912,-96.350344
 42.171944,-96.349658
 42.169503,-96.348928
 42.166966,-96.347812
 42.161988,-96.344014
 42.158298,-96.339669
 42.1572,-96.337953
 42.15176,-96.326355
 42.148737,-96.321956
 42.146613,-96.31952
 42.145484,-96.318544
 42.143352,-96.317085
 42.140034,-96.315765
 42.136216,-96.313716
 42.132619,-96.310186
 42.130694,-96.307386
 42.129142,-96.30435
 42.12806,-96.301056
 42.1267,-96.29419
 42.126373,-96.290005
 42.125546,-96.285328
 42.123556,-96.279459
 42.120827,-96.275092
 42.118734,-96.272668
 42.113489,-96.268859
 42.110123,-96.267303
 42.10635,-96.26682
 42.102943,-96.266627
 42.100714,-96.266853
 42.096582,-96.267561
 42.093637,-96.268902
 42.090524,-96.270865
 42.088557,-96.271895
 42.085842,-96.274191
 42.083016,-96.275972
 42.081208,-96.27683
 42.07948,-96.277421
 42.073738,-96.279083
 42.07033,-96.27933
 42.065583,-96.279148
 42.060852,-96.278526
 42.056279,-96.277184
 42.051985,-96.275543
 42.049468,-96.274298
 42.044974,-96.27138
 42.042504,-96.268827
 42.039819,-96.263752
 42.038433,-96.259031
 42.038226,-96.25666
 42.038297,-96.256113
 42.039453,-96.254311
 42.040449,-96.25165
 42.041596,-96.246758
 42.041437,-96.242563
 42.040991,-96.238046
 42.039716,-96.23354
 42.039062,-96.231973
 42.035301,-96.225783
 42.033516,-96.223991
 42.031062,-96.22251
 42.029787,-96.221995
 42.026224,-96.221759
 42.02369,-96.222907
 42.022518,-96.223755
 42.021052,-96.225128
 42.018676,-96.227864
 42.012435,-96.238657
 42.009414,-96.24076
 42.006934,-96.241919
 42.004272,-96.242326
 42.002932,-96.242369
 42.002039,-96.242316
 42.000756,-96.24194
 41.99936,-96.240717
 41.996737,-96.236962
 41.995748,-96.234967
 41.995055,-96.232746
 41.994433,-96.22987
 41.994265,-96.228229
 41.994361,-96.227038
 41.994792,-96.225332
 41.995262,-96.224324
 41.996498,-96.222618
 41.999568,-96.220171
 42.003889,-96.217607
 42.006536,-96.215376
 42.006799,-96.214925
 42.008274,-96.210537
 42.009278,-96.205709
 42.00931,-96.201503
 42.008824,-96.199197
 42.008672,-96.194701
 42.007516,-96.190764
 42.00636,-96.1882
 42.00251,-96.184605
 42.00003,-96.18365
 41.997798,-96.183801
 41.995669,-96.184691
 41.993524,-96.186097
 41.990797,-96.188371
 41.98803,-96.190313
 41.98397,-96.191386
 41.981905,-96.1913
 41.980661,-96.190646
 41.979289,-96.189111
 41.978061,-96.187384
 41.976888,-96.184423
 41.976075,-96.181633
 41.975771,-96.177438
 41.976035,-96.1751
 41.978156,-96.171141
 41.978571,-96.170089
 41.979839,-96.163298
 41.980238,-96.157547
 41.978411,-96.142452
 41.977973,-96.140993
 41.974766,-96.132849
 41.974192,-96.131938
 41.97274,-96.130242
 41.971544,-96.12947
 41.969358,-96.128901
 41.965114,-96.129212
 41.962514,-96.130071
 41.960511,-96.131465
 41.955756,-96.133322
 41.952485,-96.135242
 41.950147,-96.137817
 41.948232,-96.139351
 41.945694,-96.142752
 41.944505,-96.143578
 41.941545,-96.144576
 41.939765,-96.144394
 41.937195,-96.143364
 41.92911,-96.137677
 41.927458,-96.136765
 41.925614,-96.13624
 41.923826,-96.136132
 41.920744,-96.136798
 41.918381,-96.138225
 41.917272,-96.139244
 41.916617,-96.140049
 41.915467,-96.142108
 41.913911,-96.147087
 41.912937,-96.152376
 41.912362,-96.154425
 41.911539,-96.156549
 41.91003,-96.159114
 41.908928,-96.160133
 41.907731,-96.160959
 41.905631,-96.161946
 41.903403,-96.162075
 41.901966,-96.161785
 41.900313,-96.160905
 41.897302,-96.158309
 41.895569,-96.156421
 41.892135,-96.152161
 41.889555,-96.14979
 41.887982,-96.148653
 41.884763,-96.147258
 41.882103,-96.146808
 41.877717,-96.146668
 41.875233,-96.146003
 41.871902,-96.144297
 41.869353,-96.142226
 41.867779,-96.14037
 41.86559,-96.138278
 41.864264,-96.136669
 41.863161,-96.134791
 41.861467,-96.131272
 41.858822,-96.124771
 41.857288,-96.120436
 41.85521,-96.116767
 41.853005,-96.113924
 41.850847,-96.111778
 41.849289,-96.110598
 41.847243,-96.109375
 41.844693,-96.108323
 41.842071,-96.107733
 41.840289,-96.107637
 41.838083,-96.108109
 41.834861,-96.109675
 41.831864,-96.110877
 41.830984,-96.111027
 41.82833,-96.110898
 41.826116,-96.110426
 41.823509,-96.109546
 41.822286,-96.108828
 41.819855,-96.106778
 41.81844,-96.105309
 41.816225,-96.102337
 41.81541,-96.10091
 41.813802,-96.09709
 41.812347,-96.09208
 41.810492,-96.081963
 41.809452,-96.078647
 41.808461,-96.076641
 41.806429,-96.073401
 41.803542,-96.069893
 41.801719,-96.068155
 41.799783,-96.066642
 41.798576,-96.065869
 41.79728,-96.065365
 41.795576,-96.064947
 41.793784,-96.064764
 41.791993,-96.06485
 41.790689,-96.065193
 41.788713,-96.066588
 41.786753,-96.068337
 41.785017,-96.070247
 41.782761,-96.073165
 41.781329,-96.074592
 41.778865,-96.076351
 41.778593,-96.076813
 41.777865,-96.077467
 41.777449,-96.077456
 41.777073,-96.077167
 41.776857,-96.07736
 41.776769,-96.077875
 41.776401,-96.0781
 41.774656,-96.078658
 41.771984,-96.079034
 41.769207,-96.078916
 41.76519,-96.078454
 41.762357,-96.078551
 41.758956,-96.080031
 41.757331,-96.081018
 41.755803,-96.082295
 41.75441,-96.083808
 41.753465,-96.085085
 41.752265,-96.087188
 41.750624,-96.091447
 41.749631,-96.09606
 41.748903,-96.098324
 41.747943,-96.100352
 41.747342,-96.101242
 41.745053,-96.103452
 41.743044,-96.104794
 41.740482,-96.105856
 41.73732,-96.106414
 41.73463,-96.10622
 41.731563,-96.105351
 41.729281,-96.103967
 41.727544,-96.10209
 41.726679,-96.100695
 41.725782,-96.098635
 41.72334,-96.09031
 41.721466,-96.0856
 41.720209,-96.0831
 41.718535,-96.080278
 41.717326,-96.078508
 41.715964,-96.076941
 41.713273,-96.074785
 41.711607,-96.073884
 41.710318,-96.073401
 41.708996,-96.073068
 41.70721,-96.072875
 41.705704,-96.072918
 41.704078,-96.073251
 41.702893,-96.074077
 41.701812,-96.075128
 41.700218,-96.077371
 41.698439,-96.081533
 41.697654,-96.084977
 41.69739,-96.088046
 41.697454,-96.090449
 41.697742,-96.09282
 41.699128,-96.100169
 41.6994,-96.103753
 41.69928,-96.108431
 41.697334,-96.11401
 41.69582,-96.11623
 41.693833,-96.118666
 41.692255,-96.120082
 41.689042,-96.121874
 41.683225,-96.122582
 41.67865,-96.121005
 41.678265,-96.120973
 41.678049,-96.12137
 41.677664,-96.121294
 41.676814,-96.120919
 41.675244,-96.119771
 41.672727,-96.117314
 41.667687,-96.111349
 41.66618,-96.109128
 41.665426,-96.106961
 41.66331,-96.104096
 41.661178,-96.100223
 41.658052,-96.097884
 41.654942,-96.096339
 41.650974,-96.095395
 41.647968,-96.095138
 41.646196,-96.095459
 41.640656,-96.097369
 41.639373,-96.09797
 41.63542,-96.100792
 41.630392,-96.106789
 41.628692,-96.109589
 41.625524,-96.112947
 41.621979,-96.116016
 41.620768,-96.11681
 41.618619,-96.11769
 41.617295,-96.118001
 41.61468,-96.11828
 41.613333,-96.118226
 41.610228,-96.117518
 41.60564,-96.115791
 41.601941,-96.113623
 41.596879,-96.109546
 41.593669,-96.10592
 41.591463,-96.101414
 41.590404,-96.09871
 41.588959,-96.093056
 41.587627,-96.089237
 41.586592,-96.087273
 41.58514,-96.085449
 41.583711,-96.084001
 41.581055,-96.082467
 41.578447,-96.081566
 41.577114,-96.081297
 41.574337,-96.08119
 41.571054,-96.082563
 41.567892,-96.084849
 41.562883,-96.090556
 41.562176,-96.091286
 41.560988,-96.092144
 41.557625,-96.093915
 41.551129,-96.096243
 41.54534,-96.096554
 41.53902,-96.094247
 41.534354,-96.092058
 41.531841,-96.090224
 41.527319,-96.084602
 41.526098,-96.082832
 41.525897,-96.079903
 41.52552,-96.078186
 41.52466,-96.075729
 41.523375,-96.073133
 41.521045,-96.070333
 41.519166,-96.06868
 41.517888,-96.067007
 41.516989,-96.064721
 41.516659,-96.064228
 41.514105,-96.060891
 41.511068,-96.057329
 41.509557,-96.055098
 41.508497,-96.052941
 41.507702,-96.050216
 41.507131,-96.047308
 41.506914,-96.044927
 41.506898,-96.04085
 41.507123,-96.039712
 41.508071,-96.037685
 41.509124,-96.036558
 41.511124,-96.035217
 41.512795,-96.034359
 41.514587,-96.034359
 41.517198,-96.033672
 41.519816,-96.033854
 41.521037,-96.034348
 41.522154,-96.031805
 41.522989,-96.031151
 41.527929,-96.029338
 41.530162,-96.028994
 41.534901,-96.027707
 41.538908,-96.027042
 41.540233,-96.026688
 41.540618,-96.026398
 41.543429,-96.023437
 41.545115,-96.019092
 41.545268,-96.013706
 41.543228,-96.005144
 41.539783,-96.000359
 41.539012,-95.999801
 41.523857,-95.994351
 41.518065,-95.99331
 41.514699,-95.992795
 41.514257,-95.992849
 41.512048,-95.993428
 41.507051,-95.996153
 41.502696,-96.000488
 41.492531,-96.016721
 41.492049,-96.017622
 41.491639,-96.019306
 41.491325,-96.019531
 41.488625,-96.019531
 41.487275,-96.019381
 41.484695,-96.018416
 41.483618,-96.017836
 41.482034,-96.016688
 41.478289,-96.013395
 41.476167,-96.011206
 41.474069,-96.008534
 41.473048,-96.006582
 41.472252,-96.004415
 41.471697,-96.001518
 41.471472,-95.998117
 41.471826,-95.991551
 41.471327,-95.98653
 41.470917,-95.984201
 41.469454,-95.97917
 41.468176,-95.976262
 41.46619,-95.973043
 41.464912,-95.970587
 41.463794,-95.968001
 41.463376,-95.966295
 41.463087,-95.962754
 41.463207,-95.95857
 41.463939,-95.954558
 41.465459,-95.949794
 41.466456,-95.945191
 41.466359,-95.941983
 41.465258,-95.936179
 41.464253,-95.933508
 41.461632,-95.928379
 41.458809,-95.924399
 41.457402,-95.922908
 41.454773,-95.921009
 41.453454,-95.92059
 41.452232,-95.919946
 41.450205,-95.919625
 41.448412,-95.919549
 41.445734,-95.919957
 41.443571,-95.920783
 41.441665,-95.922135
 41.440257,-95.923605
 41.436775,-95.928272
 41.434764,-95.930375
 41.433099,-95.931684
 41.43186,-95.93237
 41.430742,-95.932757
 41.428522,-95.933121
 41.426229,-95.932993
 41.423285,-95.932403
 41.419029,-95.930525
 41.415497,-95.929517
 41.411007,-95.92971
 41.409019,-95.930214
 41.407281,-95.930858
 41.40432,-95.932274
 41.399709,-95.935729
 41.398043,-95.936651
 41.394984,-95.937628
 41.39327,-95.937799
 41.390735,-95.937756
 41.388521,-95.937263
 41.387233,-95.936737
 41.385905,-95.936415
 41.383941,-95.935364
 41.381921,-95.934033
 41.377461,-95.93045
 41.375255,-95.929474
 41.37168,-95.928787
 41.370327,-95.928798
 41.367381,-95.929581
 41.364425,-95.93104
 41.362887,-95.932285
 41.361398,-95.933851
 41.359304,-95.936844
 41.358434,-95.938947
 41.35721,-95.94281
 41.356582,-95.946972
 41.355503,-95.950899
 41.354786,-95.952423
 41.35357,-95.954193
 41.351855,-95.95577
 41.350679,-95.956639
 41.349825,-95.957025
 41.348939,-95.95724
 41.347586,-95.957294
 41.34579,-95.95709
 41.3431,-95.956038
 41.339789,-95.953667
 41.337542,-95.951672
 41.333054,-95.946404
 41.328696,-95.939795
 41.327778,-95.937735
 41.326368,-95.93546
 41.324369,-95.931265
 41.323185,-95.929452
 41.32159,-95.925847
 41.320421,-95.921255
 41.320107,-95.918884
 41.320131,-95.917093
 41.31993,-95.915322
 41.320325,-95.909625
 41.321138,-95.904948
 41.321437,-95.901965
 41.321235,-95.897459
 41.320872,-95.894541
 41.320268,-95.891676
 41.318109,-95.885603
 41.316199,-95.88231
 41.315482,-95.88158
 41.314611,-95.880218
 41.312984,-95.878211
 41.311348,-95.876634
 41.309446,-95.875132
 41.30781,-95.874156
 41.302265,-95.87201
 41.299605,-95.871452
 41.296469,-95.871162
 41.293108,-95.871506
 41.290932,-95.872235
 41.289658,-95.872836
 41.287256,-95.874467
 41.285845,-95.875947
 41.283434,-95.879263
 41.282072,-95.881655
 41.280161,-95.885721
 41.277774,-95.891751
 41.276121,-95.897126
 41.275476,-95.898693
 41.274452,-95.902255
 41.274404,-95.902845
 41.275283,-95.90557
 41.279371,-95.912318
 41.279685,-95.912415
 41.284821,-95.907297
 41.287223,-95.906246
 41.290795,-95.905559
 41.292778,-95.904733
 41.293253,-95.905259
 41.293269,-95.904733
 41.293584,-95.904551
 41.29734,-95.904229
 41.299121,-95.90454
 41.300717,-95.905634
 41.301007,-95.90602
 41.301056,-95.9066
 41.30137,-95.913466
 41.301201,-95.920075
 41.299589,-95.924699
 41.298533,-95.92736
 41.298227,-95.927703
 41.292254,-95.929624
 41.285288,-95.929624
 41.28133,-95.928572
 41.272823,-95.916073
 41.272477,-95.914357
 41.272299,-95.914367
 41.271694,-95.915966
 41.270622,-95.917865
 41.269929,-95.918616
 41.269243,-95.919882
 41.267792,-95.921298
 41.265598,-95.922328
 41.264703,-95.922414
 41.262904,-95.922275
 41.258299,-95.921395
 41.253008,-95.919238
 41.248572,-95.916803
 41.243716,-95.913316
 41.240795,-95.911803
 41.238173,-95.911009
 41.236487,-95.910741
 41.232598,-95.910698
 41.230379,-95.911117
 41.228661,-95.911632
 41.225852,-95.913016
 41.223827,-95.914325
 41.220518,-95.917425
 41.215943,-95.922908
 41.213957,-95.924302
 41.212868,-95.925332
 41.211455,-95.926169
 41.208888,-95.927178
 41.206645,-95.927489
 41.205361,-95.927972
 41.202689,-95.928057
 41.200913,-95.927757
 41.200025,-95.92795
 41.197838,-95.927296
 41.19695,-95.927178
 41.195666,-95.926673
 41.192857,-95.925118
 41.190507,-95.923358
 41.189014,-95.922071
 41.187593,-95.920161
 41.186777,-95.919335
 41.185203,-95.91573
 41.185098,-95.914539
 41.18467,-95.912865
 41.184662,-95.911664
 41.184419,-95.910237
 41.184637,-95.900077
 41.185752,-95.890957
 41.187576,-95.881108
 41.187924,-95.878158
 41.1884,-95.867718
 41.18823,-95.863878
 41.187932,-95.861528
 41.186858,-95.85582
 41.185098,-95.850424
 41.183523,-95.847505
 41.1819,-95.845424
 41.179607,-95.843343
 41.178355,-95.842838
 41.177564,-95.84227
 41.175383,-95.841626
 41.173122,-95.841669
 41.171346,-95.842077
 41.170102,-95.84272
 41.168947,-95.843632
 41.167517,-95.845327
 41.166702,-95.846765
 41.166128,-95.848396
 41.165789,-95.850134
 41.165555,-95.853707
 41.166039,-95.857301
 41.168107,-95.865852
 41.168034,-95.86892
 41.16759,-95.871248
 41.166241,-95.874349
 41.165337,-95.875679
 41.163447,-95.877814
 41.160708,-95.880089
 41.158229,-95.881505
 41.156088,-95.882428
 41.154351,-95.882953
 41.153091,-95.883157
 41.150861,-95.883318
 41.148607,-95.883157
 41.147283,-95.882835
 41.146394,-95.882846
 41.143493,-95.881999
 41.141352,-95.881087
 41.139292,-95.879885
 41.136625,-95.878018
 41.130112,-95.872557
 41.128803,-95.871195
 41.125554,-95.869135
 41.121295,-95.867203
 41.118224,-95.866474
 41.115516,-95.866324
 41.109454,-95.867085
 41.10546,-95.866742
 41.099001,-95.865058
 41.094756,-95.863373
 41.091667,-95.862569
 41.089864,-95.862451
 41.085522,-95.863127
 41.083338,-95.86391
 41.081244,-95.865026
 41.079181,-95.866603
 41.076237,-95.869843
 41.0706,-95.877138
 41.068198,-95.879638
 41.0662,-95.881054
 41.063627,-95.88217
 41.061565,-95.882449
 41.059752,-95.882363
 41.05841,-95.882106
 41.056233,-95.88129
 41.055788,-95.881215
 41.054478,-95.881559
 41.054275,-95.881387
 41.053596,-95.879821
 41.050845,-95.875636
 41.050513,-95.875261
 41.049251,-95.874617
 41.046362,-95.871731
 41.043563,-95.867085
 41.042211,-95.865176
 41.039541,-95.861914
 41.038473,-95.860831
 41.037218,-95.860165
 41.035907,-95.859715
 41.033213,-95.859253
 41.030501,-95.859135
 41.028866,-95.8592
 41.026624,-95.859586
 41.025289,-95.859983
 41.022448,-95.861818
 41.017656,-95.865712
 41.012774,-95.868351
 41.009261,-95.869521
 41.007909,-95.869575
 41.006111,-95.869253
 41.004468,-95.868716
 41.001512,-95.867246
 41.000346,-95.866399
 40.99744,-95.863588
 40.995545,-95.86067
 40.993269,-95.856185
 40.99182,-95.852762
 40.990597,-95.848889
 40.989609,-95.844694
 40.989058,-95.8433
 40.986677,-95.839223
 40.984296,-95.835596
 40.982676,-95.833569
 40.981226,-95.832142
 40.979218,-95.830801
 40.976682,-95.829502
 40.974058,-95.828601
 40.972252,-95.828365
 40.967707,-95.829288
 40.964094,-95.829781
 40.961785,-95.831004
 40.953115,-95.836605
 40.950587,-95.837935
 40.939679,-95.840274
 40.935821,-95.840156
 40.932215,-95.839598
 40.924887,-95.837817
 40.92179,-95.836519
 40.919553,-95.834888
 40.917291,-95.833075
 40.91515,-95.830854
 40.911194,-95.825318
 40.906637,-95.818484
 40.904715,-95.816113
 40.90328,-95.814643
 40.897587,-95.810748
 40.895324,-95.809751
 40.89307,-95.809386
 40.891253,-95.809482
 40.886524,-95.810791
 40.884091,-95.812186
 40.881771,-95.814074
 40.879743,-95.816081
 40.877383,-95.819718
 40.875135,-95.824631
 40.873537,-95.831519
 40.872621,-95.837066
 40.872166,-95.838761
 40.871298,-95.84066
 40.869319,-95.843943
 40.866479,-95.84639
 40.864434,-95.847698
 40.861132,-95.848557
 40.859777,-95.848567
 40.858414,-95.848428
 40.854624,-95.847237
 40.852514,-95.846164
 40.84857,-95.843246
 40.845145,-95.841079
 40.839983,-95.838761
 40.835819,-95.837334
 40.834471,-95.837131
 40.830843,-95.837356
 40.829219,-95.837678
 40.826118,-95.838643
 40.823187,-95.840263
 40.821498,-95.841583
 40.817788,-95.843858
 40.815571,-95.84478
 40.811682,-95.845317
 40.808961,-95.845081
 40.803415,-95.843546
 40.799655,-95.841433
 40.790744,-95.835875
 40.787698,-95.834502
 40.786366,-95.834169
 40.785001,-95.834073
 40.783182,-95.834148
 40.780948,-95.834684
 40.779347,-95.835167
 40.776463,-95.836948
 40.772043,-95.84168
 40.770134,-95.844244
 40.76824,-95.84728
 40.766648,-95.850209
 40.764348,-95.856603
 40.762796,-95.861839
 40.760854,-95.867053
 40.759513,-95.870186
 40.75814,-95.872579
 40.75484,-95.876977
 40.753076,-95.879027
 40.750533,-95.881569
 40.747777,-95.883662
 40.742331,-95.886569
 40.736316,-95.888704
 40.731901,-95.888886
 40.721096,-95.885335
 40.717794,-95.883318
 40.717453,-95.882943
 40.714306,-95.87702
 40.714143,-95.875572
 40.713208,-95.873126
 40.712419,-95.870304
 40.709109,-95.861539
 40.707263,-95.858116
 40.704066,-95.854361
 40.70222,-95.852591
 40.699821,-95.850874
 40.696599,-95.848997
 40.694444,-95.848031
 40.690856,-95.847205
 40.685015,-95.846668
 40.682338,-95.84595
 40.680614,-95.845274
 40.678978,-95.844158
 40.677489,-95.842774
 40.675992,-95.84051
 40.671362,-95.832517
 40.668555,-95.826327
 40.667114,-95.822378
 40.666121,-95.818387
 40.665584,-95.814246
 40.664949,-95.804762
 40.66403,-95.800459
 40.662972,-95.797069
 40.662125,-95.794934
 40.659391,-95.789516
 40.657511,-95.786909
 40.655142,-95.784023
 40.652342,-95.780954
 40.647597,-95.776373
 40.642615,-95.772918
 40.639635,-95.771406
 40.635507,-95.770462
 40.629848,-95.77029
 40.625313,-95.769743
 40.624873,-95.769764
 40.624474,-95.770022
 40.624034,-95.770011
 40.622699,-95.769657
 40.621168,-95.768842
 40.618766,-95.766771
 40.61721,-95.764571
 40.615443,-95.761825
 40.613692,-95.757941
 40.612283,-95.755666
 40.610401,-95.753059
 40.609106,-95.751354
 40.607119,-95.749894
 40.604871,-95.748929
 40.603519,-95.748661
 40.601238,-95.748596
 40.599886,-95.748897
 40.596114,-95.750442
 40.592684,-95.753392
 40.588814,-95.759153
 40.585441,-95.765355
 40.585197,-95.765591
 40.585099,-95.76587
 40.582964,-95.768884
 40.57968,-95.772339
 40.578124,-95.773551
 40.573642,-95.774678
 40.570602,-95.773777
 40.566274,-95.771835
 40.557056,-95.76514
 40.553934,-95.763863
 40.550763,-95.763381
 40.548048,-95.763735
 40.54561,-95.764797
 40.542855,-95.76691
 40.540605,-95.768251
 40.53674,-95.769249
 40.534049,-95.768638
 40.531652,-95.766975
 40.528708,-95.763295
 40.528153,-95.76234
 40.526196,-95.757598
 40.524965,-95.753038
 40.524255,-95.748328
 40.523904,-95.741826
 40.523921,-95.737621
 40.524296,-95.734831
 40.525462,-95.73114
 40.527264,-95.726967
 40.527843,-95.724703
 40.528104,-95.722278
 40.52777,-95.717483
 40.527256,-95.714564
 40.52622,-95.712655
 40.524182,-95.710251
 40.521637,-95.70847
 40.528373,-95.69742
 40.528724,-95.697076
 40.532084,-95.695467
 40.532956,-95.695124
 40.533388,-95.695188
 40.537229,-95.697076
 40.541452,-95.697334
 40.545496,-95.696518
 40.550616,-95.694877
 40.555874,-95.694383
 40.556771,-95.69418
 40.557105,-95.693836
 40.560593,-95.687163
 40.562501,-95.678966
 40.562574,-95.671799
 40.557863,-95.666488
 40.556714,-95.665523
 40.550151,-95.662197
 40.549809,-95.661821
 40.546572,-95.65591
 40.544812,-95.655491
 40.541991,-95.653496
 40.538093,-95.652305
 40.533625,-95.653496
 40.523448,-95.655781
 40.517404,-95.661618
 40.514941,-95.668044
 40.508179,-95.691862
 40.506539,-95.695456
 40.505185,-95.699898
 40.499507,-95.696143
 40.497761,-95.695467
 40.494963,-95.694855
 40.492238,-95.694641
 40.489496,-95.694716
 40.483001,-95.696003
 40.481222,-95.69654
 40.478692,-95.696733
 40.475966,-95.696368
 40.471298,-95.694544
 40.469331,-95.693021
 40.465348,-95.687721
 40.463315,-95.684255
 40.460075,-95.677035
 40.457209,-95.672357
 40.453307,-95.66754
 40.449625,-95.66401
 40.444383,-95.659665
 40.442309,-95.65841
 40.439035,-95.656747
 40.436977,-95.655931
 40.435622,-95.655663
 40.43242,-95.655663
 40.430199,-95.655921
 40.427676,-95.656639
 40.42235,-95.659332
 40.41803,-95.660909
 40.415783,-95.661392
 40.412287,-95.660545
 40.408374,-95.658892
 40.396119,-95.649408
 40.391061,-95.646243
 40.386844,-95.643958
 40.3819,-95.642767
 40.378345,-95.642155
 40.376064,-95.642327
 40.374724,-95.64267
 40.369967,-95.642424
 40.36646,-95.64104
 40.363035,-95.638561
 40.361539,-95.637177
 40.35728,-95.631469
 40.355154,-95.629066
 40.35275,-95.627103
 40.349087,-95.624775
 40.34652,-95.623723
 40.342635,-95.622758
 40.340812,-95.622736
 40.338391,-95.623176
 40.33611,-95.624077
 40.334858,-95.624807
 40.33431,-95.625215
 40.335071,-95.625322
 40.332855,-95.627264
 40.332168,-95.628047
 40.331023,-95.629914
 40.32933,-95.633744
 40.327481,-95.640321
 40.326491,-95.644956
 40.325559,-95.647885
 40.322467,-95.653839
 40.319318,-95.656661
 40.316193,-95.657637
 40.313133,-95.658002
 40.312274,-95.657852
 40.310564,-95.657068
 40.308053,-95.654461
 40.306858,-95.651919
 40.305884,-95.646554
 40.305754,-95.644795
 40.306007,-95.642413
 40.307554,-95.636759
 40.310384,-95.628519
 40.312487,-95.623101
 40.313092,-95.620601
 40.314156,-95.615462
 40.314221,-95.613585
 40.313984,-95.610591
 40.313583,-95.608252
 40.312708,-95.605538
 40.309967,-95.599004
 40.303184,-95.590099
 40.301581,-95.58717
 40.299789,-95.58231
 40.299568,-95.581023
 40.299437,-95.571012
 40.299167,-95.568459
 40.298316,-95.565037
 40.297391,-95.562279
 40.295779,-95.558782
 40.293161,-95.555423
 40.291008,-95.553192
 40.288561,-95.551593
 40.285787,-95.55096
 40.283954,-95.55095
 40.281236,-95.551454
 40.279501,-95.552162
 40.274516,-95.554672
 40.270849,-95.556217
 40.268098,-95.556325
 40.267214,-95.556089
 40.263342,-95.554233
 40.261271,-95.55169
 40.259126,-95.54727
 40.255646,-95.536755
 40.252166,-95.52946
 40.251142,-95.526091
 40.249963,-95.523784
 40.249521,-95.522089
 40.24889,-95.518581
 40.248514,-95.515105
 40.248768,-95.509311
 40.249619,-95.500149
 40.249374,-95.494741
 40.248948,-95.490364
 40.247752,-95.485826
 40.246769,-95.483798
 40.244919,-95.480493
 40.242683,-95.477489
 40.239964,-95.475258
 40.236131,-95.472597
 40.230996,-95.470419
 40.229505,-95.469958
 40.227981,-95.469732
 40.221575,-95.470065
 40.219175,-95.470719
 40.216996,-95.471556
 40.213604,-95.473391
 40.211048,-95.475483
 40.208508,-95.478036
 40.20437,-95.480622
 40.20292,-95.481384
 40.200453,-95.482349
 40.196798,-95.482757
 40.194872,-95.482768
 40.192135,-95.482478
 40.188455,-95.480965
 40.185341,-95.478981
 40.183734,-95.477822
 40.181824,-95.476148
 40.176635,-95.470719
 40.171348,-95.464025
 40.16947,-95.461181
 40.166699,-95.455227
 40.164633,-95.447127
 40.163207,-95.442706
 40.162493,-95.441151
 40.161673,-95.439831
 40.16073,-95.438522
 40.158927,-95.436569
 40.156016,-95.434831
 40.152924,-95.433834
 40.149734,-95.433394
 40.14606,-95.433351
 40.143149,-95.432825
 40.141804,-95.432417
 40.13831,-95.430948
 40.13717,-95.430175
 40.135554,-95.428694
 40.132798,-95.4248
 40.131338,-95.421742
 40.130993,-95.420637
 40.130558,-95.418931
 40.130214,-95.416228
 40.130058,-95.409833
 40.129787,-95.407451
 40.129197,-95.40493
 40.127384,-95.400478
 40.126309,-95.398536
 40.124923,-95.396959
 40.122519,-95.395199
 40.119377,-95.393407
 40.115734,-95.392839
 40.112977,-95.392817
 40.111369,-95.393032
 40.108718,-95.39403
 40.107684,-95.394759
 40.105099,-95.397259
 40.103138,-95.40007
 40.10116,-95.398632
 40.098477,-95.396315
 40.097188,-95.395682
 40.095826,-95.395478
 40.094554,-95.395532
 40.093216,-95.395929
 40.090434,-95.399051
 40.089572,-95.399308
 40.088652,-95.399158
 40.08825,-95.398922
 40.086896,-95.397334
 40.085106,-95.395768
 40.084688,-95.395521
 40.083333,-95.395306
 40.082036,-95.395521
 40.080551,-95.393718
 40.079705,-95.393279
 40.078851,-95.393515
 40.075477,-95.396229
 40.074623,-95.39668
 40.071422,-95.396841
 40.069985,-95.398278
 40.067924,-95.401046
 40.067464,-95.402066
 40.066586,-95.405306
 40.066257,-95.408589
 40.0662,-95.410992
 40.065937,-95.412751
 40.065321,-95.415015
 40.064516,-95.417129
 40.063506,-95.419157
 40.062636,-95.420519
 40.060936,-95.421141
 40.05913,-95.421592
 40.057758,-95.421571
 40.050269,-95.419929
 40.04631,-95.418384
 40.043288,-95.416861
 40.040273,-95.415037
 40.037201,-95.412408
 40.03325,-95.407441
 40.032125,-95.404984
 40.030613,-95.40272
 40.029931,-95.401164
 40.028009,-95.395703
 40.02708,-95.391583
 40.026776,-95.387399
 40.027039,-95.38565
 40.027146,-95.382872
 40.027976,-95.379642
 40.028765,-95.375565
 40.029438,-95.373344
 40.030424,-95.369053
 40.031492,-95.363828
 40.031665,-95.359107
 40.031484,-95.356715
 40.030243,-95.351565
 40.029331,-95.348883
 40.028099,-95.346372
 40.024427,-95.341887
 40.020064,-95.337306
 40.018782,-95.335622
 40.01778,-95.333616
 40.015808,-95.328852
 40.014444,-95.324035
 40.013269,-95.31823
 40.011855,-95.315022
 40.009201,-95.312083
 40.005429,-95.309851
 40.004139,-95.309207
 40.002068,-95.308456
 40.000005,-95.308295
 39.999997,-95.3091
 39.999939,-95.365952
 40.000227,-95.392742
 40.000136,-95.421495
 40.000334,-95.460237
 40.000326,-95.462437
 39.999997,-95.464143
 40.000194,-95.538139
 40.000178,-95.539942
 40.000013,-95.540478
 40.00021,-95.542828
 40.000301,-95.641823
 40.000441,-95.647391
 40.000326,-95.655802
 40.00049,-95.837173
 40.000687,-95.866731
 40.000473,-95.881119
 40.000605,-95.896912
 40.000572,-95.950642
 40.000432,-95.957412
 40.000589,-95.958527
 40.000621,-95.966606
 40.000769,-96.12402
 40.000687,-96.125811
 40.000473,-96.126262
 40.000441,-96.129223
 40.000506,-96.153975
 40.000761,-96.154994
 40.000934,-96.23208
 40.000868,-96.242466
 40.000621,-96.244826
 40.000884,-96.247755
 40.000876,-96.296797
 40.000819,-96.301003
 40.000621,-96.303374
 40.00086,-96.305734
 40.000967,-96.330357
 40.001082,-96.526909
 40.000852,-96.538496
 40.001098,-96.540052
 40.001032,-96.566477
 40.00118,-96.577431
 40.001147,-96.580843
 40.000967,-96.582388
 40.000876,-96.601238
 40.000893,-96.604414
 40.001213,-96.605412
 40.000942,-96.614199
 40.000999,-96.619005
 40.001328,-96.621923
 40.001336,-96.68973
 40.001542,-96.711102
 40.001402,-96.756624
 40.001567,-96.840534
 40.001542,-96.997347
 40.001345,-97.029705
 40.001558,-97.035874
 40.001394,-97.04008
 40.001328,-97.051066
 40.001723,-97.103004
 40.00164,-97.118196
 40.001936,-97.125567
 40.001821,-97.137766
 40.001484,-97.142079
 40.001673,-97.146274
 40.001435,-97.175703
 40.001542,-97.181711
 40.001739,-97.18213
 40.001788,-97.18331
 40.001838,-97.202482
 40.001361,-97.204102
 40.00118,-97.222052
 40.001476,-97.243423
 40.001813,-97.250022
 40.001961,-97.260407
 40.002019,-97.293978
 40.002035,-97.463751
 40.001706,-97.488127
 40.002158,-97.500894
 40.002101,-97.508876
 40.001854,-97.513071
 40.002019,-97.519873
 40.002125,-97.591971
 40.00215,-97.76639
 40.001986,-97.770596
 40.002249,-97.774758
 40.002068,-97.77935
 40.002068,-97.934361
 40.002265,-98.009462
 40.002183,-98.047228
 40.002339,-98.063997
 40.002331,-98.067398
 40.002166,-98.069168
 40.002166,-98.07538
 40.00229,-98.076528
 40.002339,-98.141727
 40.002216,-98.154688
 40.00252,-98.184847
 40.002339,-98.197432
 40.002561,-98.198665
 40.002347,-98.199717
 40.002347,-98.248587
 40.002495,-98.271761
 40.002635,-98.273724
 40.002438,-98.277297
 40.002487,-98.417759
 40.002331,-98.446941
 40.002479,-98.49947
 40.002216,-98.500553
 40.002446,-98.51964
 40.002273,-98.541613
 40.002429,-98.556815
 40.002282,-98.561729
 40.002479,-98.575172
 40.002331,-98.625888
 40.002512,-98.64168
 40.002413,-98.653268
 40.002265,-98.654405
 40.002553,-98.690218
 40.002397,-98.692975
 40.002405,-98.707008
 40.002216,-98.719196
 40.002347,-98.725322
 40.002232,-98.756533
 40.002397,-98.784471
 40.002405,-98.865623
 40.002183,-98.934116
 40.002314,-98.961443
 40.002199,-99.007845
 40.002216,-99.017029
 40.002397,-99.019808
 40.002232,-99.020752
 40.002216,-99.023155
 40.002347,-99.067755
 40.002282,-99.082947
 40.002134,-99.08608
 40.002125,-99.168423
 40.001986,-99.178219
 40.002084,-99.179817
 40.001977,-99.180354
 40.002027,-99.288071
 40.001797,-99.310656
 40.001928,-99.346619
 40.001846,-99.371767
 40.002134,-99.375941
 40.001969,-99.402752
 40.002134,-99.404672
 40.002134,-99.41244
 40.001928,-99.414221
 40.002265,-99.425315
 40.001903,-99.479656
 40.00192,-99.496812
 40.002051,-99.500985
 40.00183,-99.721956
 40.001657,-99.745302
 40.001821,-99.746364
 40.001369,-99.756289
 40.001739,-99.772071
 40.001361,-99.813023
 40.001493,-99.814181
 40.001525,-99.819578
 40.001542,-99.864178
 40.001673,-99.875164
 40.001575,-99.943657
 40.001665,-99.947852
 40.001821,-99.948989
 40.001575,-99.982624
 40.001591,-100.061331
 40.001706,-100.062457
 40.001567,-100.074892
 40.001591,-100.18895
 40.001887,-100.39209
 40.001739,-100.439823
 40.001903,-100.440971
 40.001723,-100.467825
 40.00192,-100.468909
 40.001969,-100.479959
 40.001723,-100.495977
 40.001838,-100.520343
 40.002068,-100.521501
 40.001871,-100.525331
 40.001969,-100.589211
 40.001797,-100.594243
 40.001936,-100.597236
 40.002101,-100.628361
 40.002027,-100.643574
 40.001887,-100.64617
 40.00215,-100.660161
 40.001969,-100.664366
 40.002134,-100.683335
 40.00206,-100.729094
 40.00224,-100.732688
 40.002109,-100.734018
 40.002101,-100.751667
 40.002298,-100.759048
 40.002142,-100.937233
 40.002347,-101.062288
 40.002763,-101.324061
 40.002621,-101.374312
 40.002615,-101.410081
 40.002351,-101.413787
 40.002613,-101.417494
 40.00261,-101.424564
 40.002588,-101.524723
 40.002829,-101.663763
 40.002916,-101.783151
 40.002741,-101.802803
 40.002911,-101.822318
 40.002817,-101.841147
 40.003157,-101.875542
 40.003069,-101.904273
 40.003113,-101.931801
 40.003003,-101.991151
 40.003025,-102.051702
 40.147986,-102.051954
 40.23035,-102.051691
 40.295867,-102.051474
 40.327098,-102.051279
 40.361453,-102.051771
 40.427366,-102.051468
 40.494259,-102.051508
 40.730733,-102.051498
 40.866768,-102.051449
 41.002395,-102.051744
 41.002323,-102.12088
 41.002511,-102.125472
 41.002433,-102.214906
 41.002276,-102.344508
 41.002379,-102.465483
 41.002268,-102.546528
 41.002212,-102.574518
 41.002675,-102.620877
 41.002338,-102.625553
 41.00226,-102.730823
 41.002214,-102.7991
 41.002256,-102.844654
 41.002038,-102.865661
 41.002339,-102.866111
 41.002251,-102.912223
 41.002066,-102.961381
 41.00227,-102.964535
 41.002308,-103.068473
 41.002213,-103.158938
 41.002184,-103.249144
 41.001845,-103.250517
 41.002024,-103.266309
 41.00188,-103.33317
 41.001865,-103.36467
 41.002295,-103.375409
 41.002316,-103.385328
 41.002595,-103.396791
 41.0019,-103.414407
 41.001853,-103.450391
 41.001935,-103.485173
 41.001953,-103.495451
 41.001638,-103.497671
 41.001582,-103.504355
 41.00147,-103.543987
 41.001746,-103.579499
 41.001634,-103.620246
 41.001611,-103.625428
 41.001781,-103.643656
 41.001816,-103.712963
 41.001728,-103.735557
 41.002028,-103.751457
 41.001851,-103.77124
 41.001757,-103.846341
 41.001633,-103.952511
 41.001811,-103.998837
 41.001602,-104.016153
 41.00183,-104.024178
 41.001539,-104.035721
 41.001508,-104.053273
 41.10821,-104.053399
 41.154775,-104.053505
 41.199241,-104.053268
 41.273783,-104.052763
 41.277259,-104.05243
 41.341331,-104.052621
 41.395361,-104.052298
 41.480219,-104.052318
 41.586783,-104.052831
 41.704515,-104.052656
 41.972523,-104.052823
 42.082063,-104.052906
 42.112029,-104.052454
 42.133198,-104.053033
 42.191923,-104.052817
 42.249957,-104.053085
 42.259424,-104.052752
 42.280132,-104.052772
 42.454149,-104.052984
 42.713516,-104.052721
