33.019198,-94.042153
 33.019223,-94.042966
 33.020179,-94.043022
 33.078957,-94.043033
 33.092342,-94.042872
 33.095353,-94.043022
 33.140354,-94.043097
 33.16026,-94.042926
 33.19704,-94.043012
 33.206736,-94.042765
 33.21643,-94.042894
 33.241999,-94.042743
 33.255197,-94.043055
 33.289929,-94.042915
 33.360866,-94.043173
 33.378204,-94.043001
 33.408759,-94.043151
 33.42092,-94.042883
 33.427573,-94.043097
 33.465253,-94.043087
 33.4709,-94.043205
 33.492744,-94.043055
 33.550193,-94.043409
 33.551812,-94.04343
 33.552196,-94.04358
 33.551311,-94.046305
 33.551114,-94.049889
 33.551222,-94.050447
 33.552572,-94.052045
 33.550882,-94.055843
 33.55005,-94.05903
 33.549961,-94.060811
 33.550033,-94.06139
 33.550954,-94.062324
 33.551231,-94.062978
 33.551177,-94.063514
 33.550855,-94.064094
 33.551079,-94.065778
 33.552286,-94.067645
 33.553654,-94.069351
 33.553994,-94.071035
 33.553931,-94.071947
 33.554968,-94.073203
 33.555862,-94.073761
 33.556345,-94.073857
 33.557829,-94.073739
 33.55909,-94.072827
 33.5601,-94.071003
 33.560905,-94.068182
 33.560949,-94.06698
 33.559206,-94.061337
 33.559233,-94.060146
 33.560663,-94.05712
 33.560958,-94.05668
 33.561414,-94.056648
 33.562907,-94.05682
 33.567395,-94.056702
 33.567833,-94.056959
 33.568101,-94.057431
 33.568539,-94.059148
 33.568745,-94.06094
 33.568772,-94.066443
 33.568933,-94.066819
 33.570944,-94.068407
 33.57426,-94.069759
 33.577166,-94.07066
 33.578292,-94.070628
 33.581242,-94.070081
 33.581733,-94.070199
 33.582689,-94.070553
 33.583539,-94.071175
 33.584254,-94.072001
 33.584772,-94.073009
 33.584745,-94.073589
 33.584182,-94.074544
 33.583324,-94.075134
 33.582332,-94.07523
 33.580383,-94.074726
 33.57949,-94.07419
 33.577541,-94.072623
 33.576147,-94.072012
 33.574144,-94.072044
 33.572687,-94.072484
 33.572356,-94.072859
 33.572356,-94.073396
 33.57477,-94.079522
 33.575682,-94.082311
 33.575333,-94.088792
 33.573822,-94.096999
 33.572705,-94.099842
 33.570971,-94.101956
 33.570435,-94.102975
 33.569362,-94.106205
 33.568164,-94.109005
 33.567029,-94.112835
 33.567046,-94.120334
 33.566939,-94.120796
 33.565536,-94.120388
 33.560538,-94.120753
 33.555844,-94.121922
 33.553949,-94.122705
 33.552697,-94.123682
 33.551258,-94.125323
 33.550989,-94.125828
 33.550739,-94.127576
 33.551007,-94.128917
 33.551472,-94.129754
 33.552563,-94.130967
 33.554905,-94.131771
 33.556372,-94.132125
 33.558866,-94.13234
 33.560681,-94.1322
 33.566036,-94.133724
 33.57005,-94.134464
 33.570899,-94.135022
 33.571328,-94.136041
 33.571132,-94.136578
 33.565589,-94.143294
 33.565044,-94.144979
 33.565187,-94.14735
 33.565589,-94.148433
 33.566492,-94.14986
 33.567663,-94.150997
 33.568513,-94.151587
 33.569523,-94.151813
 33.5714,-94.151298
 33.573465,-94.149603
 33.575655,-94.145612
 33.577747,-94.143047
 33.579856,-94.141792
 33.580348,-94.141749
 33.58142,-94.142275
 33.581885,-94.143326
 33.582091,-94.144496
 33.581849,-94.146245
 33.580294,-94.148594
 33.577559,-94.150901
 33.576057,-94.152489
 33.575637,-94.154559
 33.575869,-94.15693
 33.576772,-94.158357
 33.579069,-94.161029
 33.58041,-94.161791
 33.580875,-94.161962
 33.582377,-94.16193
 33.586309,-94.161083
 33.587802,-94.161083
 33.588544,-94.161801
 33.589,-94.162821
 33.591189,-94.176672
 33.592753,-94.181092
 33.593379,-94.182025
 33.594496,-94.183205
 33.594657,-94.183742
 33.594532,-94.184289
 33.591252,-94.187207
 33.585335,-94.193012
 33.582698,-94.194696
 33.581662,-94.195983
 33.581134,-94.196906
 33.58024,-94.199599
 33.579838,-94.201938
 33.579785,-94.20374
 33.580097,-94.204856
 33.582967,-94.210768
 33.583449,-94.213074
 33.583163,-94.214212
 33.582645,-94.215231
 33.581983,-94.216132
 33.580777,-94.217173
 33.579302,-94.21742
 33.577988,-94.217001
 33.576781,-94.216347
 33.575798,-94.215006
 33.573706,-94.21095
 33.573536,-94.20977
 33.574314,-94.207517
 33.576844,-94.203826
 33.577309,-94.201509
 33.57671,-94.199224
 33.575503,-94.196531
 33.575217,-94.196048
 33.573349,-94.194063
 33.571623,-94.192851
 33.570685,-94.192432
 33.569219,-94.192067
 33.566537,-94.191788
 33.563462,-94.189932
 33.561486,-94.189707
 33.560493,-94.189868
 33.559617,-94.190211
 33.557418,-94.191295
 33.557016,-94.191649
 33.556059,-94.193022
 33.55504,-94.195758
 33.555022,-94.19711
 33.555174,-94.197668
 33.556265,-94.199674
 33.557051,-94.200414
 33.559367,-94.20153
 33.563462,-94.202517
 33.56634,-94.203515
 33.566644,-94.203923
 33.567172,-94.205596
 33.56693,-94.207892
 33.563256,-94.213428
 33.556273,-94.219083
 33.555943,-94.219512
 33.554065,-94.223052
 33.55293,-94.226389
 33.552447,-94.228717
 33.552116,-94.231657
 33.55259,-94.237021
 33.553225,-94.239285
 33.554646,-94.242847
 33.555639,-94.247503
 33.556542,-94.249638
 33.557114,-94.250604
 33.559036,-94.251752
 33.560538,-94.252138
 33.564248,-94.251612
 33.565697,-94.251151
 33.567073,-94.250411
 33.573545,-94.24436
 33.574877,-94.242557
 33.576888,-94.238727
 33.578149,-94.237826
 33.580955,-94.236839
 33.585943,-94.236399
 33.5874,-94.237021
 33.588722,-94.238813
 33.589527,-94.240304
 33.58967,-94.242933
 33.589116,-94.245851
 33.587042,-94.250261
 33.586068,-94.252782
 33.585523,-94.25379
 33.582922,-94.257417
 33.577326,-94.262792
 33.573608,-94.265646
 33.567887,-94.269122
 33.566456,-94.269669
 33.565115,-94.27042
 33.564883,-94.27012
 33.564642,-94.270302
 33.56474,-94.270763
 33.563327,-94.270978
 33.561969,-94.271729
 33.558866,-94.274422
 33.558008,-94.27587
 33.557248,-94.285816
 33.557248,-94.287608
 33.557337,-94.288198
 33.55791,-94.289153
 33.559787,-94.290987
 33.561101,-94.291416
 33.563605,-94.291363
 33.565911,-94.290268
 33.566886,-94.290365
 33.567869,-94.290193
 33.568262,-94.289882
 33.568906,-94.288616
 33.570426,-94.286438
 33.572759,-94.282522
 33.574743,-94.28073
 33.575217,-94.280634
 33.577201,-94.280881
 33.578113,-94.281181
 33.580339,-94.282243
 33.581572,-94.283262
 33.581894,-94.283692
 33.582037,-94.28426
 33.582332,-94.286653
 33.582287,-94.287844
 33.582144,-94.289035
 33.581635,-94.290719
 33.58033,-94.293272
 33.579016,-94.295075
 33.576129,-94.298455
 33.574109,-94.300214
 33.572812,-94.301126
 33.568325,-94.303529
 33.560037,-94.30707
 33.559286,-94.307059
 33.55748,-94.306222
 33.555987,-94.306319
 33.554709,-94.307209
 33.553761,-94.307606
 33.552518,-94.308572
 33.551803,-94.309409
 33.5509,-94.311533
 33.549433,-94.315438
 33.548897,-94.31929
 33.548951,-94.320492
 33.549156,-94.321661
 33.549916,-94.323871
 33.550927,-94.326371
 33.552143,-94.328688
 33.55301,-94.331253
 33.553681,-94.332111
 33.554512,-94.332755
 33.55639,-94.333591
 33.56255,-94.334407
 33.564347,-94.335437
 33.566278,-94.337357
 33.567493,-94.339246
 33.567914,-94.341145
 33.567842,-94.343537
 33.567779,-94.344127
 33.567154,-94.345747
 33.563131,-94.351584
 33.562335,-94.352303
 33.561879,-94.352517
 33.560896,-94.352689
 33.560422,-94.352528
 33.554172,-94.348333
 33.552339,-94.347367
 33.551848,-94.347324
 33.550524,-94.347593
 33.548468,-94.34888
 33.54507,-94.352217
 33.544059,-94.353526
 33.543246,-94.355714
 33.543067,-94.356894
 33.543094,-94.358085
 33.543371,-94.359233
 33.544515,-94.361197
 33.544712,-94.361883
 33.544954,-94.363664
 33.544989,-94.366068
 33.545633,-94.370177
 33.545589,-94.370745
 33.544694,-94.37214
 33.544301,-94.375509
 33.544042,-94.381517
 33.544864,-94.384285
 33.544828,-94.386066
 33.545437,-94.387697
 33.546751,-94.389489
 33.549881,-94.391366
 33.551052,-94.392257
 33.551794,-94.393598
 33.552053,-94.394746
 33.553627,-94.397053
 33.556917,-94.399799
 33.557606,-94.400625
 33.55892,-94.401484
 33.559385,-94.401537
 33.561665,-94.401087
 33.563023,-94.400346
 33.563766,-94.399552
 33.564668,-94.398115
 33.565321,-94.395915
 33.566188,-94.395336
 33.566456,-94.394885
 33.566447,-94.394424
 33.565571,-94.393201
 33.565223,-94.392096
 33.565214,-94.390894
 33.565554,-94.387922
 33.567029,-94.382687
 33.569085,-94.380004
 33.571293,-94.37861
 33.574716,-94.377773
 33.577192,-94.378159
 33.578077,-94.378438
 33.580267,-94.379489
 33.581456,-94.380552
 33.583172,-94.38274
 33.581849,-94.38598
 33.580455,-94.387686
 33.574752,-94.393491
 33.571901,-94.396977
 33.570193,-94.399939
 33.568477,-94.40334
 33.56803,-94.406966
 33.568405,-94.411139
 33.568986,-94.412577
 33.569684,-94.41336
 33.576531,-94.418317
 33.586443,-94.425977
 33.589652,-94.427876
 33.590036,-94.428241
 33.591189,-94.430183
 33.5916,-94.431278
 33.591815,-94.433048
 33.593039,-94.436331
 33.593575,-94.438766
 33.593397,-94.439249
 33.591976,-94.440923
 33.591252,-94.442478
 33.590903,-94.44544
 33.590903,-94.449044
 33.591663,-94.452746
 33.592119,-94.453797
 33.592485,-94.454205
 33.594567,-94.455857
 33.596989,-94.456855
 33.598053,-94.458089
 33.598517,-94.458218
 33.60034,-94.45752
 33.600483,-94.458014
 33.600251,-94.459162
 33.598526,-94.461983
 33.598383,-94.462541
 33.598768,-94.464247
 33.598741,-94.465417
 33.599098,-94.467123
 33.599107,-94.467487
 33.599375,-94.467884
 33.599867,-94.468925
 33.601225,-94.470652
 33.603343,-94.472347
 33.603816,-94.472508
 33.60429,-94.47238
 33.605622,-94.471596
 33.607266,-94.469483
 33.608633,-94.466983
 33.61067,-94.462166
 33.615066,-94.454935
 33.616576,-94.453357
 33.617407,-94.452714
 33.618863,-94.452338
 33.622356,-94.452682
 33.62266,-94.452993
 33.622991,-94.455954
 33.623384,-94.457692
 33.62417,-94.459741
 33.624661,-94.460514
 33.625385,-94.461071
 33.62585,-94.461222
 33.628324,-94.460921
 33.629298,-94.461179
 33.630209,-94.46164
 33.630816,-94.462552
 33.631093,-94.462402
 33.631352,-94.461898
 33.632371,-94.459033
 33.633353,-94.452757
 33.634479,-94.448497
 33.634863,-94.448186
 33.635828,-94.448057
 33.636605,-94.447424
 33.63807,-94.447049
 33.639553,-94.447156
 33.640473,-94.446985
 33.642286,-94.448122
 33.642706,-94.448583
 33.644787,-94.454505
 33.645037,-94.455675
 33.64526,-94.458604
 33.644903,-94.45972
 33.64367,-94.461404
 33.641759,-94.462595
 33.637954,-94.464033
 33.637132,-94.464698
 33.636337,-94.466125
 33.637221,-94.467541
 33.637605,-94.468657
 33.637695,-94.469837
 33.637436,-94.471704
 33.637507,-94.472294
 33.637766,-94.473453
 33.638579,-94.474944
 33.638963,-94.476682
 33.638775,-94.481435
 33.638508,-94.483377
 33.638001,-94.48537
 33.637867,-94.485871
 33.638704,-94.485866
 33.652164,-94.485565
 33.655147,-94.485265
 33.657647,-94.485244
 33.658496,-94.485544
 33.664148,-94.485415
 33.710846,-94.483849
 33.786424,-94.481918
 33.799192,-94.481338
 33.818955,-94.481006
 33.821941,-94.480705
 33.87071,-94.479439
 33.875199,-94.479128
 33.881372,-94.479386
 33.88432,-94.478838
 33.88945,-94.478892
 33.902051,-94.478409
 33.936533,-94.47754
 33.940013,-94.477304
 33.957751,-94.477004
 33.966854,-94.476446
 33.976463,-94.476446
 34.000313,-94.475824
 34.022031,-94.475148
 34.023,-94.474944
 34.059424,-94.474064
 34.072151,-94.473377
 34.087711,-94.472905
 34.109539,-94.472659
 34.127224,-94.47194
 34.216566,-94.469622
 34.230689,-94.469408
 34.238273,-94.468904
 34.248357,-94.468635
 34.25296,-94.468356
 34.281696,-94.467884
 34.318487,-94.466661
 34.349681,-94.46606
 34.356758,-94.46546
 34.364348,-94.46547
 34.395012,-94.46443
 34.402599,-94.464344
 34.409689,-94.464011
 34.411663,-94.464097
 34.417752,-94.463743
 34.419735,-94.463829
 34.422204,-94.463593
 34.439345,-94.463142
 34.447406,-94.462734
 34.531379,-94.460417
 34.53845,-94.460245
 34.545034,-94.46031
 34.552642,-94.459902
 34.61533,-94.458143
 34.640455,-94.457241
 34.641444,-94.45722
 34.643041,-94.457585
 34.646978,-94.457198
 34.750287,-94.453787
 34.772437,-94.453186
 34.831489,-94.450933
 34.863125,-94.449924
 34.873125,-94.449742
 34.889786,-94.449087
 34.894194,-94.449002
 34.896218,-94.449238
 34.968766,-94.446416
 35.116126,-94.441341
 35.12026,-94.441084
 35.122673,-94.441137
 35.128543,-94.440762
 35.170028,-94.439582
 35.186997,-94.438874
 35.197457,-94.439077
 35.210537,-94.438434
 35.211484,-94.43823
 35.230407,-94.437586
 35.239897,-94.437768
 35.250324,-94.436588
 35.274783,-94.435741
 35.279679,-94.435322
 35.285223,-94.435333
 35.291073,-94.435097
 35.291554,-94.435065
 35.291922,-94.434807
 35.292281,-94.435076
 35.292737,-94.435118
 35.298105,-94.43441
 35.30757,-94.434453
 35.363602,-94.432232
 35.364075,-94.432232
 35.364836,-94.43293
 35.365728,-94.433166
 35.367452,-94.432114
 35.369368,-94.431621
 35.370811,-94.431921
 35.373978,-94.432962
 35.375912,-94.433327
 35.378343,-94.433134
 35.385945,-94.435537
 35.391963,-94.431041
 35.392382,-94.430763
 35.392837,-94.430773
 35.395216,-94.431514
 35.398907,-94.431814
 35.405168,-94.43323
 35.433479,-94.438187
 35.440962,-94.43985
 35.452228,-94.441406
 35.454028,-94.442167
 35.487563,-94.4481
 35.494692,-94.449152
 35.498247,-94.449978
 35.503121,-94.450547
 35.564245,-94.460503
 35.5797,-94.462885
 35.629195,-94.471178
 35.640775,-94.472991
 35.690241,-94.48151
 35.707109,-94.484568
 35.723024,-94.487153
 35.726909,-94.487625
 35.730489,-94.488419
 35.758667,-94.493043
 35.763038,-94.493494
 35.775077,-94.495865
 35.797723,-94.49977
 35.826269,-94.504362
 35.833358,-94.505639
 35.834802,-94.505768
 35.862387,-94.510478
 35.902165,-94.517623
 35.923819,-94.521164
 35.931291,-94.522237
 35.934401,-94.522923
 35.939717,-94.523567
 35.941611,-94.524093
 35.968776,-94.528792
 36.00095,-94.534618
 36.017214,-94.537289
 36.077815,-94.547793
 36.122875,-94.555861
 36.129244,-94.556773
 36.156458,-94.561762
 36.174214,-94.564884
 36.176622,-94.565184
 36.184502,-94.566718
 36.213974,-94.571847
 36.240578,-94.576095
 36.263783,-94.580194
 36.292775,-94.584872
 36.300643,-94.586309
 36.313344,-94.588176
 36.35089,-94.59427
 36.363116,-94.595944
 36.385965,-94.599409
 36.394791,-94.600943
 36.402313,-94.602027
 36.404368,-94.602488
 36.426937,-94.606286
 36.47661,-94.613882
 36.499529,-94.617949
 36.499494,-94.559755
 36.498968,-94.496841
 36.499486,-94.416161
 36.499313,-94.385766
 36.499607,-94.375391
 36.499598,-94.362001
 36.499745,-94.355189
 36.499555,-94.353418
 36.499503,-94.346638
 36.498589,-94.111118
 36.498856,-94.023829
 36.498718,-93.997478
 36.498727,-93.868217
 36.499158,-93.759556
 36.499158,-93.75034
 36.498934,-93.747368
 36.499305,-93.711845
 36.499201,-93.70706
 36.498753,-93.706416
 36.49871,-93.705214
 36.499124,-93.699045
 36.499141,-93.68926
 36.498986,-93.671064
 36.498899,-93.600769
 36.498934,-93.491507
 36.49852,-93.431736
 36.498934,-93.426189
 36.498934,-93.423786
 36.498753,-93.395698
 36.49852,-93.393767
 36.498727,-93.391417
 36.498606,-93.386621
 36.49871,-93.375034
 36.498356,-93.361473
 36.49852,-93.329877
 36.49814,-93.315725
 36.498434,-93.25779
 36.498399,-93.241396
 36.498123,-93.22423
 36.498296,-93.20406
 36.497959,-93.136339
 36.498097,-93.089937
 36.497959,-93.088778
 36.498175,-93.069713
 36.498002,-93.068619
 36.497907,-93.047247
 36.498089,-93.012486
 36.497882,-92.989912
 36.497951,-92.875671
 36.497856,-92.814732
 36.497649,-92.790184
 36.497666,-92.772589
 36.497882,-92.763405
 36.497882,-92.742033
 36.498054,-92.732248
 36.498244,-92.563848
 36.498727,-92.518101
 36.498511,-92.496128
 36.498675,-92.460594
 36.498503,-92.442988
 36.497916,-92.420425
 36.497838,-92.385031
 36.497554,-92.383078
 36.497209,-92.375278
 36.497355,-92.361106
 36.497778,-92.35013
 36.497709,-92.317729
 36.497882,-92.30876
 36.498917,-92.09384
 36.49871,-92.071266
 36.498641,-92.029606
 36.498425,-92.028522
 36.498347,-92.019929
 36.498546,-92.001089
 36.498365,-91.998568
 36.498865,-91.835146
 36.499072,-91.80635
 36.498968,-91.79841
 36.499296,-91.755667
 36.49921,-91.726484
 36.4994,-91.7167
 36.499331,-91.687936
 36.499451,-91.668978
 36.49921,-91.631802
 36.499339,-91.628809
 36.499313,-91.610409
 36.499563,-91.607437
 36.499546,-91.602309
 36.499313,-91.600624
 36.499184,-91.597019
 36.499331,-91.59585
 36.499227,-91.539642
 36.499003,-91.534127
 36.499072,-91.526756
 36.49883,-91.501168
 36.497519,-91.447374
 36.49764,-91.446236
 36.49714,-91.421871
 36.497097,-91.409072
 36.497666,-91.235104
 36.497485,-91.219128
 36.497468,-91.161203
 36.497864,-91.110048
 36.498054,-91.01896
 36.498261,-91.009798
 36.498451,-90.954866
 36.498416,-90.877286
 36.498089,-90.873746
 36.498554,-90.849981
 36.498692,-90.819426
 36.498416,-90.759687
 36.498658,-90.749903
 36.498658,-90.728531
 36.498278,-90.704155
 36.498503,-90.697374
 36.498563,-90.675402
 36.498425,-90.621661
 36.498554,-90.613689
 36.498468,-90.577716
 36.498589,-90.563135
 36.498365,-90.385551
 36.498227,-90.342207
 36.498209,-90.340501
 36.498037,-90.339632
 36.498123,-90.322638
 36.497916,-90.310439
 36.497795,-90.249338
 36.497968,-90.153841
 36.497938,-90.152339
 36.4975,-90.1528
 36.497195,-90.153299
 36.496976,-90.154012
 36.496735,-90.154485
 36.496338,-90.154635
 36.493871,-90.153154
 36.493405,-90.153133
 36.49306,-90.153487
 36.492517,-90.154753
 36.492965,-90.155718
 36.494009,-90.156941
 36.494207,-90.157456
 36.494354,-90.159248
 36.494276,-90.159827
 36.493914,-90.160031
 36.49344,-90.16001
 36.493009,-90.159774
 36.491663,-90.158647
 36.490662,-90.156587
 36.490343,-90.156265
 36.488894,-90.156158
 36.487954,-90.156394
 36.4876,-90.156738
 36.487497,-90.159591
 36.48716,-90.159999
 36.486712,-90.160192
 36.486237,-90.160257
 36.485797,-90.160053
 36.485444,-90.159656
 36.484814,-90.158765
 36.484305,-90.15721
 36.482847,-90.157896
 36.482028,-90.158529
 36.481364,-90.159388
 36.480941,-90.159613
 36.480001,-90.159484
 36.479647,-90.159109
 36.478836,-90.157628
 36.478465,-90.155289
 36.476489,-90.149549
 36.476144,-90.147811
 36.476472,-90.146073
 36.476162,-90.144335
 36.475894,-90.143842
 36.475118,-90.143187
 36.473763,-90.143241
 36.472193,-90.1425
 36.471244,-90.142404
 36.470304,-90.142651
 36.469726,-90.143423
 36.469285,-90.144475
 36.468949,-90.146223
 36.468966,-90.146803
 36.469199,-90.147296
 36.470355,-90.149195
 36.470502,-90.150365
 36.470027,-90.151867
 36.470813,-90.152478
 36.47083,-90.152907
 36.470433,-90.153165
 36.468984,-90.153326
 36.468078,-90.15368
 36.467094,-90.155053
 36.46674,-90.155439
 36.466292,-90.155643
 36.463669,-90.155772
 36.463496,-90.155332
 36.463824,-90.153669
 36.46523,-90.151362
 36.465403,-90.150912
 36.465386,-90.150268
 36.464738,-90.14942
 36.463565,-90.148401
 36.462866,-90.146835
 36.462737,-90.145065
 36.462909,-90.14455
 36.464221,-90.143884
 36.464695,-90.143895
 36.467034,-90.144753
 36.4675,-90.144593
 36.46781,-90.144174
 36.467931,-90.143605
 36.467879,-90.142629
 36.467103,-90.142286
 36.466611,-90.141277
 36.466248,-90.140923
 36.46473,-90.140398
 36.463772,-90.140451
 36.460545,-90.141664
 36.459604,-90.141492
 36.458267,-90.140784
 36.457111,-90.139722
 36.455022,-90.136889
 36.454599,-90.135827
 36.454358,-90.134668
 36.45409,-90.134186
 36.453659,-90.133971
 36.453184,-90.134057
 36.45277,-90.134336
 36.450759,-90.136921
 36.450354,-90.1372
 36.449879,-90.1372
 36.448041,-90.13617
 36.446427,-90.136471
 36.444088,-90.135806
 36.442716,-90.136278
 36.442267,-90.136138
 36.440653,-90.13484
 36.438832,-90.134089
 36.437451,-90.134078
 36.436027,-90.134411
 36.435353,-90.135216
 36.435215,-90.135784
 36.435138,-90.138713
 36.434758,-90.138853
 36.434033,-90.138112
 36.432652,-90.137608
 36.432177,-90.137608
 36.431728,-90.137812
 36.4314,-90.13823
 36.431184,-90.139378
 36.431486,-90.141116
 36.431452,-90.141717
 36.431331,-90.142286
 36.430865,-90.142972
 36.429786,-90.143455
 36.425979,-90.144249
 36.425029,-90.144163
 36.424209,-90.143552
 36.42288,-90.141492
 36.421826,-90.140258
 36.421205,-90.138799
 36.421205,-90.137705
 36.421352,-90.137404
 36.422422,-90.136439
 36.423009,-90.135494
 36.423104,-90.134937
 36.422897,-90.134432
 36.422474,-90.13425
 36.421524,-90.134786
 36.419133,-90.135409
 36.417734,-90.134969
 36.416793,-90.135065
 36.415196,-90.136406
 36.414945,-90.136889
 36.414764,-90.138059
 36.414496,-90.138531
 36.414065,-90.138692
 36.413676,-90.138391
 36.413339,-90.137286
 36.413452,-90.135516
 36.413909,-90.13381
 36.415066,-90.130913
 36.416508,-90.129336
 36.416724,-90.128821
 36.416689,-90.127641
 36.41618,-90.126675
 36.415722,-90.12659
 36.414833,-90.127019
 36.412321,-90.128757
 36.411915,-90.128843
 36.411492,-90.128649
 36.411051,-90.126976
 36.410792,-90.122201
 36.410844,-90.121611
 36.411198,-90.120721
 36.412269,-90.119659
 36.412303,-90.118704
 36.411414,-90.118597
 36.410482,-90.118843
 36.409989,-90.1188
 36.409566,-90.118564
 36.408971,-90.116966
 36.408029,-90.115646
 36.40815,-90.115131
 36.409471,-90.114487
 36.40967,-90.114015
 36.409445,-90.113554
 36.408496,-90.113457
 36.408038,-90.113618
 36.406915,-90.115507
 36.406501,-90.115786
 36.406043,-90.115753
 36.405845,-90.115281
 36.405931,-90.114691
 36.406605,-90.113103
 36.407718,-90.111151
 36.407684,-90.110614
 36.407287,-90.110389
 36.404904,-90.110818
 36.404463,-90.110625
 36.403902,-90.109692
 36.403712,-90.108587
 36.403798,-90.108093
 36.405404,-90.104992
 36.405456,-90.104434
 36.40518,-90.103952
 36.403202,-90.102782
 36.402088,-90.101677
 36.40208,-90.10113
 36.403962,-90.09877
 36.403997,-90.098308
 36.403427,-90.096935
 36.403401,-90.096345
 36.403695,-90.094993
 36.403556,-90.092686
 36.402417,-90.088878
 36.402037,-90.086303
 36.400577,-90.084007
 36.401251,-90.082494
 36.400793,-90.08082
 36.399524,-90.079029
 36.398617,-90.078642
 36.3967,-90.078342
 36.39632,-90.078127
 36.395551,-90.076754
 36.394601,-90.075542
 36.393038,-90.074168
 36.392814,-90.073664
 36.392805,-90.073074
 36.393634,-90.070918
 36.393513,-90.070435
 36.392105,-90.070328
 36.391164,-90.070081
 36.389868,-90.069265
 36.389203,-90.068418
 36.388806,-90.06831
 36.388495,-90.06874
 36.388227,-90.068761
 36.387614,-90.066025
 36.387122,-90.066025
 36.386474,-90.067495
 36.385852,-90.068225
 36.385533,-90.068321
 36.385135,-90.068042
 36.384229,-90.06374
 36.383909,-90.063386
 36.383451,-90.063257
 36.381033,-90.065145
 36.379677,-90.065972
 36.37883,-90.066154
 36.378018,-90.06669
 36.377171,-90.064985
 36.377137,-90.064362
 36.377534,-90.063236
 36.37737,-90.06285
 36.377033,-90.062732
 36.376731,-90.06286
 36.376049,-90.063697
 36.375634,-90.063955
 36.371807,-90.063622
 36.369043,-90.064695
 36.367902,-90.064609
 36.367505,-90.064319
 36.367021,-90.063483
 36.365647,-90.065081
 36.365103,-90.066293
 36.364153,-90.065843
 36.363669,-90.065832
 36.36201,-90.066637
 36.36106,-90.06654
 36.36017,-90.06609
 36.358641,-90.066508
 36.357889,-90.068021
 36.357543,-90.068407
 36.356671,-90.068107
 36.35642,-90.068418
 36.356576,-90.069587
 36.356437,-90.070156
 36.355807,-90.071036
 36.354035,-90.071948
 36.353318,-90.073482
 36.352938,-90.073836
 36.351564,-90.074372
 36.349793,-90.075917
 36.349395,-90.07787
 36.348963,-90.077988
 36.348082,-90.077516
 36.34421,-90.074533
 36.343303,-90.074201
 36.342352,-90.074286
 36.341903,-90.074705
 36.341635,-90.075231
 36.341626,-90.076293
 36.341367,-90.077001
 36.341004,-90.077215
 36.339569,-90.077409
 36.33778,-90.078288
 36.337305,-90.078353
 36.336363,-90.078117
 36.336,-90.077763
 36.335283,-90.076175
 36.334928,-90.075778
 36.334496,-90.075574
 36.334012,-90.075649
 36.330572,-90.077237
 36.330244,-90.077655
 36.329812,-90.078728
 36.329457,-90.079093
 36.328031,-90.078986
 36.327616,-90.079222
 36.326985,-90.081443
 36.326605,-90.081807
 36.326147,-90.081958
 36.325697,-90.081818
 36.32466,-90.080595
 36.323571,-90.079887
 36.323225,-90.080112
 36.323078,-90.081282
 36.322862,-90.081786
 36.322032,-90.082344
 36.32128,-90.0817
 36.320269,-90.080434
 36.318445,-90.079833
 36.318402,-90.079318
 36.319119,-90.077773
 36.319283,-90.076797
 36.319033,-90.076486
 36.318194,-90.075992
 36.318142,-90.074909
 36.3179,-90.074404
 36.317485,-90.07419
 36.316552,-90.07405
 36.315799,-90.07257
 36.315436,-90.072194
 36.314243,-90.071594
 36.313984,-90.070456
 36.313318,-90.069619
 36.311632,-90.068514
 36.309722,-90.068171
 36.308857,-90.06771
 36.30699,-90.067173
 36.305788,-90.066572
 36.30539,-90.066251
 36.305001,-90.065231
 36.303834,-90.064234
 36.303358,-90.064105
 36.302407,-90.064244
 36.301992,-90.064534
 36.301361,-90.065446
 36.299563,-90.067334
 36.298542,-90.069308
 36.296986,-90.070274
 36.296528,-90.07022
 36.295637,-90.069802
 36.294703,-90.069802
 36.293242,-90.071379
 36.292852,-90.072398
 36.290794,-90.074898
 36.290509,-90.076958
 36.289869,-90.0789
 36.289471,-90.078996
 36.288503,-90.077966
 36.287672,-90.077988
 36.286271,-90.077623
 36.285424,-90.07714
 36.284455,-90.077162
 36.283608,-90.076958
 36.28231,-90.076164
 36.281394,-90.075821
 36.280944,-90.075831
 36.279802,-90.077366
 36.278531,-90.07978
 36.276749,-90.080681
 36.275547,-90.081657
 36.274137,-90.081925
 36.273713,-90.082194
 36.272995,-90.082977
 36.272156,-90.083545
 36.271888,-90.084007
 36.271309,-90.086378
 36.271542,-90.088116
 36.2713,-90.089232
 36.271118,-90.091624
 36.271127,-90.094028
 36.271386,-90.095143
 36.271239,-90.096291
 36.270781,-90.097107
 36.269734,-90.098083
 36.268887,-90.099821
 36.269042,-90.101602
 36.268965,-90.102782
 36.267918,-90.103909
 36.267702,-90.104424
 36.267762,-90.104971
 36.266473,-90.105572
 36.265894,-90.106473
 36.265833,-90.107063
 36.265997,-90.10761
 36.265651,-90.108608
 36.26566,-90.109187
 36.265911,-90.10967
 36.266828,-90.110282
 36.266387,-90.111269
 36.266352,-90.11246
 36.265781,-90.11408
 36.265254,-90.115035
 36.264501,-90.115689
 36.263895,-90.116622
 36.263497,-90.116923
 36.263056,-90.116837
 36.262312,-90.116107
 36.261836,-90.116011
 36.259812,-90.117481
 36.259354,-90.11761
 36.258428,-90.117406
 36.258117,-90.117749
 36.257918,-90.118918
 36.257615,-90.11923
 36.256628,-90.118039
 36.255694,-90.118082
 36.255391,-90.118489
 36.255106,-90.119594
 36.254691,-90.119852
 36.253773,-90.118586
 36.253471,-90.118382
 36.252995,-90.118586
 36.252372,-90.119476
 36.251109,-90.120367
 36.249672,-90.121987
 36.249257,-90.122255
 36.248781,-90.122255
 36.247423,-90.121751
 36.246947,-90.121869
 36.246566,-90.122201
 36.246134,-90.123242
 36.245744,-90.1235
 36.24526,-90.123478
 36.244922,-90.123811
 36.244533,-90.124615
 36.244083,-90.124261
 36.243806,-90.123789
 36.243391,-90.123703
 36.243001,-90.124025
 36.242871,-90.12454
 36.243399,-90.126182
 36.243174,-90.127341
 36.243183,-90.129701
 36.242932,-90.130173
 36.241608,-90.13086
 36.241132,-90.130956
 36.240327,-90.130388
 36.240042,-90.129905
 36.239973,-90.128188
 36.239644,-90.12778
 36.239176,-90.127641
 36.237247,-90.127748
 36.236857,-90.12748
 36.235663,-90.125763
 36.235317,-90.124798
 36.233993,-90.124776
 36.23369,-90.125163
 36.233361,-90.126278
 36.232989,-90.126439
 36.231726,-90.125592
 36.231258,-90.125506
 36.229839,-90.125871
 36.229077,-90.126493
 36.229112,-90.127019
 36.229692,-90.127856
 36.228671,-90.13116
 36.228342,-90.131568
 36.226931,-90.131739
 36.226429,-90.132222
 36.226239,-90.132759
 36.226239,-90.133252
 36.22649,-90.133563
 36.22642,-90.134829
 36.227191,-90.13793
 36.227191,-90.13911
 36.226931,-90.140172
 36.227511,-90.141867
 36.227381,-90.142372
 36.225581,-90.143842
 36.225105,-90.143981
 36.224153,-90.143852
 36.223694,-90.143992
 36.223391,-90.144389
 36.223339,-90.145537
 36.223036,-90.14588
 36.221617,-90.14559
 36.221158,-90.145655
 36.220855,-90.146041
 36.220864,-90.146599
 36.221833,-90.147908
 36.22185,-90.148455
 36.221634,-90.14897
 36.220007,-90.150225
 36.218994,-90.151438
 36.217652,-90.151588
 36.215947,-90.152038
 36.215584,-90.152403
 36.215454,-90.153916
 36.214372,-90.154892
 36.213749,-90.155804
 36.21348,-90.156931
 36.213653,-90.157456
 36.214441,-90.158154
 36.21509,-90.159034
 36.215489,-90.160117
 36.215601,-90.161254
 36.214346,-90.163797
 36.214432,-90.165814
 36.214233,-90.166361
 36.213238,-90.167542
 36.213229,-90.16811
 36.213948,-90.16884
 36.214138,-90.169355
 36.213948,-90.169859
 36.213532,-90.170095
 36.212589,-90.170063
 36.210624,-90.17267
 36.210208,-90.173721
 36.210295,-90.174247
 36.210702,-90.174505
 36.210857,-90.174998
 36.210381,-90.176071
 36.208572,-90.177122
 36.208113,-90.176929
 36.207698,-90.177037
 36.207135,-90.177959
 36.207256,-90.178496
 36.208537,-90.180287
 36.208702,-90.180835
 36.208624,-90.181414
 36.208286,-90.181811
 36.207828,-90.181993
 36.206408,-90.182294
 36.205482,-90.182272
 36.204962,-90.183184
 36.205447,-90.184064
 36.205395,-90.184611
 36.204694,-90.185405
 36.204538,-90.185866
 36.20478,-90.18636
 36.205533,-90.186886
 36.205577,-90.187926
 36.204391,-90.188656
 36.203473,-90.188892
 36.202374,-90.190008
 36.201473,-90.190104
 36.20098,-90.191102
 36.200876,-90.192261
 36.200313,-90.193183
 36.200616,-90.194267
 36.200304,-90.195254
 36.199248,-90.19578
 36.197317,-90.195973
 36.196841,-90.196091
 36.196443,-90.196402
 36.19614,-90.196863
 36.196123,-90.198537
 36.19672,-90.199428
 36.196746,-90.200007
 36.196408,-90.20108
 36.196053,-90.201423
 36.195638,-90.201466
 36.194737,-90.201198
 36.192884,-90.201638
 36.192278,-90.200844
 36.191845,-90.20093
 36.191057,-90.201756
 36.190486,-90.203215
 36.189836,-90.204062
 36.188971,-90.204567
 36.188538,-90.204588
 36.188165,-90.204277
 36.187689,-90.204191
 36.186789,-90.204459
 36.186035,-90.207238
 36.186182,-90.208794
 36.185931,-90.209759
 36.185637,-90.210221
 36.185213,-90.210457
 36.184329,-90.210028
 36.183888,-90.210156
 36.183238,-90.211036
 36.183056,-90.211573
 36.183056,-90.213933
 36.183342,-90.214351
 36.18426,-90.214298
 36.184546,-90.214716
 36.18465,-90.215296
 36.184494,-90.215811
 36.183688,-90.216454
 36.183619,-90.216959
 36.184624,-90.218182
 36.18478,-90.218729
 36.184736,-90.219802
 36.184286,-90.220671
 36.183888,-90.220993
 36.182952,-90.221207
 36.181627,-90.221905
 36.178744,-90.22507
 36.178302,-90.225263
 36.176882,-90.225209
 36.175834,-90.226421
 36.174535,-90.227119
 36.174162,-90.227505
 36.173184,-90.22949
 36.171789,-90.229254
 36.171356,-90.229372
 36.170715,-90.230273
 36.169156,-90.230895
 36.168221,-90.230895
 36.167675,-90.230294
 36.167225,-90.230284
 36.1648,-90.231528
 36.164193,-90.23126
 36.163717,-90.231282
 36.163379,-90.231614
 36.162972,-90.232698
 36.162652,-90.233127
 36.160885,-90.234039
 36.159776,-90.235176
 36.158832,-90.235305
 36.15839,-90.235101
 36.156779,-90.233792
 36.156302,-90.232859
 36.155003,-90.233406
 36.154648,-90.233116
 36.154396,-90.232623
 36.154137,-90.231582
 36.153747,-90.231292
 36.150914,-90.232011
 36.148531,-90.231518
 36.146539,-90.231593
 36.146132,-90.231882
 36.145595,-90.232869
 36.145395,-90.233417
 36.145343,-90.234575
 36.145066,-90.235026
 36.144607,-90.23509
 36.143195,-90.234833
 36.141852,-90.235509
 36.140899,-90.235734
 36.139564,-90.235391
 36.139244,-90.235766
 36.139339,-90.236785
 36.138776,-90.237687
 36.138317,-90.240176
 36.137095,-90.241377
 36.136809,-90.241989
 36.136428,-90.244896
 36.136237,-90.245433
 36.13583,-90.245562
 36.134885,-90.245326
 36.133915,-90.245293
 36.133066,-90.245798
 36.132485,-90.24671
 36.132459,-90.24775
 36.131532,-90.247847
 36.130353,-90.248845
 36.129522,-90.249263
 36.1296,-90.250926
 36.128915,-90.251645
 36.128126,-90.25201
 36.127329,-90.253201
 36.127043,-90.255518
 36.12726,-90.257277
 36.12713,-90.257835
 36.127572,-90.25878
 36.127381,-90.260442
 36.127156,-90.260915
 36.126237,-90.261215
 36.123672,-90.263919
 36.121549,-90.265378
 36.120006,-90.266676
 36.119703,-90.267792
 36.119166,-90.268714
 36.118472,-90.272169
 36.118143,-90.272555
 36.117198,-90.272781
 36.116869,-90.273124
 36.116808,-90.273714
 36.117207,-90.275377
 36.117172,-90.275956
 36.117571,-90.276997
 36.117458,-90.278757
 36.116644,-90.28087
 36.116652,-90.281997
 36.116384,-90.283091
 36.115855,-90.284035
 36.115586,-90.286278
 36.115734,-90.288026
 36.114953,-90.289507
 36.114693,-90.290655
 36.114563,-90.292436
 36.114173,-90.293509
 36.113515,-90.294389
 36.112717,-90.295022
 36.111825,-90.294667
 36.111071,-90.293884
 36.11062,-90.293691
 36.110143,-90.293766
 36.109762,-90.294088
 36.109311,-90.296363
 36.108002,-90.297071
 36.107534,-90.298015
 36.107101,-90.298208
 36.10613,-90.298347
 36.105298,-90.297843
 36.102914,-90.297972
 36.101692,-90.299131
 36.099889,-90.30001
 36.09942,-90.300139
 36.098476,-90.299925
 36.098016,-90.300021
 36.097635,-90.300386
 36.096646,-90.303111
 36.095233,-90.305525
 36.094722,-90.30722
 36.094583,-90.30795
 36.09473,-90.311469
 36.094618,-90.312037
 36.092407,-90.314848
 36.0905,-90.316672
 36.090422,-90.317219
 36.090569,-90.317788
 36.090344,-90.318797
 36.089988,-90.319161
 36.0888,-90.320084
 36.086936,-90.320567
 36.08587,-90.31943
 36.084335,-90.318872
 36.083884,-90.319
 36.08313,-90.319741
 36.082688,-90.319945
 36.081248,-90.320191
 36.080789,-90.320095
 36.0798,-90.318797
 36.079393,-90.318528
 36.077459,-90.318518
 36.077026,-90.318346
 36.076002,-90.318282
 36.074684,-90.318968
 36.073332,-90.320674
 36.072881,-90.320846
 36.071484,-90.320481
 36.071138,-90.320857
 36.070955,-90.321404
 36.070981,-90.321972
 36.071614,-90.32356
 36.068571,-90.328013
 36.068484,-90.329955
 36.067729,-90.332154
 36.067599,-90.333248
 36.066671,-90.33371
 36.064347,-90.334386
 36.063532,-90.334954
 36.062595,-90.334707
 36.062136,-90.334826
 36.060661,-90.336274
 36.059724,-90.335974
 36.059334,-90.335641
 36.058302,-90.334407
 36.057886,-90.333463
 36.057044,-90.333366
 36.055657,-90.333881
 36.05537,-90.334311
 36.055058,-90.33607
 36.054798,-90.336553
 36.053601,-90.337561
 36.053132,-90.337701
 36.052178,-90.337561
 36.051311,-90.337926
 36.05014,-90.336939
 36.049429,-90.337583
 36.047312,-90.336982
 36.046844,-90.338602
 36.047208,-90.339653
 36.047095,-90.340769
 36.045161,-90.343376
 36.044736,-90.343591
 36.043877,-90.343258
 36.043408,-90.343409
 36.043061,-90.343763
 36.042975,-90.344932
 36.042784,-90.345469
 36.042046,-90.346187
 36.041743,-90.347904
 36.041396,-90.348301
 36.040034,-90.349041
 36.039097,-90.349299
 36.038212,-90.348966
 36.037743,-90.34902
 36.036806,-90.348741
 36.035861,-90.34887
 36.035036,-90.348344
 36.033796,-90.349224
 36.032946,-90.350597
 36.03167,-90.350897
 36.031158,-90.35123
 36.030976,-90.35153
 36.031089,-90.35241
 36.03095,-90.353601
 36.030664,-90.354052
 36.030213,-90.354223
 36.029744,-90.354116
 36.028911,-90.353537
 36.028338,-90.351949
 36.027913,-90.351681
 36.026967,-90.351423
 36.025093,-90.351841
 36.024234,-90.353247
 36.021969,-90.355232
 36.020191,-90.356176
 36.019253,-90.356476
 36.01842,-90.357077
 36.017874,-90.358053
 36.017769,-90.359738
 36.016633,-90.360854
 36.015383,-90.361776
 36.01481,-90.36286
 36.013882,-90.364126
 36.010992,-90.366272
 36.009317,-90.368428
 36.003563,-90.371915
 36.002304,-90.372838
 36.000664,-90.373696
 35.999162,-90.375209
 35.996627,-90.377001
 35.995733,-90.377827
 35.995811,-90.369523
 35.99569,-90.367785
 35.997877,-90.12704
 35.997652,-90.126064
 35.997843,-90.124283
 35.998138,-90.104113
 35.99904,-90.000429
 35.999127,-89.963962
 35.998876,-89.963007
 35.999266,-89.960657
 35.999136,-89.959477
 35.999526,-89.90815
 35.999526,-89.902142
 35.999388,-89.900168
 35.999596,-89.89357
 35.999752,-89.87606
 35.99957,-89.875031
 35.999787,-89.8734
 36.000742,-89.770317
 36.000855,-89.738216
 36.000785,-89.737691
 36.000533,-89.737358
 36.000646,-89.733024
 35.999084,-89.732412
 35.996862,-89.7312
 35.994344,-89.729161
 35.991758,-89.726436
 35.98641,-89.719709
 35.985629,-89.719033
 35.984683,-89.71884
 35.97475,-89.719956
 35.970878,-89.719645
 35.968794,-89.718969
 35.967891,-89.718518
 35.96539,-89.716684
 35.963419,-89.714913
 35.961647,-89.713004
 35.959823,-89.710214
 35.95153,-89.69514
 35.947665,-89.686868
 35.940412,-89.676472
 35.937832,-89.673736
 35.935808,-89.671129
 35.930144,-89.662213
 35.925731,-89.656066
 35.924436,-89.654714
 35.921604,-89.652375
 35.918041,-89.650465
 35.909317,-89.647247
 35.904312,-89.644897
 35.90253,-89.64583
 35.900158,-89.646474
 35.895195,-89.647225
 35.894743,-89.647429
 35.89071,-89.650851
 35.887798,-89.654027
 35.885877,-89.657493
 35.884304,-89.662009
 35.883304,-89.666011
 35.883313,-89.669616
 35.884382,-89.67365
 35.885678,-89.67688
 35.889737,-89.681557
 35.896768,-89.687984
 35.897038,-89.688456
 35.898298,-89.692758
 35.900922,-89.699206
 35.904642,-89.709785
 35.906189,-89.714731
 35.905016,-89.731146
 35.904703,-89.733528
 35.900766,-89.744976
 35.898854,-89.749814
 35.896933,-89.755683
 35.894474,-89.76064
 35.891162,-89.76579
 35.886173,-89.768965
 35.882965,-89.770414
 35.877967,-89.772356
 35.876072,-89.772881
 35.872681,-89.773418
 35.869925,-89.7736
 35.86703,-89.773149
 35.865161,-89.772474
 35.863465,-89.771326
 35.861796,-89.769673
 35.859961,-89.767377
 35.858127,-89.763858
 35.85284,-89.749074
 35.85184,-89.745812
 35.8483,-89.73135
 35.840882,-89.713486
 35.838925,-89.709324
 35.83722,-89.706405
 35.835924,-89.704614
 35.834158,-89.702929
 35.830984,-89.701427
 35.82954,-89.701159
 35.8272,-89.701148
 35.82446,-89.701674
 35.821745,-89.702983
 35.819466,-89.704549
 35.818457,-89.705837
 35.817726,-89.707081
 35.815917,-89.710547
 35.811836,-89.719355
 35.80933,-89.723529
 35.807616,-89.728453
 35.806224,-89.733571
 35.805711,-89.740931
 35.805789,-89.742733
 35.806946,-89.747347
 35.808147,-89.750383
 35.810357,-89.757657
 35.811192,-89.765264
 35.810862,-89.765457
 35.809887,-89.765457
 35.809487,-89.765618
 35.807642,-89.771926
 35.805615,-89.780306
 35.805093,-89.781733
 35.793067,-89.796023
 35.788707,-89.799199
 35.788263,-89.799199
 35.784582,-89.797611
 35.782684,-89.797086
 35.77989,-89.797322
 35.776652,-89.798641
 35.775321,-89.799381
 35.77432,-89.80068
 35.772283,-89.803984
 35.771578,-89.804789
 35.770733,-89.8054
 35.767138,-89.807246
 35.76544,-89.808437
 35.764126,-89.809552
 35.761244,-89.812782
 35.759782,-89.814788
 35.756621,-89.821558
 35.755663,-89.825313
 35.754923,-89.83277
 35.75495,-89.837426
 35.755733,-89.845623
 35.755498,-89.847136
 35.754566,-89.849281
 35.752538,-89.85265
 35.750535,-89.856759
 35.747784,-89.8634
 35.747,-89.864902
 35.741279,-89.872863
 35.740216,-89.874108
 35.739041,-89.875159
 35.7381,-89.876404
 35.74134,-89.877316
 35.744875,-89.883356
 35.748384,-89.886296
 35.750169,-89.888324
 35.752442,-89.892401
 35.759355,-89.905983
 35.759729,-89.907078
 35.759642,-89.908859
 35.759372,-89.910007
 35.75851,-89.911455
 35.757588,-89.912775
 35.756003,-89.914137
 35.755289,-89.914974
 35.753112,-89.918944
 35.750126,-89.924952
 35.746268,-89.933556
 35.743604,-89.939028
 35.740835,-89.945401
 35.738327,-89.950551
 35.736306,-89.953759
 35.733519,-89.956173
 35.73223,-89.956881
 35.727893,-89.958597
 35.724009,-89.958866
 35.717955,-89.958082
 35.711683,-89.956956
 35.706586,-89.956999
 35.700113,-89.956366
 35.695722,-89.95658
 35.69072,-89.955765
 35.686311,-89.953212
 35.68259,-89.950293
 35.674921,-89.94259
 35.667739,-89.938813
 35.66597,-89.937569
 35.664845,-89.936399
 35.663651,-89.934533
 35.660731,-89.931872
 35.659109,-89.92963
 35.657715,-89.926465
 35.657165,-89.92552
 35.656137,-89.92434
 35.655326,-89.922785
 35.654114,-89.918869
 35.652693,-89.915038
 35.652292,-89.913311
 35.651115,-89.905812
 35.650897,-89.901091
 35.650985,-89.898301
 35.65149,-89.89475
 35.652362,-89.890684
 35.65319,-89.888088
 35.653923,-89.886543
 35.655256,-89.884794
 35.656834,-89.883367
 35.659293,-89.881736
 35.662858,-89.879783
 35.665142,-89.878303
 35.665882,-89.877509
 35.666615,-89.87635
 35.668462,-89.872123
 35.670162,-89.866641
 35.670371,-89.86486
 35.67004,-89.861287
 35.669177,-89.859152
 35.668166,-89.857854
 35.663172,-89.853626
 35.659109,-89.851599
 35.657514,-89.851191
 35.655004,-89.850912
 35.65061,-89.850858
 35.647541,-89.851137
 35.644167,-89.851846
 35.641307,-89.852597
 35.638674,-89.853712
 35.636869,-89.854667
 35.635195,-89.85589
 35.634436,-89.856641
 35.632779,-89.859377
 35.630486,-89.864699
 35.626474,-89.876908
 35.624835,-89.879901
 35.616358,-89.892712
 35.615416,-89.894804
 35.614892,-89.89711
 35.615032,-89.899503
 35.615948,-89.905061
 35.617378,-89.910178
 35.617448,-89.911315
 35.616332,-89.913375
 35.612293,-89.919512
 35.611194,-89.922184
 35.609249,-89.928546
 35.607897,-89.932408
 35.604704,-89.938298
 35.603326,-89.941882
 35.601616,-89.945369
 35.600116,-89.947751
 35.596679,-89.951988
 35.593372,-89.954842
 35.590232,-89.956881
 35.589324,-89.957299
 35.587422,-89.957846
 35.585825,-89.957911
 35.585031,-89.957782
 35.580773,-89.956398
 35.576149,-89.954242
 35.57258,-89.952321
 35.56833,-89.949381
 35.563224,-89.946678
 35.560361,-89.944789
 35.557237,-89.942118
 35.556189,-89.940852
 35.555456,-89.939307
 35.554147,-89.934779
 35.553361,-89.932644
 35.552942,-89.93155
 35.551563,-89.929104
 35.550533,-89.923847
 35.550297,-89.91727
 35.549931,-89.915028
 35.549119,-89.912871
 35.548525,-89.911841
 35.547382,-89.910747
 35.546439,-89.910393
 35.544038,-89.909953
 35.542161,-89.910586
 35.539953,-89.911659
 35.538984,-89.912603
 35.538041,-89.912828
 35.537569,-89.912678
 35.53729,-89.912077
 35.53791,-89.909416
 35.537622,-89.907657
 35.536993,-89.906026
 35.536024,-89.904696
 35.535177,-89.904127
 35.534226,-89.903902
 35.533248,-89.903998
 35.528114,-89.905629
 35.523259,-89.907517
 35.521181,-89.908623
 35.519487,-89.909824
 35.518308,-89.910886
 35.517146,-89.912324
 35.515286,-89.915124
 35.514037,-89.918482
 35.51388,-89.919662
 35.514011,-89.921454
 35.514745,-89.924018
 35.517111,-89.929265
 35.51843,-89.933149
 35.518884,-89.936281
 35.519094,-89.941689
 35.519399,-89.945101
 35.520037,-89.947783
 35.521897,-89.951302
 35.525555,-89.956269
 35.527136,-89.957643
 35.527607,-89.957718
 35.528446,-89.957289
 35.529371,-89.957675
 35.530323,-89.957675
 35.53124,-89.957299
 35.533379,-89.955711
 35.534348,-89.955636
 35.535692,-89.956183
 35.536356,-89.956924
 35.536827,-89.956977
 35.537761,-89.956677
 35.539219,-89.956731
 35.54183,-89.95863
 35.542502,-89.959477
 35.543873,-89.961956
 35.545636,-89.964037
 35.548325,-89.968328
 35.550219,-89.970957
 35.550725,-89.971955
 35.553946,-89.976439
 35.555535,-89.979304
 35.556137,-89.980935
 35.55776,-89.983928
 35.558371,-89.98557
 35.55955,-89.987833
 35.56003,-89.989389
 35.560815,-89.993488
 35.561086,-89.997071
 35.561077,-90.000032
 35.560597,-90.002135
 35.560091,-90.008122
 35.559558,-90.01001
 35.557595,-90.014452
 35.556015,-90.017445
 35.55632,-90.023593
 35.556006,-90.025942
 35.554601,-90.030406
 35.552322,-90.035319
 35.550289,-90.037658
 35.54794,-90.039761
 35.547478,-90.039943
 35.54458,-90.040265
 35.541681,-90.040845
 35.537028,-90.042132
 35.534287,-90.043452
 35.533588,-90.044063
 35.532645,-90.044256
 35.531929,-90.044611
 35.531152,-90.045297
 35.52938,-90.046306
 35.526079,-90.047421
 35.521128,-90.049492
 35.51678,-90.050265
 35.515321,-90.050275
 35.511094,-90.049771
 35.509182,-90.049299
 35.50457,-90.048548
 35.50271,-90.047829
 35.501391,-90.047046
 35.49643,-90.045758
 35.492752,-90.043763
 35.480129,-90.03459
 35.478399,-90.032777
 35.477088,-90.031017
 35.475455,-90.028034
 35.473034,-90.024258
 35.470273,-90.020449
 35.468919,-90.019505
 35.467993,-90.019087
 35.465083,-90.018851
 35.464148,-90.019162
 35.459481,-90.021576
 35.457367,-90.022101
 35.454387,-90.024161
 35.44812,-90.026489
 35.44472,-90.026865
 35.442745,-90.026489
 35.439983,-90.02664
 35.438103,-90.027294
 35.435131,-90.029365
 35.433794,-90.029826
 35.433016,-90.030974
 35.42916,-90.03179
 35.428234,-90.031511
 35.427753,-90.031586
 35.427027,-90.032347
 35.425427,-90.035233
 35.424212,-90.038055
 35.422892,-90.040587
 35.421161,-90.04269
 35.419071,-90.044246
 35.415889,-90.045125
 35.414201,-90.045844
 35.412916,-90.046681
 35.409742,-90.050447
 35.40397,-90.056648
 35.403664,-90.056412
 35.396834,-90.044246
 35.396624,-90.041789
 35.396397,-90.041682
 35.393292,-90.044374
 35.392977,-90.044804
 35.389347,-90.054127
 35.389452,-90.054449
 35.408037,-90.06933
 35.408421,-90.069147
 35.414962,-90.062238
 35.415329,-90.062174
 35.423111,-90.07037
 35.423539,-90.070639
 35.434152,-90.074083
 35.439974,-90.073954
 35.450296,-90.071336
 35.460993,-90.067227
 35.464899,-90.067195
 35.467171,-90.068278
 35.472335,-90.073911
 35.472755,-90.075563
 35.473751,-90.077151
 35.475175,-90.078782
 35.4768,-90.080123
 35.477088,-90.080595
 35.477857,-90.082129
 35.478836,-90.085123
 35.479054,-90.088921
 35.478617,-90.094274
 35.478661,-90.097289
 35.47853,-90.098909
 35.478172,-90.099778
 35.477158,-90.101076
 35.47694,-90.101602
 35.47666,-90.105175
 35.476966,-90.107524
 35.475988,-90.108823
 35.47445,-90.111666
 35.471138,-90.115989
 35.468351,-90.118876
 35.465773,-90.120581
 35.461255,-90.122716
 35.458476,-90.123746
 35.456126,-90.12439
 35.454762,-90.125012
 35.442002,-90.129465
 35.440402,-90.132126
 35.434983,-90.143638
 35.421712,-90.169065
 35.418503,-90.170535
 35.410179,-90.170696
 35.409707,-90.170825
 35.391175,-90.177262
 35.38542,-90.179193
 35.384948,-90.179193
 35.38256,-90.178485
 35.382105,-90.178292
 35.381755,-90.177895
 35.377661,-90.172337
 35.375046,-90.167263
 35.374748,-90.166136
 35.374634,-90.164376
 35.374643,-90.144968
 35.375089,-90.141835
 35.376708,-90.135602
 35.38451,-90.141578
 35.387738,-90.14353
 35.390773,-90.144678
 35.395076,-90.145848
 35.398032,-90.146137
 35.399816,-90.146127
 35.401758,-90.145783
 35.403638,-90.145118
 35.405457,-90.144217
 35.407547,-90.142704
 35.408998,-90.141181
 35.411342,-90.138112
 35.41296,-90.135119
 35.413484,-90.132802
 35.413711,-90.130817
 35.413685,-90.128424
 35.411692,-90.116912
 35.411158,-90.114605
 35.410432,-90.11305
 35.409567,-90.111591
 35.40885,-90.110786
 35.406253,-90.109091
 35.403778,-90.107127
 35.401504,-90.104842
 35.395452,-90.096914
 35.393353,-90.093588
 35.390721,-90.087579
 35.388035,-90.083438
 35.385324,-90.079973
 35.384493,-90.077816
 35.384187,-90.075295
 35.383933,-90.075113
 35.36907,-90.083674
 35.366498,-90.085412
 35.363602,-90.087644
 35.361581,-90.089532
 35.360951,-90.090423
 35.360697,-90.091571
 35.360689,-90.092772
 35.36054,-90.09333
 35.360225,-90.093759
 35.357197,-90.096817
 35.353767,-90.098823
 35.351667,-90.100261
 35.343214,-90.107267
 35.342802,-90.107766
 35.342706,-90.108243
 35.342601,-90.108823
 35.342724,-90.10981
 35.342776,-90.110292
 35.341989,-90.10981
 35.341665,-90.109638
 35.332387,-90.103909
 35.324168,-90.106902
 35.321735,-90.107331
 35.305136,-90.109091
 35.304733,-90.113264
 35.303735,-90.115303
 35.303402,-90.116419
 35.303481,-90.117599
 35.304505,-90.121826
 35.304514,-90.123618
 35.304137,-90.124701
 35.301686,-90.129197
 35.300565,-90.13219
 35.299085,-90.13764
 35.298849,-90.13941
 35.299103,-90.140558
 35.299637,-90.141728
 35.301484,-90.145118
 35.303025,-90.148873
 35.303279,-90.150021
 35.303201,-90.151223
 35.302404,-90.154206
 35.300758,-90.158572
 35.298971,-90.161169
 35.295793,-90.163958
 35.292842,-90.16531
 35.28637,-90.167552
 35.282079,-90.168829
 35.280169,-90.168915
 35.278733,-90.168625
 35.274634,-90.166608
 35.262852,-90.159044
 35.256045,-90.152103
 35.252304,-90.140194
 35.253145,-90.132447
 35.25495,-90.123779
 35.255782,-90.116268
 35.255458,-90.11026
 35.254311,-90.105228
 35.252348,-90.101087
 35.251472,-90.099628
 35.250342,-90.098308
 35.242237,-90.090948
 35.235954,-90.086496
 35.233141,-90.084093
 35.231949,-90.083041
 35.228759,-90.079308
 35.225166,-90.077248
 35.220521,-90.074952
 35.219031,-90.074458
 35.214937,-90.073975
 35.212483,-90.074147
 35.210563,-90.07448
 35.209573,-90.075628
 35.208617,-90.077173
 35.207968,-90.078793
 35.207723,-90.079951
 35.208591,-90.082054
 35.210274,-90.083846
 35.211904,-90.086839
 35.212334,-90.088309
 35.212159,-90.088738
 35.208091,-90.091088
 35.203498,-90.093191
 35.198106,-90.095497
 35.195213,-90.096141
 35.19488,-90.096517
 35.194783,-90.097085
 35.194888,-90.097654
 35.198632,-90.107374
 35.199088,-90.10908
 35.198649,-90.115668
 35.19843,-90.11615
 35.197527,-90.116537
 35.190934,-90.117491
 35.187997,-90.117373
 35.186296,-90.116236
 35.183472,-90.115238
 35.181631,-90.114133
 35.178675,-90.111011
 35.178465,-90.109445
 35.178167,-90.109187
 35.174738,-90.109273
 35.170028,-90.108876
 35.168169,-90.108136
 35.16652,-90.106838
 35.163301,-90.103018
 35.160381,-90.098619
 35.158811,-90.095572
 35.157916,-90.093437
 35.156556,-90.088298
 35.153749,-90.069995
 35.153609,-90.069426
 35.152723,-90.067999
 35.151618,-90.06683
 35.150714,-90.066411
 35.140678,-90.064631
 35.138739,-90.064867
 35.136072,-90.066551
 35.131957,-90.070821
 35.130693,-90.072666
 35.121664,-90.08346
 35.119812,-90.086635
 35.118355,-90.090412
 35.117092,-90.096828
 35.116705,-90.100497
 35.11882,-90.109112
 35.129105,-90.129937
 35.130228,-90.132147
 35.131711,-90.13454
 35.133782,-90.138617
 35.13458,-90.140805
 35.135098,-90.142854
 35.135107,-90.143842
 35.134861,-90.144979
 35.133273,-90.148712
 35.131027,-90.155869
 35.128798,-90.160074
 35.125104,-90.165482
 35.123024,-90.168035
 35.117943,-90.173689
 35.116662,-90.17459
 35.112072,-90.176833
 35.091163,-90.181478
 35.061468,-90.193881
 35.058535,-90.194267
 35.056137,-90.194267
 35.054179,-90.194063
 35.051272,-90.193441
 35.044693,-90.193194
 35.042725,-90.193355
 35.041785,-90.193634
 35.037384,-90.196134
 35.03554,-90.197904
 35.032729,-90.200254
 35.026552,-90.20947
 35.025867,-90.212978
 35.025814,-90.214169
 35.026008,-90.21595
 35.026596,-90.217592
 35.029065,-90.222613
 35.030032,-90.225005
 35.0312,-90.230026
 35.032614,-90.238792
 35.033528,-90.250486
 35.034538,-90.256634
 35.036339,-90.262213
 35.037464,-90.263318
 35.039335,-90.263747
 35.039704,-90.264047
 35.04031,-90.265657
 35.041171,-90.281686
 35.041785,-90.287855
 35.041794,-90.29146
 35.041539,-90.292586
 35.040011,-90.295644
 35.03785,-90.297296
 35.02997,-90.30015
 35.028758,-90.300719
 35.018074,-90.306931
 35.009788,-90.309849
 35.004392,-90.310289
 35.001184,-90.310085
 34.996298,-90.309387
 34.99577,-90.309108
 34.995261,-90.30913
 34.992246,-90.30795
 34.984871,-90.304366
 34.981927,-90.302328
 34.976731,-90.296813
 34.975878,-90.295622
 34.974586,-90.29308
 34.973109,-90.288627
 34.972406,-90.287039
 34.971764,-90.286138
 34.967456,-90.281965
 34.966542,-90.280688
 34.96488,-90.277705
 34.957784,-90.259649
 34.95563,-90.254917
 34.954628,-90.253597
 34.951383,-90.25025
 34.948278,-90.248072
 34.945579,-90.246624
 34.941296,-90.24525
 34.938217,-90.244596
 34.932307,-90.244478
 34.921452,-90.244714
 34.913754,-90.24671
 34.909971,-90.248212
 34.90742,-90.250036
 34.90236,-90.25835
 34.900477,-90.262567
 34.896738,-90.267642
 34.890358,-90.278864
 34.887163,-90.286578
 34.880122,-90.301813
 34.877658,-90.306308
 34.875105,-90.309978
 34.871708,-90.3134
 34.867447,-90.309688
 34.861787,-90.305203
 34.859207,-90.303487
 34.856346,-90.302532
 34.853899,-90.302789
 34.852446,-90.303154
 34.850579,-90.303926
 34.847762,-90.305901
 34.84601,-90.307682
 34.845164,-90.308937
 34.844293,-90.311083
 34.844099,-90.313443
 34.844839,-90.318958
 34.846512,-90.323292
 34.849734,-90.328571
 34.852692,-90.332487
 34.854462,-90.334589
 34.859938,-90.339965
 34.860158,-90.340705
 34.855158,-90.348151
 34.853291,-90.351938
 34.851345,-90.358107
 34.848651,-90.370306
 34.845869,-90.379983
 34.844522,-90.38318
 34.836693,-90.398598
 34.835267,-90.401752
 34.83207,-90.410571
 34.831947,-90.415303
 34.833558,-90.421944
 34.834668,-90.423896
 34.837134,-90.42587
 34.841818,-90.428928
 34.843227,-90.429465
 34.849039,-90.430827
 34.855096,-90.431739
 34.859084,-90.431675
 34.861452,-90.430827
 34.865132,-90.429121
 34.866602,-90.42896
 34.868935,-90.429379
 34.87132,-90.430162
 34.874885,-90.43219
 34.876117,-90.433166
 34.877614,-90.43367
 34.880351,-90.435001
 34.882939,-90.43676
 34.884804,-90.438681
 34.886433,-90.441481
 34.887902,-90.444592
 34.889768,-90.449495
 34.890595,-90.452178
 34.891106,-90.453873
 34.891862,-90.459205
 34.891889,-90.461801
 34.890859,-90.466436
 34.886371,-90.475577
 34.88322,-90.479879
 34.879849,-90.482347
 34.876892,-90.484053
 34.875132,-90.484536
 34.872192,-90.484868
 34.869234,-90.48504
 34.866004,-90.484793
 34.861144,-90.483785
 34.857993,-90.482057
 34.855871,-90.480534
 34.850976,-90.475491
 34.834756,-90.463679
 34.827209,-90.459076
 34.823166,-90.456877
 34.820506,-90.456769
 34.814438,-90.459087
 34.812103,-90.46311
 34.810518,-90.465417
 34.807496,-90.468496
 34.805135,-90.470481
 34.802695,-90.472133
 34.798528,-90.473828
 34.797092,-90.474247
 34.794801,-90.474558
 34.793321,-90.47459
 34.79185,-90.474386
 34.788968,-90.473571
 34.785215,-90.472283
 34.781029,-90.470481
 34.775751,-90.466962
 34.767414,-90.460997
 34.761755,-90.457327
 34.755629,-90.454044
 34.750234,-90.451802
 34.747828,-90.451201
 34.744372,-90.451276
 34.741568,-90.451866
 34.739832,-90.45251
 34.73709,-90.453862
 34.735414,-90.455117
 34.732919,-90.458025
 34.731799,-90.460052
 34.730424,-90.463196
 34.728872,-90.465513
 34.727073,-90.469794
 34.725927,-90.47356
 34.724842,-90.479429
 34.723749,-90.488559
 34.723634,-90.492153
 34.723784,-90.497464
 34.724243,-90.501627
 34.726262,-90.507967
 34.728422,-90.513375
 34.730592,-90.518299
 34.73187,-90.520102
 34.736569,-90.522934
 34.739285,-90.524307
 34.742432,-90.524383
 34.748833,-90.524983
 34.751142,-90.524597
 34.754492,-90.522162
 34.75518,-90.521346
 34.758511,-90.516186
 34.76254,-90.508879
 34.764805,-90.505253
 34.766312,-90.503826
 34.768859,-90.50197
 34.77019,-90.501262
 34.771644,-90.501037
 34.774579,-90.501466
 34.779884,-90.503579
 34.782959,-90.505425
 34.796149,-90.512581
 34.801726,-90.514791
 34.802325,-90.519801
 34.802263,-90.522805
 34.801321,-90.52846
 34.800404,-90.531893
 34.799462,-90.534672
 34.798431,-90.53671
 34.797295,-90.538427
 34.795532,-90.540444
 34.793973,-90.541924
 34.791471,-90.543845
 34.787973,-90.546055
 34.784404,-90.547643
 34.781972,-90.548147
 34.779998,-90.547954
 34.776984,-90.547321
 34.773636,-90.54628
 34.768647,-90.544038
 34.761632,-90.541838
 34.761209,-90.541549
 34.759014,-90.538856
 34.7586,-90.538555
 34.756652,-90.537461
 34.753408,-90.536023
 34.751486,-90.535487
 34.75049,-90.535423
 34.750058,-90.535455
 34.748709,-90.536195
 34.745492,-90.538952
 34.744901,-90.539896
 34.743155,-90.546141
 34.742362,-90.548329
 34.741824,-90.550765
 34.741639,-90.551763
 34.741736,-90.553715
 34.741568,-90.555915
 34.74089,-90.559412
 34.740078,-90.561343
 34.738871,-90.563242
 34.736525,-90.56542
 34.733413,-90.567234
 34.730715,-90.567791
 34.727761,-90.568124
 34.725301,-90.568103
 34.723396,-90.567523
 34.720971,-90.565549
 34.716438,-90.560904
 34.712999,-90.556891
 34.707548,-90.551709
 34.702098,-90.546033
 34.701268,-90.544542
 34.698913,-90.539263
 34.69797,-90.536034
 34.69737,-90.533116
 34.696805,-90.528975
 34.696638,-90.521561
 34.697317,-90.514523
 34.697961,-90.509781
 34.698605,-90.507495
 34.699981,-90.500726
 34.700554,-90.496606
 34.701551,-90.485029
 34.701507,-90.480191
 34.701189,-90.477208
 34.700722,-90.47488
 34.699575,-90.472112
 34.697423,-90.468818
 34.695332,-90.466801
 34.694106,-90.465771
 34.69153,-90.464011
 34.68876,-90.462778
 34.687349,-90.462574
 34.684014,-90.462842
 34.679197,-90.464172
 34.67647,-90.465127
 34.67415,-90.466146
 34.672023,-90.467681
 34.669209,-90.47003
 34.664938,-90.474311
 34.660155,-90.479482
 34.65816,-90.482132
 34.654718,-90.488108
 34.652132,-90.491745
 34.649979,-90.494428
 34.647967,-90.496799
 34.644233,-90.500683
 34.640764,-90.503118
 34.639308,-90.504738
 34.636668,-90.508128
 34.631354,-90.516465
 34.629915,-90.519469
 34.628485,-90.524586
 34.627929,-90.527784
 34.627505,-90.531957
 34.627646,-90.536152
 34.628582,-90.541098
 34.629624,-90.543823
 34.63116,-90.546902
 34.631822,-90.547782
 34.63357,-90.549445
 34.636871,-90.552042
 34.639069,-90.553415
 34.641903,-90.554445
 34.646016,-90.555078
 34.647993,-90.554938
 34.655283,-90.553898
 34.659616,-90.552664
 34.66357,-90.549992
 34.665908,-90.546902
 34.669553,-90.541248
 34.670876,-90.539478
 34.672765,-90.538266
 34.674609,-90.537826
 34.67805,-90.537879
 34.681314,-90.538437
 34.68322,-90.53906
 34.684578,-90.539778
 34.686749,-90.541195
 34.688884,-90.542868
 34.690004,-90.544049
 34.692677,-90.547589
 34.69542,-90.549831
 34.697096,-90.552428
 34.697855,-90.555282
 34.697811,-90.557063
 34.696726,-90.561279
 34.696117,-90.562803
 34.693533,-90.567148
 34.686458,-90.573113
 34.684878,-90.576138
 34.683758,-90.57881
 34.680185,-90.582018
 34.674926,-90.585451
 34.672491,-90.58749
 34.6707,-90.588434
 34.668441,-90.588455
 34.665114,-90.587307
 34.656042,-90.586921
 34.652106,-90.586385
 34.647181,-90.585065
 34.64358,-90.583123
 34.6426,-90.583037
 34.641559,-90.583166
 34.629889,-90.587468
 34.626984,-90.588187
 34.624124,-90.588144
 34.615904,-90.587243
 34.60431,-90.581728
 34.596874,-90.575784
 34.587441,-90.570098
 34.586249,-90.569036
 34.582645,-90.564916
 34.580021,-90.561311
 34.57708,-90.557835
 34.572901,-90.553597
 34.568104,-90.549231
 34.563448,-90.546033
 34.560647,-90.544639
 34.551264,-90.541109
 34.549302,-90.540819
 34.547826,-90.540776
 34.544919,-90.541474
 34.540341,-90.543673
 34.537495,-90.546055
 34.534729,-90.549585
 34.531079,-90.555174
 34.527083,-90.564669
 34.524856,-90.569358
 34.51949,-90.574883
 34.51622,-90.578563
 34.51469,-90.579979
 34.512904,-90.581009
 34.511499,-90.581578
 34.509059,-90.582029
 34.50737,-90.582533
 34.508254,-90.582243
 34.503993,-90.583584
 34.503091,-90.584078
 34.500261,-90.586449
 34.491242,-90.588895
 34.487148,-90.589668
 34.485185,-90.589871
 34.480232,-90.589657
 34.47068,-90.588359
 34.463922,-90.586524
 34.46202,-90.585859
 34.460632,-90.585065
 34.458588,-90.583402
 34.455218,-90.57866
 34.453829,-90.576192
 34.451944,-90.574046
 34.45113,-90.573381
 34.442106,-90.56806
 34.44023,-90.567287
 34.437788,-90.566751
 34.435443,-90.56585
 34.432532,-90.565989
 34.429107,-90.566665
 34.424647,-90.568489
 34.419921,-90.571471
 34.41492,-90.575591
 34.413053,-90.577555
 34.410627,-90.58058
 34.399934,-90.597939
 34.390789,-90.61384
 34.388717,-90.618678
 34.387991,-90.62341
 34.387248,-90.631156
 34.386274,-90.63519
 34.385123,-90.638452
 34.383759,-90.641659
 34.375799,-90.658332
 34.375462,-90.658321
 34.371761,-90.655425
 34.356262,-90.666475
 34.355828,-90.666733
 34.355341,-90.666786
 34.348795,-90.666851
 34.348308,-90.666744
 34.335667,-90.660381
 34.329881,-90.658675
 34.328083,-90.657699
 34.327144,-90.657367
 34.323316,-90.657345
 34.321881,-90.657688
 34.315518,-90.661325
 34.31465,-90.66345
 34.313073,-90.669136
 34.313028,-90.677408
 34.313188,-90.678577
 34.315802,-90.686002
 34.318735,-90.690132
 34.322483,-90.69304
 34.329642,-90.693662
 34.338413,-90.691602
 34.352941,-90.681603
 34.355483,-90.680541
 34.369308,-90.676239
 34.371043,-90.676292
 34.371345,-90.676668
 34.371061,-90.67891
 34.368573,-90.690615
 34.36581,-90.700378
 34.363844,-90.71189
 34.363463,-90.721074
 34.363711,-90.725269
 34.36426,-90.729346
 34.367244,-90.741867
 34.367908,-90.750096
 34.367661,-90.75369
 34.367103,-90.756598
 34.366279,-90.758818
 34.364809,-90.761951
 34.363259,-90.764301
 34.362232,-90.765599
 34.360195,-90.767058
 34.356306,-90.768013
 34.353844,-90.768389
 34.352188,-90.76841
 34.346767,-90.767691
 34.345349,-90.767133
 34.342612,-90.764902
 34.335623,-90.755707
 34.333204,-90.752918
 34.332123,-90.750225
 34.33106,-90.74898
 34.326913,-90.745944
 34.325044,-90.744807
 34.319913,-90.742564
 34.313445,-90.740633
 34.306816,-90.740869
 34.30585,-90.741148
 34.304024,-90.742071
 34.300905,-90.743916
 34.297448,-90.746362
 34.288859,-90.753089
 34.287033,-90.755063
 34.286058,-90.756415
 34.282592,-90.761683
 34.280579,-90.765105
 34.280145,-90.766801
 34.27995,-90.769451
 34.279959,-90.772455
 34.281732,-90.792035
 34.282379,-90.797389
 34.282574,-90.800983
 34.282494,-90.802571
 34.281829,-90.805446
 34.281244,-90.807109
 34.280278,-90.809201
 34.279852,-90.80977
 34.27878,-90.816979
 34.277609,-90.821561
 34.276945,-90.823181
 34.276022,-90.824822
 34.273806,-90.828041
 34.272733,-90.829307
 34.271545,-90.83038
 34.269799,-90.831496
 34.26744,-90.832429
 34.256409,-90.835186
 34.249794,-90.837042
 34.243213,-90.838577
 34.236348,-90.839939
 34.234184,-90.840175
 34.23021,-90.840132
 34.226272,-90.839521
 34.222856,-90.840068
 34.217125,-90.842053
 34.21127,-90.844692
 34.208759,-90.846087
 34.206816,-90.847589
 34.206629,-90.847964
 34.211021,-90.855517
 34.21166,-90.856977
 34.211696,-90.860957
 34.212139,-90.866944
 34.214011,-90.874636
 34.215387,-90.87896
 34.217072,-90.882339
 34.224302,-90.894377
 34.227185,-90.898218
 34.229714,-90.900117
 34.232747,-90.901501
 34.238894,-90.903379
 34.240757,-90.904183
 34.243728,-90.906104
 34.24465,-90.907477
 34.245031,-90.908582
 34.24598,-90.912852
 34.246433,-90.917026
 34.246548,-90.922433
 34.246415,-90.923474
 34.245475,-90.926263
 34.244712,-90.928473
 34.244162,-90.929461
 34.240313,-90.933419
 34.236739,-90.936348
 34.235355,-90.937003
 34.234193,-90.937142
 34.228729,-90.937175
 34.226263,-90.936842
 34.219334,-90.935297
 34.216691,-90.933913
 34.214606,-90.932497
 34.212964,-90.931156
 34.198111,-90.91723
 34.196709,-90.915781
 34.195378,-90.914
 34.193887,-90.911758
 34.192609,-90.909323
 34.187506,-90.897843
 34.185864,-90.894828
 34.184844,-90.892081
 34.183388,-90.889699
 34.182074,-90.887951
 34.184347,-90.882726
 34.185545,-90.878048
 34.185571,-90.877479
 34.183202,-90.873681
 34.182953,-90.8719
 34.182971,-90.870098
 34.183956,-90.86439
 34.185261,-90.861847
 34.186264,-90.859101
 34.186867,-90.855174
 34.18669,-90.850979
 34.186113,-90.847439
 34.184915,-90.843608
 34.183832,-90.838362
 34.183841,-90.83656
 34.184631,-90.830369
 34.184755,-90.827976
 34.184125,-90.822097
 34.183495,-90.818578
 34.182909,-90.816282
 34.182234,-90.814673
 34.180708,-90.812302
 34.178391,-90.810027
 34.175648,-90.808622
 34.170873,-90.807549
 34.16758,-90.807173
 34.165591,-90.80712
 34.163611,-90.80727
 34.161587,-90.807774
 34.15927,-90.808825
 34.156163,-90.810724
 34.153233,-90.81287
 34.149788,-90.815971
 34.146485,-90.819608
 34.144079,-90.822548
 34.141877,-90.825981
 34.139888,-90.830144
 34.137925,-90.835991
 34.137197,-90.841924
 34.136931,-90.847696
 34.137685,-90.85423
 34.139248,-90.860646
 34.140784,-90.865055
 34.142258,-90.868059
 34.144008,-90.870506
 34.147133,-90.874357
 34.149291,-90.879174
 34.151564,-90.883123
 34.153792,-90.885966
 34.160913,-90.894356
 34.161179,-90.89486
 34.161463,-90.89662
 34.162493,-90.898229
 34.163203,-90.900418
 34.164144,-90.901372
 34.164357,-90.901909
 34.164339,-90.903679
 34.165422,-90.910106
 34.159883,-90.919676
 34.148856,-90.937893
 34.139168,-90.953311
 34.13812,-90.954566
 34.132544,-90.958278
 34.130217,-90.959308
 34.128734,-90.959233
 34.124861,-90.958375
 34.122055,-90.957173
 34.118555,-90.954909
 34.111263,-90.948483
 34.109459,-90.946434
 34.107168,-90.943172
 34.101455,-90.932432
 34.098133,-90.927658
 34.094152,-90.921543
 34.093033,-90.918227
 34.092784,-90.914043
 34.093424,-90.910116
 34.093886,-90.905353
 34.094419,-90.902413
 34.094801,-90.90075
 34.095769,-90.8981
 34.097653,-90.893873
 34.097937,-90.892113
 34.097999,-90.890912
 34.097777,-90.887876
 34.097404,-90.885515
 34.096613,-90.882672
 34.094455,-90.878745
 34.092811,-90.876557
 34.088502,-90.873692
 34.086538,-90.871857
 34.085632,-90.871353
 34.084236,-90.870742
 34.08325,-90.870559
 34.080771,-90.870527
 34.076248,-90.872018
 34.07224,-90.874422
 34.06369,-90.882264
 34.061397,-90.884013
 34.060473,-90.884432
 34.059628,-90.885075
 34.058793,-90.88573
 34.058562,-90.886191
 34.055433,-90.8878
 34.052313,-90.888637
 34.048828,-90.88897
 34.046348,-90.889034
 34.042676,-90.888219
 34.039769,-90.887382
 34.037796,-90.887071
 34.034808,-90.887007
 34.033306,-90.887125
 34.032363,-90.887489
 34.030105,-90.888766
 34.028584,-90.890064
 34.026948,-90.892296
 34.026139,-90.893809
 34.024565,-90.89707
 34.023703,-90.899881
 34.023107,-90.903121
 34.022013,-90.911951
 34.021906,-90.914794
 34.023178,-90.921832
 34.023151,-90.923485
 34.019283,-90.934922
 34.018065,-90.942593
 34.017851,-90.950317
 34.018403,-90.953236
 34.02027,-90.958632
 34.021613,-90.970777
 34.021346,-90.976775
 34.020519,-90.982386
 34.01915,-90.987525
 34.018901,-90.987879
 34.00034,-90.980026
 33.998872,-90.980047
 33.997903,-90.979897
 33.997556,-90.979671
 33.996213,-90.976979
 33.994309,-90.974211
 33.992886,-90.972548
 33.991987,-90.971099
 33.986712,-90.966711
 33.983029,-90.963825
 33.982113,-90.963342
 33.981464,-90.962473
 33.980138,-90.961658
 33.978403,-90.96125
 33.975921,-90.961261
 33.970262,-90.962688
 33.967895,-90.963632
 33.965688,-90.965037
 33.963188,-90.967902
 33.9618,-90.971078
 33.960732,-90.974972
 33.960429,-90.978266
 33.960234,-90.983663
 33.960839,-90.987804
 33.96196,-90.992149
 33.963108,-90.99481
 33.965341,-90.99878
 33.966489,-91.000088
 33.968616,-91.001623
 33.970734,-91.002889
 33.971525,-91.003178
 33.973519,-91.003425
 33.974969,-91.003801
 33.985752,-91.009519
 33.994594,-91.013671
 33.999219,-91.016375
 34.003088,-91.018939
 33.995234,-91.03382
 33.993624,-91.035236
 33.989426,-91.039474
 33.98681,-91.042811
 33.985823,-91.045396
 33.98504,-91.048862
 33.984826,-91.052467
 33.985049,-91.058046
 33.985004,-91.064054
 33.98447,-91.071124
 33.983625,-91.075201
 33.982184,-91.079063
 33.979711,-91.083344
 33.977647,-91.085823
 33.975609,-91.0877
 33.974862,-91.08814
 33.972513,-91.089149
 33.969301,-91.089792
 33.967317,-91.08991
 33.963357,-91.089374
 33.959851,-91.088011
 33.957964,-91.086423
 33.956274,-91.084224
 33.955099,-91.081585
 33.954004,-91.078237
 33.95218,-91.068377
 33.94951,-91.057434
 33.947445,-91.046898
 33.946297,-91.043165
 33.94376,-91.035976
 33.939542,-91.025194
 33.937094,-91.020055
 33.934005,-91.015238
 33.932305,-91.013038
 33.929839,-91.010689
 33.9291,-91.010216
 33.92813,-91.009959
 33.927133,-91.010023
 33.925797,-91.010635
 33.924462,-91.011794
 33.919227,-91.01734
 33.912256,-91.022619
 33.907831,-91.026535
 33.898614,-91.036577
 33.889201,-91.048315
 33.88122,-91.057273
 33.877488,-91.061254
 33.866799,-91.070791
 33.865017,-91.071843
 33.862139,-91.07283
 33.859413,-91.073023
 33.855939,-91.072809
 33.849497,-91.071156
 33.848124,-91.070427
 33.840247,-91.067348
 33.836424,-91.064311
 33.833831,-91.061758
 33.831389,-91.058904
 33.828991,-91.056747
 33.824161,-91.052821
 33.818777,-91.049688
 33.815069,-91.046469
 33.814427,-91.045547
 33.81301,-91.042746
 33.810719,-91.037425
 33.810452,-91.036277
 33.805878,-91.024947
 33.804443,-91.020044
 33.802633,-91.007963
 33.800984,-91.003597
 33.799486,-91.000475
 33.79896,-90.999573
 33.792657,-90.991849
 33.788145,-90.98937
 33.784364,-90.988512
 33.780396,-90.989531
 33.776615,-90.991366
 33.773725,-90.993748
 33.769275,-90.99996
 33.765734,-91.00924
 33.764762,-91.01248
 33.763861,-91.017169
 33.763023,-91.023456
 33.763727,-91.026943
 33.778612,-91.053722
 33.777899,-91.058067
 33.777613,-91.06105
 33.77682,-91.081907
 33.776418,-91.085469
 33.775759,-91.089149
 33.770702,-91.107044
 33.770827,-91.107527
 33.77459,-91.11154
 33.777266,-91.115102
 33.7788,-91.117473
 33.781912,-91.123116
 33.783508,-91.12877
 33.783579,-91.129972
 33.783258,-91.132632
 33.782286,-91.134714
 33.780699,-91.136162
 33.779745,-91.137536
 33.777292,-91.139724
 33.773805,-91.142009
 33.770755,-91.143436
 33.768856,-91.144552
 33.76742,-91.145056
 33.765939,-91.145164
 33.763986,-91.144788
 33.762773,-91.143812
 33.76189,-91.143383
 33.76065,-91.14114
 33.759731,-91.140776
 33.757261,-91.141183
 33.755824,-91.141634
 33.752881,-91.143715
 33.7509,-91.144842
 33.749072,-91.144316
 33.747769,-91.143447
 33.746797,-91.143318
 33.737322,-91.146376
 33.734833,-91.146666
 33.730809,-91.146387
 33.727945,-91.145378
 33.726606,-91.144574
 33.72376,-91.142074
 33.714131,-91.132214
 33.708901,-91.125691
 33.706009,-91.119297
 33.705259,-91.117247
 33.705009,-91.109147
 33.704688,-91.10742
 33.704742,-91.105016
 33.705045,-91.100821
 33.705795,-91.096165
 33.707803,-91.08844
 33.714291,-91.075598
 33.714943,-91.072111
 33.716433,-91.068463
 33.716281,-91.066082
 33.715755,-91.063099
 33.715505,-91.06194
 33.714568,-91.059376
 33.712667,-91.055846
 33.709624,-91.051244
 33.707348,-91.048057
 33.705947,-91.046491
 33.699806,-91.041191
 33.696637,-91.039066
 33.692959,-91.037178
 33.68913,-91.036009
 33.688701,-91.033101
 33.688246,-91.031449
 33.68771,-91.030387
 33.68688,-91.030183
 33.681881,-91.030312
 33.679925,-91.030816
 33.677372,-91.031814
 33.674015,-91.033702
 33.672122,-91.035644
 33.67122,-91.037081
 33.66947,-91.041813
 33.668363,-91.045965
 33.668024,-91.050739
 33.666425,-91.059043
 33.662434,-91.067755
 33.65821,-91.078924
 33.657335,-91.084224
 33.65729,-91.086026
 33.657567,-91.090275
 33.658013,-91.092614
 33.66063,-91.101154
 33.663684,-91.107355
 33.666613,-91.11272
 33.672336,-91.126442
 33.674845,-91.130916
 33.676444,-91.133008
 33.677604,-91.134145
 33.689567,-91.144166
 33.696949,-91.150936
 33.705884,-91.15954
 33.706937,-91.160667
 33.70716,-91.161182
 33.706884,-91.162298
 33.705161,-91.165817
 33.704251,-91.169239
 33.703581,-91.172758
 33.70309,-91.175934
 33.701877,-91.189882
 33.701689,-91.198218
 33.701475,-91.201211
 33.700814,-91.205342
 33.700145,-91.207606
 33.69886,-91.210738
 33.697307,-91.213818
 33.693147,-91.220223
 33.688442,-91.224664
 33.68613,-91.226231
 33.682925,-91.227905
 33.677524,-91.228988
 33.674024,-91.228806
 33.671104,-91.228087
 33.668845,-91.226649
 33.664854,-91.223044
 33.66297,-91.22107
 33.66155,-91.219096
 33.66021,-91.21621
 33.658371,-91.210631
 33.657781,-91.20796
 33.656549,-91.199688
 33.655147,-91.192135
 33.653521,-91.18515
 33.6527,-91.182318
 33.649735,-91.175076
 33.647645,-91.170977
 33.643456,-91.164465
 33.632746,-91.150088
 33.627065,-91.140969
 33.625671,-91.139241
 33.623697,-91.137718
 33.621409,-91.135626
 33.619649,-91.134478
 33.611295,-91.131034
 33.605997,-91.130422
 33.601913,-91.130937
 33.598964,-91.131763
 33.597052,-91.132439
 33.594308,-91.13422
 33.592467,-91.136237
 33.590519,-91.138995
 33.587132,-91.144284
 33.582761,-91.152095
 33.581885,-91.154605
 33.581653,-91.155775
 33.581376,-91.157545
 33.581349,-91.159948
 33.58294,-91.175816
 33.5826,-91.178176
 33.581304,-91.181417
 33.576075,-91.189238
 33.574538,-91.192328
 33.572106,-91.198196
 33.57073,-91.203336
 33.568736,-91.218485
 33.568164,-91.221435
 33.567297,-91.224246
 33.565929,-91.226757
 33.564588,-91.228538
 33.562934,-91.229889
 33.561396,-91.230898
 33.55959,-91.231821
 33.557266,-91.232529
 33.554762,-91.232572
 33.552778,-91.232271
 33.549577,-91.23107
 33.547046,-91.229836
 33.541359,-91.226424
 33.537657,-91.22371
 33.532407,-91.219321
 33.529715,-91.21606
 33.525431,-91.210181
 33.518365,-91.199173
 33.510672,-91.187553
 33.509778,-91.186459
 33.508767,-91.185375
 33.505099,-91.183466
 33.500626,-91.182597
 33.499132,-91.182801
 33.498246,-91.183316
 33.496331,-91.185858
 33.491339,-91.190912
 33.490408,-91.193014
 33.48929,-91.194205
 33.488413,-91.195643
 33.482865,-91.199752
 33.473719,-91.205556
 33.471294,-91.206232
 33.470381,-91.206715
 33.468627,-91.208528
 33.464662,-91.215835
 33.46315,-91.219912
 33.462988,-91.222851
 33.461458,-91.225222
 33.458791,-91.228656
 33.457358,-91.231306
 33.457,-91.231713
 33.456544,-91.231971
 33.454091,-91.232529
 33.452095,-91.232572
 33.450618,-91.232389
 33.448282,-91.232883
 33.444289,-91.233376
 33.443322,-91.233666
 33.442427,-91.234224
 33.440941,-91.235801
 33.440439,-91.235908
 33.439508,-91.235651
 33.439096,-91.235329
 33.438864,-91.234803
 33.437503,-91.230286
 33.434683,-91.217251
 33.433796,-91.210127
 33.433868,-91.20664
 33.434414,-91.20311
 33.43633,-91.194806
 33.43847,-91.187425
 33.440896,-91.181588
 33.442042,-91.179614
 33.443644,-91.177318
 33.444853,-91.176224
 33.449204,-91.172941
 33.450699,-91.171342
 33.451639,-91.169937
 33.452015,-91.169561
 33.452489,-91.169389
 33.453474,-91.16954
 33.455121,-91.170859
 33.455586,-91.171042
 33.459149,-91.171138
 33.462595,-91.171889
 33.468511,-91.1744
 33.471983,-91.175687
 33.478104,-91.176878
 33.481594,-91.177307
 33.484601,-91.177372
 33.486534,-91.177093
 33.488458,-91.176535
 33.490337,-91.175709
 33.496421,-91.172469
 33.497468,-91.171203
 33.498273,-91.167748
 33.498273,-91.165956
 33.497593,-91.16424
 33.49294,-91.157341
 33.481442,-91.13687
 33.474489,-91.127096
 33.473084,-91.125391
 33.472681,-91.125036
 33.460267,-91.119683
 33.453626,-91.117998
 33.449043,-91.118535
 33.44616,-91.119597
 33.443886,-91.120917
 33.443071,-91.121603
 33.437333,-91.127644
 33.436124,-91.128706
 33.433017,-91.130669
 33.431898,-91.130562
 33.430627,-91.131699
 33.430161,-91.131871
 33.429857,-91.132311
 33.427385,-91.137525
 33.427054,-91.138662
 33.427036,-91.139842
 33.427609,-91.142814
 33.427672,-91.145185
 33.427197,-91.147524
 33.426105,-91.150882
 33.425505,-91.15379
 33.424117,-91.156987
 33.422057,-91.16365
 33.419487,-91.170473
 33.417437,-91.174604
 33.417087,-91.175677
 33.417132,-91.179163
 33.419192,-91.183262
 33.41955,-91.184367
 33.41921,-91.186706
 33.418305,-91.189442
 33.417777,-91.191759
 33.417813,-91.194141
 33.418099,-91.195289
 33.418278,-91.197081
 33.418305,-91.199323
 33.41818,-91.199892
 33.416881,-91.202466
 33.414249,-91.205235
 33.409036,-91.208528
 33.407272,-91.209097
 33.404773,-91.209258
 33.403528,-91.208968
 33.401952,-91.208045
 33.400349,-91.206597
 33.398933,-91.204902
 33.395198,-91.198518
 33.389573,-91.190997
 33.383114,-91.177522
 33.381223,-91.172512
 33.380095,-91.168531
 33.379718,-91.166182
 33.379727,-91.163553
 33.378706,-91.151236
 33.378894,-91.147631
 33.37962,-91.143522
 33.380605,-91.140583
 33.382603,-91.13642
 33.384708,-91.130219
 33.387512,-91.123663
 33.388766,-91.120337
 33.393138,-91.11375
 33.399614,-91.106615
 33.410827,-91.097066
 33.413451,-91.096262
 33.418905,-91.09491
 33.423347,-91.094942
 33.425827,-91.095361
 33.431871,-91.097474
 33.433545,-91.097528
 33.437503,-91.096734
 33.443045,-91.093987
 33.446446,-91.091444
 33.451513,-91.086531
 33.454055,-91.082067
 33.45564,-91.077679
 33.455801,-91.07474
 33.455058,-91.067594
 33.453733,-91.064665
 33.450466,-91.060127
 33.449633,-91.059548
 33.445462,-91.057681
 33.428961,-91.058142
 33.428487,-91.058271
 33.421314,-91.062251
 33.413738,-91.068399
 33.405821,-91.075491
 33.402641,-91.080136
 33.398002,-91.0877
 33.394392,-91.09285
 33.391319,-91.09682
 33.386939,-91.101733
 33.382621,-91.1058
 33.378643,-91.108353
 33.375239,-91.11081
 33.371789,-91.114297
 33.365822,-91.118588
 33.363528,-91.120777
 33.360096,-91.125133
 33.351555,-91.140003
 33.350148,-91.141709
 33.349127,-91.142192
 33.342064,-91.141248
 33.336588,-91.14098
 33.334114,-91.14143
 33.332706,-91.142052
 33.330483,-91.143361
 33.329157,-91.14364
 33.328153,-91.143662
 33.324674,-91.143136
 33.322146,-91.142535
 33.319959,-91.142406
 33.31501,-91.14143
 33.31302,-91.141666
 33.309864,-91.141301
 33.302905,-91.141409
 33.300529,-91.141677
 33.299032,-91.141484
 33.298117,-91.141022
 33.295956,-91.13951
 33.293651,-91.13731
 33.292279,-91.135594
 33.290163,-91.133963
 33.289041,-91.132815
 33.285194,-91.130948
 33.280279,-91.125627
 33.277794,-91.125358
 33.274494,-91.125584
 33.272565,-91.126227
 33.269354,-91.127944
 33.268878,-91.128116
 33.268421,-91.127987
 33.263738,-91.120412
 33.262769,-91.119039
 33.261639,-91.11787
 33.260769,-91.11728
 33.257862,-91.116357
 33.252308,-91.114018
 33.246404,-91.110831
 33.24557,-91.110177
 33.241721,-91.106014
 33.238131,-91.099931
 33.238167,-91.09933
 33.238957,-91.098483
 33.241676,-91.096927
 33.244098,-91.096101
 33.248172,-91.09506
 33.250648,-91.094652
 33.251976,-91.093794
 33.254883,-91.091477
 33.256722,-91.0905
 33.273202,-91.086241
 33.275893,-91.085211
 33.277615,-91.084331
 33.279741,-91.082733
 33.281983,-91.080329
 33.283571,-91.078001
 33.284692,-91.075684
 33.285903,-91.072497
 33.28714,-91.067294
 33.287122,-91.060975
 33.286871,-91.058593
 33.286181,-91.055084
 33.285616,-91.053003
 33.284961,-91.051394
 33.284172,-91.05002
 33.282844,-91.048229
 33.280853,-91.046405
 33.279104,-91.045203
 33.277714,-91.044517
 33.275785,-91.043873
 33.274574,-91.043637
 33.272072,-91.043658
 33.269524,-91.044055
 33.26546,-91.045182
 33.259809,-91.047714
 33.25116,-91.050439
 33.248235,-91.052456
 33.246063,-91.054183
 33.243049,-91.057155
 33.237548,-91.063828
 33.235206,-91.064891
 33.233258,-91.065449
 33.232989,-91.066071
 33.232989,-91.068474
 33.23237,-91.069365
 33.230566,-91.070362
 33.229857,-91.071092
 33.228358,-91.071081
 33.227506,-91.070577
 33.227201,-91.070974
 33.226842,-91.073935
 33.226967,-91.075126
 33.227416,-91.076875
 33.227344,-91.078012
 33.227111,-91.078538
 33.226348,-91.079246
 33.224356,-91.079171
 33.223404,-91.079482
 33.222525,-91.08093
 33.221627,-91.083044
 33.221636,-91.086048
 33.220873,-91.091305
 33.220658,-91.091681
 33.210138,-91.089889
 33.198055,-91.086874
 33.19089,-91.085597
 33.180735,-91.084374
 33.171531,-91.084535
 33.164319,-91.085029
 33.161813,-91.084889
 33.159299,-91.08505
 33.146544,-91.087303
 33.144765,-91.087743
 33.141881,-91.088784
 33.139564,-91.089942
 33.138378,-91.091048
 33.13685,-91.093043
 33.13155,-91.104534
 33.130454,-91.110048
 33.129843,-91.114179
 33.129357,-91.122794
 33.129384,-91.124597
 33.129061,-91.126957
 33.129106,-91.131967
 33.12978,-91.143297
 33.130759,-91.150389
 33.131747,-91.151741
 33.13217,-91.152052
 33.133095,-91.152459
 33.134092,-91.152406
 33.134973,-91.15291
 33.136662,-91.155185
 33.141109,-91.160195
 33.141944,-91.162362
 33.142465,-91.166117
 33.142618,-91.169711
 33.14172,-91.183358
 33.140309,-91.187639
 33.139824,-91.188691
 33.138414,-91.19118
 33.136922,-91.192961
 33.134649,-91.195332
 33.129061,-91.199269
 33.125359,-91.20163
 33.12447,-91.201576
 33.123508,-91.201919
 33.121504,-91.202091
 33.115834,-91.201565
 33.110182,-91.201501
 33.108277,-91.201125
 33.106992,-91.200192
 33.10665,-91.199774
 33.105994,-91.198851
 33.104592,-91.196018
 33.100718,-91.186717
 33.098903,-91.181663
 33.098256,-91.180751
 33.096189,-91.179035
 33.09209,-91.175108
 33.091191,-91.174453
 33.089348,-91.173509
 33.08773,-91.171246
 33.086265,-91.166149
 33.085564,-91.16056
 33.082193,-91.151086
 33.081429,-91.149552
 33.074956,-91.140679
 33.073437,-91.138287
 33.070793,-91.13348
 33.066586,-91.128534
 33.063771,-91.124393
 33.060822,-91.12215
 33.059006,-91.121153
 33.056056,-91.120327
 33.055058,-91.120348
 33.054087,-91.12067
 33.053017,-91.121689
 33.051713,-91.12259
 33.049807,-91.123384
 33.048826,-91.123577
 33.04683,-91.123416
 33.045184,-91.123878
 33.043781,-91.124543
 33.042072,-91.125798
 33.041128,-91.126184
 33.040633,-91.126217
 33.03932,-91.125391
 33.038844,-91.125455
 33.037431,-91.126077
 33.036217,-91.126914
 33.033465,-91.129264
 33.028662,-91.137643
 33.027276,-91.14217
 33.02635,-91.149498
 33.02617,-91.150056
 33.02492,-91.152663
 33.023489,-91.1563
 33.019873,-91.162062
 33.019504,-91.162469
 33.017534,-91.16366
 33.011489,-91.166214
 33.010022,-91.166621
 33.007233,-91.166793
 33.006234,-91.166632
 33.005281,-91.166267
 33.004102,-91.166149
 33.004642,-91.22283
 33.005092,-91.25021
 33.005038,-91.27597
 33.005272,-91.2876
 33.00546,-91.28937
 33.005335,-91.290561
 33.00546,-91.312523
 33.005748,-91.332114
 33.005622,-91.338712
 33.005757,-91.340675
 33.005955,-91.362659
 33.005856,-91.367455
 33.006027,-91.386434
 33.006099,-91.436977
 33.005847,-91.452953
 33.005919,-91.462137
 33.006189,-91.471138
 33.00618,-91.488916
 33.006783,-91.500492
 33.006909,-91.572021
 33.006495,-91.57921
 33.006585,-91.582997
 33.006315,-91.587192
 33.006639,-91.601171
 33.006657,-91.631126
 33.006999,-91.680479
 33.007413,-91.690264
 33.007314,-91.720819
 33.007557,-91.73481
 33.007233,-91.751386
 33.007017,-91.75498
 33.007719,-91.874628
 33.007521,-91.897212
 33.007701,-91.908789
 33.007575,-91.922961
 33.007701,-91.931963
 33.00744,-91.952144
 33.007683,-91.96312
 33.00771,-91.993675
 33.007917,-92.001657
 33.007782,-92.040625
 33.008169,-92.063799
 33.008439,-92.126112
 33.00914,-92.196032
 33.009077,-92.222586
 33.0095,-92.25857
 33.00986,-92.263538
 33.00995,-92.270147
 33.009815,-92.271938
 33.01022,-92.289716
 33.010121,-92.292119
 33.010292,-92.297688
 33.010526,-92.325668
 33.010355,-92.335464
 33.010724,-92.361041
 33.01067,-92.367822
 33.01094,-92.378197
 33.011102,-92.403774
 33.012181,-92.478876
 33.012163,-92.503853
 33.012469,-92.511835
 33.012721,-92.558184
 33.013423,-92.605305
 33.013405,-92.626687
 33.013819,-92.64307
 33.014493,-92.703592
 33.014304,-92.711391
 33.01434,-92.738965
 33.014664,-92.743149
 33.014826,-92.796278
 33.014988,-92.805473
 33.015294,-92.810869
 33.015798,-92.839633
 33.016059,-92.84444
 33.015843,-92.848817
 33.016122,-92.854214
 33.016122,-92.877388
 33.016428,-92.897569
 33.016284,-92.901345
 33.016608,-92.91172
 33.016787,-92.94469
 33.017633,-93.000222
 33.017273,-93.017807
 33.017561,-93.028193
 33.017903,-93.072942
 33.017705,-93.097115
 33.017912,-93.114281
 33.017759,-93.133249
 33.017768,-93.17462
 33.017939,-93.198566
 33.018389,-93.215561
 33.017849,-93.247318
 33.01815,-93.296392
 33.018031,-93.308226
 33.018179,-93.30925
 33.0182,-93.310232
 33.018204,-93.324759
 33.018247,-93.325671
 33.018289,-93.332492
 33.018313,-93.339162
 33.018338,-93.341617
 33.01838,-93.34259
 33.018245,-93.356581
 33.018311,-93.396324
 33.018659,-93.466444
 33.018623,-93.489039
 33.018443,-93.49082
 33.019198,-93.624458
 33.019486,-93.745308
 33.01932,-93.750286
 33.019441,-93.833542
 33.01954,-93.919888
 33.019486,-93.985806
 33.019203,-94.021449
 33.019097,-94.023178
 33.019207,-94.024478
 33.019072,-94.032723
 33.019212,-94.038447
 33.019214,-94.040901
 33.019189,-94.041445