34.9956912650357,-90.30787467956543
34.99577036609415,-90.30910849571228
34.99629770453002,-90.30938744544983
35.000692059349895,-90.3100311756134
35.00439192310755,-90.31028866767883
35.00930431024275,-90.30991315841675
35.01026214742695,-90.30969858169556
35.01807381354826,-90.30693054199219
35.0287576288069,-90.3007185459137
35.037850072254656,-90.2972960472107
35.04001102596028,-90.29564380645752
35.0405907843041,-90.29468894004822
35.04174150458816,-90.29204964637756
35.041785424888594,-90.28785467147827
35.04117053853407,-90.28168559074402
35.04019549497045,-90.26509881019592
35.03970357668448,-90.26404738426208
35.038842712557525,-90.26362895965576
35.037463554184576,-90.26331782341003
35.036339127584995,-90.2622127532959
35.03453825587577,-90.25663375854492
35.033527993394664,-90.25048613548279
35.03261435396211,-90.23879170417786
35.031314157159976,-90.23054122924805
35.029917301061964,-90.22473692893982
35.02906511926531,-90.22261261940002
35.0261570918153,-90.21651864051819
35.02584959041768,-90.21475911140442
35.025867161957265,-90.21297812461853
35.026552449055465,-90.20946979522705
35.03272855944973,-90.20025372505188
35.03738449344499,-90.196133852005
35.04224219461335,-90.193430185318
35.044692896258404,-90.19319415092468
35.05078858791749,-90.19340872764587
35.05417879014814,-90.19406318664551
35.05613731434392,-90.19426703453064
35.05853490557206,-90.19426703453064
35.06146812655662,-90.1938807964325
35.09116324785675,-90.18147826194763
35.11207153855991,-90.17683267593384
35.116661515762196,-90.17459034919739
35.11832016284886,-90.1733136177063
35.1251035901778,-90.16548156738281
35.128964538436016,-90.15982747077942
35.131026560814654,-90.15586853027344
35.133272789600746,-90.1487123966217
35.13486090615357,-90.14497876167297
35.1351065788758,-90.14384150505066
35.13502761272449,-90.14252185821533
35.133781692200294,-90.13861656188965
35.13171096521156,-90.13453960418701
35.12910493310549,-90.12993693351746
35.11902222551798,-90.10964870452881
35.116810707622946,-90.10106563568115
35.11675805170329,-90.09989619255066
35.117179298107686,-90.0962483882904
35.118355266126,-90.090411901474
35.11961897402975,-90.08713960647583
35.12166368210352,-90.0834596157074
35.13069313094768,-90.07266640663147
35.13195664743813,-90.07082104682922
35.136071714536435,-90.06655097007751
35.13873893904214,-90.06486654281616
35.1406778862124,-90.06463050842285
35.150714050878754,-90.06641149520874
35.1516175958812,-90.06682991981506
35.1527228897158,-90.06799936294556
35.153608868376615,-90.06942629814148
35.153749220546565,-90.06999492645264
35.15648603946765,-90.08792281150818
35.157915815303106,-90.0934374332428
35.15881050887159,-90.09557247161865
35.16058232395695,-90.09895205497742
35.163301371055624,-90.103018283844
35.16652025447048,-90.1068377494812
35.16816911542793,-90.10813593864441
35.170028429166216,-90.10887622833252
35.17473791570784,-90.10927319526672
35.17816681156263,-90.10918736457825
35.178464969584475,-90.10944485664368
35.178675433412025,-90.11101126670837
35.181630638776504,-90.11413335800171
35.18347210706897,-90.11523842811584
35.18629561074772,-90.11623620986938
35.18799668051489,-90.1173734664917
35.190934010966195,-90.11749148368835
35.19752727349058,-90.11653661727905
35.19843029836734,-90.11615037918091
35.19864947764863,-90.11566758155823
35.1990878344369,-90.10908007621765
35.19863194332788,-90.10737419128418
35.19488827917988,-90.09765386581421
35.19478306832731,-90.09708523750305
35.194879511614026,-90.0965166091919
35.19521267845087,-90.09614109992981
35.19810591194565,-90.09549736976624
35.203497572115,-90.09319067001343
35.208091159512804,-90.09108781814575
35.21215854669175,-90.0887382030487
35.21233386052393,-90.08830904960632
35.211904340962676,-90.08683919906616
35.21027389908658,-90.08384585380554
35.20859082796747,-90.0820541381836
35.207722980789164,-90.07995128631592
35.207968433457076,-90.07879257202148
35.20876614950353,-90.07687211036682
35.210563173421605,-90.07447957992554
35.2124828769836,-90.07414698600769
35.21493722637758,-90.07397532463074
35.21875885127062,-90.074383020401
35.22052059481262,-90.07495164871216
35.22561278275709,-90.07748365402222
35.22875908684533,-90.07930755615234
35.23194908676013,-90.08304119110107
35.23314092267338,-90.08409261703491
35.235953936529754,-90.08649587631226
35.242236858167615,-90.09094834327698
35.2503417214482,-90.09830832481384
35.251471956929514,-90.09962797164917
35.252348097623354,-90.10108709335327
35.25431061841567,-90.10522842407227
35.25545832061041,-90.1102602481842
35.255782477829165,-90.11626839637756
35.25495017965866,-90.12377858161926
35.25314537742557,-90.1324474811554
35.25230429081355,-90.1401937007904
35.25604530705483,-90.15210270881653
35.26285228710141,-90.15904426574707
35.27463393195411,-90.16660809516907
35.27873301696798,-90.16862511634827
35.2801693993801,-90.16891479492188
35.28207869753541,-90.1688289642334
35.286370074946575,-90.16755223274231
35.292841742521816,-90.16530990600586
35.2957927912885,-90.16395807266235
35.29897139703776,-90.16116857528687
35.30075766613478,-90.15857219696045
35.302403800781974,-90.1542055606842
35.30320058797149,-90.15122294425964
35.30327939067374,-90.15002131462097
35.3030254705806,-90.1488733291626
35.30148442119813,-90.14511823654175
35.29930413642649,-90.14110565185547
35.29884880849704,-90.13941049575806
35.29908522908788,-90.13764023780823
35.30071388550081,-90.13176083564758
35.301685810000464,-90.12919664382935
35.304137459574925,-90.12470126152039
35.30451395632244,-90.12361764907837
35.30450520060402,-90.12182593345642
35.30348077500859,-90.11759877204895
35.30340197250248,-90.1164186000824
35.30373469367291,-90.1153028011322
35.30473284897488,-90.11326432228088
35.30498676370981,-90.10953068733215
35.30513560990809,-90.10909080505371
35.32173462035542,-90.10733127593994
35.324168155134615,-90.10690212249756
35.332387358764144,-90.10390877723694
35.341664688777335,-90.10963797569275
35.34198850087037,-90.1098096370697
35.34272363702079,-90.1098096370697
35.342601114793574,-90.10882258415222
35.34270613385686,-90.108243227005
35.3432137240717,-90.10726690292358
35.35166725773956,-90.10026097297668
35.35376737734986,-90.0988233089447
35.35719745526999,-90.09681701660156
35.36022490299414,-90.09375929832458
35.36053989103548,-90.0933301448822
35.36068863496117,-90.0927722454071
35.36069738459532,-90.09157061576843
35.36095112357335,-90.09042263031006
35.36158109276086,-90.08953213691711
35.363313482681335,-90.08784770965576
35.36692688343325,-90.08510112762451
35.36907034981896,-90.08367419242859
35.38393306695246,-90.07511258125305
35.384186732887564,-90.07529497146606
35.3844928803677,-90.07781624794006
35.38532384624274,-90.07997274398804
35.388035359557975,-90.08343815803528
35.39042316515822,-90.08710741996765
35.3909129626975,-90.08793354034424
35.393353159681794,-90.09358763694763
35.39545219478592,-90.0969135761261
35.40150410677427,-90.10484218597412
35.40377782913564,-90.10712742805481
35.40625261558407,-90.10909080505371
35.40884974791876,-90.11078596115112
35.410161399109946,-90.11254549026489
35.41115823973849,-90.11460542678833
35.41169163185292,-90.11691212654114
35.41331801880106,-90.12606382369995
35.41375521399578,-90.12961506843567
35.41348415325448,-90.13280153274536
35.412959516971455,-90.13511896133423
35.41134186693046,-90.13811230659485
35.40899840279299,-90.14118075370789
35.40754681993535,-90.14270424842834
35.40545684448383,-90.14421701431274
35.40363790961137,-90.14511823654175
35.401757717445946,-90.14578342437744
35.39981626370541,-90.14612674713135
35.39790100001738,-90.14612674713135
35.395076121680766,-90.1458477973938
35.39077302084695,-90.1446783542633
35.38773797222528,-90.14353036880493
35.38451037447432,-90.14157772064209
35.37670762645102,-90.13560175895691
35.37508924902829,-90.14183521270752
35.37467808851268,-90.14437794685364
35.374634347909016,-90.16437649726868
35.37474807342923,-90.16613602638245
35.375272958368804,-90.16778826713562
35.377661141736944,-90.17233729362488
35.3817550059245,-90.17789483070374
35.38210489921071,-90.17829179763794
35.382559758214136,-90.17848491668701
35.384947725907054,-90.17919301986694
35.38542006279111,-90.17919301986694
35.409706695781054,-90.17082452774048
35.41017888764829,-90.17069578170776
35.418503001052834,-90.17053484916687
35.42171175209519,-90.16906499862671
35.435542017106414,-90.14255404472351
35.440594454518866,-90.13173937797546
35.442001737891154,-90.12946486473083
35.4547623148695,-90.12501239776611
35.45612565413248,-90.12439012527466
35.458476486162404,-90.12374639511108
35.46125544806464,-90.12271642684937
35.46577324096102,-90.12058138847351
35.46835097813269,-90.11887550354004
35.472501398257926,-90.11435866355896
35.474449837391774,-90.11166572570801
35.475987585611996,-90.10882258415222
35.47696613734765,-90.10752439498901
35.47666034120972,-90.10517477989197
35.4769399262957,-90.10160207748413
35.47715835146759,-90.10107636451721
35.47817183649992,-90.099778175354
35.47860867955609,-90.0984799861908
35.47861741639299,-90.09427428245544
35.47875720565441,-90.09204268455505
35.47900183627701,-90.09071230888367
35.47905425702784,-90.08767604827881
35.47883583700715,-90.08512258529663
35.47785730802961,-90.08212924003601
35.47680013387426,-90.08012294769287
35.474799328206274,-90.07840633392334
35.473549891551976,-90.07683992385864
35.47275478539013,-90.07556319236755
35.47233538556592,-90.07391095161438
35.46717134595174,-90.0682783126831
35.464899412999735,-90.06719470024109
35.46148265454083,-90.06719470024109
35.460434003911914,-90.06740927696228
35.45029634307809,-90.07133603096008
35.43997384347578,-90.07395386695862
35.434152104149376,-90.07408261299133
35.42353902186828,-90.07063865661621
35.423110622626794,-90.07037043571472
35.41532909705667,-90.06217360496521
35.41496186042542,-90.06223797798157
35.40842127057074,-90.06914734840393
35.408036513460004,-90.06932973861694
35.38945230767298,-90.05444884300232
35.38934734940698,-90.05412697792053
35.39297707678746,-90.04480361938477
35.393291937004584,-90.04437446594238
35.396396742757155,-90.04168152809143
35.39662413228297,-90.04178881645203
35.39683402973765,-90.04424571990967
35.40366414454065,-90.05641222000122
35.40397021808499,-90.05664825439453
35.4097416730513,-90.0504469871521
35.41291579712702,-90.04668116569519
35.415127991489726,-90.04543662071228
35.41714776808511,-90.04470705986023
35.41907131777122,-90.04424571990967
35.42116094015792,-90.04269003868103
35.422892050707475,-90.04058718681335
35.424212216073194,-90.0380551815033
35.42542744850974,-90.03523349761963
35.42702733088164,-90.0323474407196
35.42775295011595,-90.03158569335938
35.42823377853743,-90.03151059150696
35.42916045794317,-90.0317895412445
35.4330156795017,-90.03097414970398
35.433872370339564,-90.02980470657349
35.435131164830814,-90.02936482429504
35.43810324040348,-90.02729415893555
35.43998258450962,-90.02663969993591
35.442875814556345,-90.0265109539032
35.44472008517848,-90.02686500549316
35.44812007522764,-90.02648949623108
35.45438651857532,-90.02416133880615
35.45736662235115,-90.02210140228271
35.45948146774257,-90.0215756893158
35.46414791335991,-90.01916170120239
35.465082917659124,-90.01885056495667
35.467992721299844,-90.01908659934998
35.468918943011566,-90.0195050239563
35.47027330461197,-90.02044916152954
35.473034384057634,-90.02425789833069
35.475454619388756,-90.02803444862366
35.47708845547714,-90.03101706504822
35.47899309948188,-90.03347396850586
35.48012887488691,-90.03458976745605
35.49230687323696,-90.04350543022156
35.49652593573198,-90.04579067230225
35.50139112195247,-90.04704594612122
35.5022558190032,-90.04760384559631
35.50408999405184,-90.04841923713684
35.50918179378935,-90.04929900169373
35.51061407721315,-90.04968523979187
35.5162992917345,-90.05031824111938
35.52159988942642,-90.0493311882019
35.526079363811974,-90.0474214553833
35.52937986915754,-90.0463056564331
35.53115230673971,-90.0452971458435
35.53229607572347,-90.04441738128662
35.533125516313376,-90.04418134689331
35.535631247905236,-90.04273295402527
35.53702813746227,-90.04213213920593
35.54168135030948,-90.04084467887878
35.544579650383696,-90.04026532173157
35.54747784571346,-90.03994345664978
35.54794049973019,-90.03976106643677
35.55028864594023,-90.03765821456909
35.55232248652049,-90.0353193283081
35.55257562186637,-90.03483653068542
35.554600675859675,-90.03040552139282
35.5560059634343,-90.02594232559204
35.556320185857224,-90.023592710495
35.556014691851566,-90.01744508743286
35.55910449184463,-90.01126527786255
35.56009075885486,-90.0081217288971
35.56059697968659,-90.00213503837585
35.561077013728635,-89.99990344047546
35.5611381087641,-89.99887347221375
35.56074535415205,-89.9928867816925
35.55990747121357,-89.9889600276947
35.55954962270589,-89.98783349990845
35.55837132974287,-89.98556971549988
35.55751596548145,-89.9834132194519
35.556136889593546,-89.98093485832214
35.55553462749042,-89.97930407524109
35.55394603037968,-89.97643947601318
35.55072509676458,-89.97195482254028
35.54996567080062,-89.97056007385254
35.54832458782931,-89.96832847595215
35.54749530440405,-89.96680498123169
35.545635932499415,-89.96403694152832
35.54387254466415,-89.96195554733276
35.54250196397225,-89.959477186203
35.541829759785344,-89.9586296081543
35.53921945894288,-89.95673060417175
35.53776149474209,-89.95667695999146
35.53682733608548,-89.95697736740112
35.536355887399296,-89.95692372322083
35.53569236233216,-89.95618343353271
35.53434783418422,-89.95563626289368
35.53337871225878,-89.9557113647461
35.531239617924,-89.95729923248291
35.53032284575027,-89.957674741745
35.529371137841004,-89.957674741745
35.52844561290084,-89.95728850364685
35.52760739242209,-89.95771765708923
35.52713588955489,-89.95764255523682
35.52593092519647,-89.95663404464722
35.52471721092188,-89.95516419410706
35.52189678240456,-89.95130181312561
35.52025512512589,-89.94831919670105
35.51936442467931,-89.9446713924408
35.518884140925145,-89.93628144264221
35.51843005182374,-89.93314862251282
35.517111432373206,-89.92926478385925
35.51454399196298,-89.92347121238708
35.5140112814562,-89.92145419120789
35.51388028652783,-89.91966247558594
35.514168475088134,-89.91791367530823
35.5150330345621,-89.91562843322754
35.51558320392523,-89.91464138031006
35.5179410299187,-89.91129398345947
35.51948667826699,-89.90982413291931
35.52074413293291,-89.90890145301819
35.522970827240634,-89.90765690803528
35.52811381834167,-89.90562915802002
35.532785010161405,-89.90412712097168
35.53422560323519,-89.90390181541443
35.535177253561756,-89.90412712097168
35.536024125551776,-89.90469574928284
35.53672256995022,-89.90553259849548
35.537438469147425,-89.90709900856018
35.537909911471054,-89.90941643714905
35.53729005154616,-89.91207718849182
35.53756942562638,-89.91267800331116
35.538040867180335,-89.91282820701599
35.538983741975805,-89.91260290145874
35.53995279618831,-89.9116587638855
35.54216149762068,-89.91058588027954
35.54403840952844,-89.90995287895203
35.54643904678051,-89.91039276123047
35.54738182284717,-89.91074681282043
35.54816746110205,-89.91143345832825
35.54883961216552,-89.91236686706543
35.54993075449138,-89.9150276184082
35.55029737498,-89.91726994514465
35.55053305869456,-89.92384672164917
35.551563075687234,-89.92910385131836
35.55294223026066,-89.93155002593994
35.553361209229855,-89.93264436721802
35.55414678889521,-89.93477940559387
35.55545607123032,-89.93930697441101
35.556189259997375,-89.94085192680359
35.55687007213346,-89.94172096252441
35.557987289775035,-89.94287967681885
35.55995111116619,-89.94446754455566
35.56278765711672,-89.94639873504639
35.56832954179881,-89.94938135147095
35.57257951492062,-89.95232105255127
35.57660238237318,-89.95446681976318
35.5812445726683,-89.95660185813904
35.58550258580214,-89.95788931846619
35.58742210784327,-89.95784640312195
35.589324134292234,-89.95729923248291
35.59067646506219,-89.95663404464722
35.592962288359104,-89.955153465271
35.59667879300567,-89.95198845863342
35.59979319569021,-89.94817972183228
35.60131981940814,-89.94585156440735
35.60332619486204,-89.94188189506531
35.60470445841663,-89.93829846382141
35.60719922953506,-89.9339210987091
35.60789705368765,-89.9324083328247
35.60924907066309,-89.92854595184326
35.610993574934675,-89.92273092269897
35.61229320588956,-89.9195122718811
35.61633152169578,-89.91337537765503
35.61744790996199,-89.91131544113159
35.61737813615187,-89.91017818450928
35.61594775963031,-89.90506052970886
35.615031956352325,-89.89950299263
35.61489240445596,-89.89711046218872
35.61541572281183,-89.89480376243591
35.6163576872241,-89.8927116394043
35.624834867706454,-89.87990140914917
35.626221481459034,-89.87742304801941
35.627459820582715,-89.8741614818573
35.6282272323851,-89.87131834030151
35.630695109040076,-89.8641300201416
35.63277922821926,-89.85937714576721
35.63415698428507,-89.85703825950623
35.63519464564314,-89.85589027404785
35.63776694133776,-89.85416293144226
35.64130698240607,-89.85259652137756
35.64416680253914,-89.8518455028534
35.647540909907015,-89.85113739967346
35.650121526342936,-89.85086917877197
35.65451535710336,-89.85087990760803
35.6575141821702,-89.85119104385376
35.65956273339461,-89.8517918586731
35.66317154260554,-89.85362648963928
35.6681660746617,-89.85785365104675
35.66917714608755,-89.85915184020996
35.66987442926479,-89.86072897911072
35.67037123981266,-89.86485958099365
35.670022601155274,-89.86721992492676
35.668654179707495,-89.87157583236694
35.66711140892523,-89.87532019615173
35.66613517698318,-89.87712264060974
35.66514150006858,-89.8783028125763
35.66429599330606,-89.87889289855957
35.6571829221428,-89.88308787345886
35.65490765166768,-89.8852014541626
35.65362614895731,-89.88701462745667
35.652989748814164,-89.88863468170166
35.65236206151431,-89.89068388938904
35.65149026541491,-89.89475011825562
35.6509235928479,-89.89889144897461
35.650984619317505,-89.90400910377502
35.65127231490335,-89.90699172019958
35.65255385537927,-89.9144697189331
35.65559634190885,-89.92333173751831
35.65644194079146,-89.92480158805847
35.657488030112724,-89.92593884468079
35.658839208539156,-89.92913603782654
35.66004217396464,-89.93102431297302
35.66073081992848,-89.93187189102173
35.663650961507464,-89.9345326423645
35.664845137892684,-89.93639945983887
35.665559891855835,-89.93722558021545
35.66773898029842,-89.93881344795227
35.67519101320202,-89.94275093078613
35.68259006268336,-89.95029330253601
35.68631111566329,-89.95321154594421
35.690720382324216,-89.95576500892639
35.69572190359242,-89.95658040046692
35.700113224629014,-89.95636582374573
35.706586496936254,-89.95699882507324
35.71168284890268,-89.956955909729
35.71795483476071,-89.95808243751526
35.7240085751042,-89.95886564254761
35.72789317911947,-89.95859742164612
35.73223047275123,-89.95688080787659
35.73392003726597,-89.95582938194275
35.736306268350205,-89.95375871658325
35.73832667088193,-89.95055079460144
35.74058214590472,-89.94592666625977
35.74360385978512,-89.93902802467346
35.746268446023954,-89.93355631828308
35.75012584257857,-89.9249517917633
35.75311236658105,-89.91894364356995
35.75497562215682,-89.91542458534241
35.75562862196419,-89.91453409194946
35.75722191900468,-89.9131715297699
35.75822315491914,-89.91191625595093
35.75937238409023,-89.91000652313232
35.759642276412805,-89.90885853767395
35.75972933825705,-89.90707755088806
35.75935497165087,-89.90598320960999
35.75244193217299,-89.89240050315857
35.75016937871883,-89.88832354545593
35.7483843774397,-89.88629579544067
35.74487520944305,-89.88335609436035
35.741339762174945,-89.87731575965881
35.738100249010955,-89.87640380859375
35.739040766411314,-89.87515926361084
35.74021639753878,-89.874107837677
35.74127880481072,-89.87286329269409
35.74653838279148,-89.86572861671448
35.74778356312633,-89.86340045928955
35.75053508135689,-89.85675930976868
35.75253770886281,-89.85265016555786
35.754566406212945,-89.84928131103516
35.75549802243141,-89.84713554382324
35.7557331014361,-89.84562277793884
35.75494950205308,-89.83742594718933
35.75492338194074,-89.83276963233948
35.75566344847008,-89.82531309127808
35.7566211714084,-89.82155799865723
35.75978157531785,-89.81478810310364
35.7612441990958,-89.8127818107605
35.76436959668703,-89.80931639671326
35.76544038711801,-89.80843663215637
35.76713795216304,-89.80724573135376
35.770733188248535,-89.80540037155151
35.77157756637623,-89.80478882789612
35.77228265876851,-89.80398416519165
35.77431955722892,-89.8006796836853
35.775320577948996,-89.7993814945221
35.776652351197164,-89.79864120483398
35.779890295063566,-89.79732155799866
35.782283851587984,-89.79708552360535
35.78458159805057,-89.79761123657227
35.788263076072425,-89.79919910430908
35.78870693069786,-89.79919910430908
35.793067017882784,-89.79602336883545
35.805093004275626,-89.7817325592041
35.8055106613943,-89.78065967559814
35.80703335103978,-89.77484464645386
35.80764241872407,-89.77192640304565
35.809486995216474,-89.76561784744263
35.80988722785542,-89.76545691490173
35.810861698889624,-89.76545691490173
35.81119232027372,-89.76526379585266
35.81035706359687,-89.75765705108643
35.80814707126691,-89.75038290023804
35.80705945403634,-89.74770069122314
35.80578909825329,-89.74273324012756
35.805710787985355,-89.74093079566956
35.80622415389139,-89.73357081413269
35.80761631591911,-89.72845315933228
35.809330381895656,-89.72352862358093
35.811836157966,-89.71935510635376
35.81591657546727,-89.71054673194885
35.818100252209675,-89.70638394355774
35.81946610712824,-89.70454931259155
35.82130170952749,-89.70322966575623
35.82445954229186,-89.70167398452759
35.82719970858217,-89.70114827156067
35.829539648712995,-89.70115900039673
35.83098359221239,-89.70142722129822
35.83415843581877,-89.70292925834656
35.835680576055516,-89.70429182052612
35.83722008247582,-89.70640540122986
35.83892481179092,-89.70932364463806
35.8408817262998,-89.71348643302917
35.84830016819332,-89.73134994506836
35.84909154365878,-89.73419308662415
35.85110038437134,-89.74294781684875
35.852335230894184,-89.74746465682983
35.85812657838961,-89.76385831832886
35.859961286421246,-89.7673773765564
35.86150901657291,-89.76937294006348
35.86346537380118,-89.77132558822632
35.86516084433883,-89.77247357368469
35.86703016724871,-89.77314949035645
35.869925357092484,-89.77360010147095
35.87268134043767,-89.77341771125793
35.87607185089104,-89.77288126945496
35.87796699607582,-89.77235555648804
35.88296544132862,-89.77041363716125
35.886172973072064,-89.76896524429321
35.891162208674515,-89.76578950881958
35.894743138683424,-89.76013541221619
35.89693333643034,-89.75568294525146
35.89885405521571,-89.74981427192688
35.90076603667565,-89.74497556686401
35.90470283485472,-89.73352789878845
35.90501568458848,-89.73114609718323
35.906223620564816,-89.7153103351593
35.90602374753964,-89.7141945362091
35.90464200281842,-89.70978498458862
35.90072258306448,-89.69865918159485
35.89829783375517,-89.69275832176208
35.89703763004969,-89.6884560585022
35.89676820458538,-89.68798398971558
35.88973674486603,-89.6815574169159
35.88599043410135,-89.67731952667236
35.88567750917269,-89.67687964439392
35.88438233451253,-89.67365026473999
35.88331314752445,-89.66961622238159
35.88337399595178,-89.6654212474823
35.8843041018077,-89.66200947761536
35.88566012441815,-89.65802907943726
35.88665974160356,-89.65595841407776
35.88779842058906,-89.65402722358704
35.88960636579773,-89.65199947357178
35.891110058011826,-89.65048670768738
35.894743138683424,-89.6474289894104
35.895195089212116,-89.64722514152527
35.900157683948215,-89.6464741230011
35.902530233142976,-89.64583039283752
35.9043117709483,-89.64489698410034
35.909317243008346,-89.64724659919739
35.91804130192406,-89.65046525001526
35.92116921620767,-89.65211749076843
35.9224377239662,-89.65299725532532
35.924722724276954,-89.65494990348816
35.92606067860112,-89.65649485588074
35.930143905719476,-89.66221332550049
35.93580794821993,-89.67112898826599
35.93783196314265,-89.67373609542847
35.94041185552501,-89.67647194862366
35.94736064166846,-89.68639612197876
35.951529620052256,-89.69514012336731
35.9539440527656,-89.69965696334839
35.95982349569988,-89.710214138031
35.96164716306772,-89.7130036354065
35.96303659565366,-89.71454858779907
35.96538989132686,-89.71668362617493
35.967890733842864,-89.71851825714111
35.96879379639604,-89.71896886825562
35.9708777474807,-89.71964478492737
35.9747502771474,-89.7199559211731
35.98468253393516,-89.7188401222229
35.985628811358325,-89.71903324127197
35.986410132787064,-89.71970915794373
35.99175763619059,-89.72643613815308
35.99434444768146,-89.7291612625122
35.996861733121335,-89.73119974136353
36.000620151155886,-89.73315238952637
36.000967340090824,-89.70803618431091
36.00109753554681,-89.7069525718689
36.00344101699695,-89.70633029937744
36.004899148082394,-89.7057294845581
36.00778929250204,-89.70375537872314
36.011816223979366,-89.7004508972168
36.017170682756564,-89.69532251358032
36.02079797001566,-89.6922755241394
36.02493703882359,-89.69026923179626
36.02911059663185,-89.68862771987915
36.034082134711696,-89.68725442886353
36.051362945807256,-89.68449711799622
36.07252503572906,-89.68191146850586
36.08212415603831,-89.68010902404785
36.08475135327285,-89.67873573303223
36.087916012242,-89.67607498168945
36.091418664306005,-89.67283487319946
36.09212090992052,-89.672030210495
36.09565805168865,-89.6668267250061
36.09909100762847,-89.65778231620789
36.10361603857609,-89.64300870895386
36.105514393494275,-89.63545560836792
36.10683194619472,-89.62843894958496
36.10722200689927,-89.62734460830688
36.108132141010834,-89.6251130104065
36.10990903912122,-89.62228059768677
36.11387874430608,-89.6149742603302
36.117822248368796,-89.6053397655487
36.11966826023801,-89.60165977478027
36.12182621908878,-89.59890246391296
36.126046633825915,-89.59486842155457
36.127303181647335,-89.5939564704895
36.12832573675324,-89.59346294403076
36.12982488244498,-89.59304451942444
36.133689599965244,-89.59256172180176
36.13559589277441,-89.59212183952332
36.13816065003031,-89.59186434745789
36.14398303096872,-89.59160685539246
36.14926785379866,-89.59207892417908
36.152109381817574,-89.59281921386719
36.154907493247435,-89.59408521652222
36.16010495846021,-89.59749698638916
36.163838258332035,-89.60029721260071
36.1665146910425,-89.60251808166504
36.171183071755095,-89.60702419281006
36.17606768445812,-89.61310744285583
36.17985218387343,-89.61807489395142
36.18225961925592,-89.6220874786377
36.18319486196871,-89.62396502494812
36.18516056719713,-89.62896466255188
36.188866696610035,-89.63672161102295
36.19404459307395,-89.64469313621521
36.201377917376156,-89.65464949607849
36.20640781701121,-89.66394066810608
36.21702062370387,-89.68117117881775
36.224819166774466,-89.6924364566803
36.2282118528968,-89.69669580459595
36.230704344833356,-89.6995496749878
36.233542919443565,-89.70181345939636
36.235230437823596,-89.70413088798523
36.235905434977326,-89.70478534698486
36.23677080741862,-89.7052788734436
36.238207304523186,-89.70553636550903
36.23917649247652,-89.7054934501648
36.24056967910809,-89.7050428390503
36.2435723012699,-89.7034227848053
36.24612487204932,-89.70171689987183
36.2485389216041,-89.69972133636475
36.25070198509769,-89.69841241836548
36.252743862095,-89.69512939453125
36.25267464679933,-89.69332695007324
36.252155530127396,-89.69154596328735
36.25078850639201,-89.68906760215759
36.24943011101608,-89.68590259552002
36.24872927359422,-89.6824049949646
36.248322611961626,-89.67858552932739
36.24930897907148,-89.666987657547
36.250494333600436,-89.65603351593018
36.25068468082731,-89.65243935585022
36.25066737655313,-89.65123772621155
36.249802157957575,-89.64418888092041
36.24939550190822,-89.64184999465942
36.248002472591885,-89.6366035938263
36.246375798235604,-89.63292360305786
36.244428936012035,-89.6275806427002
36.243779971160464,-89.62531685829163
36.24328675426947,-89.62430834770203
36.24191957538869,-89.61916923522949
36.23934090709792,-89.61135864257812
36.23836306768322,-89.60671305656433
36.23811211577261,-89.60231423377991
36.23875247422546,-89.59218621253967
36.23936686726969,-89.58804488182068
36.24004182870968,-89.58516955375671
36.242058024971165,-89.57818508148193
36.243857847227154,-89.57393646240234
36.24888501578672,-89.56686615943909
36.25007902895048,-89.56496715545654
36.250658724414606,-89.56333637237549
36.2509009839314,-89.562166929245
36.25103941760378,-89.5593774318695
36.25082311488292,-89.55639481544495
36.25031263808768,-89.55346584320068
36.24897153909287,-89.55099821090698
36.248088996875204,-89.5485520362854
36.24750928234774,-89.54564452171326
36.24751793483498,-89.54445362091064
36.24793325309627,-89.5414924621582
36.24877253534551,-89.53933596611023
36.249473372379356,-89.5381236076355
36.25234587330756,-89.53491568565369
36.252787121623655,-89.5347011089325
36.26165481925483,-89.53450798988342
36.267147961099965,-89.53540921211243
36.27053016018166,-89.53555941581726
36.2732202446199,-89.53657865524292
36.275002050165064,-89.53752279281616
36.27746710243879,-89.5396363735199
36.28014829898846,-89.54373478889465
36.28045965778063,-89.54545140266418
36.28037316935183,-89.54662084579468
36.27906718242802,-89.5487129688263
36.27861743352868,-89.54963564872742
36.278159032945524,-89.55115914344788
36.277778471925785,-89.55288648605347
36.277882261478815,-89.5546567440033
36.28813080015994,-89.5780885219574
36.28880534030914,-89.57906484603882
36.29316376685899,-89.58412885665894
36.29648430938732,-89.58928942680359
36.30253701804474,-89.59970712661743
36.30910799848747,-89.61178779602051
36.31070742966846,-89.6131181716919
36.319983483489125,-89.61879372596741
36.32315593449046,-89.62024211883545
36.32949180567474,-89.61978077888489
36.33584444707621,-89.6159827709198
36.3402866667295,-89.6108865737915
36.34225706437028,-89.6055006980896
36.342965703964744,-89.60053324699402
36.342360768128344,-89.58194017410278
36.3377285322652,-89.56017136573792
36.33682106572998,-89.54495787620544
36.33748654222288,-89.53822016716003
36.33920638370788,-89.53197598457336
36.341799037786984,-89.52687978744507
36.34434839680252,-89.52330708503723
36.34503109233772,-89.52245950698853
36.34846176283093,-89.51913356781006
36.35984151924367,-89.51322197914124
36.37387166935533,-89.50969219207764
36.375314281482396,-89.50961709022522
36.37861404814836,-89.51051831245422
36.38480721126252,-89.51390862464905
36.39243353914136,-89.51932668685913
36.4003268210219,-89.52520608901978
36.40905685879066,-89.53245878219604
36.4201083184715,-89.54231858253479
36.42361337485168,-89.5441746711731
36.42688519356805,-89.54520463943481
36.43075249539887,-89.54549431800842
36.4346109728481,-89.54509735107422
36.43827936972713,-89.54360604286194
36.43916839039666,-89.54303741455078
36.44150741554753,-89.54090237617493
36.443949938511444,-89.53781247138977
36.44907639742632,-89.53027009963989
36.45144101346386,-89.52739477157593
36.45381418701026,-89.52533483505249
36.45682585543582,-89.52330708503723
36.46183066175971,-89.52107548713684
36.46673160730366,-89.51980948448181
36.46817249538738,-89.5196270942688
36.47251225396844,-89.51942324638367
36.4754196700156,-89.51950907707214
36.47730900061034,-89.520024061203
36.47908613712,-89.52093601226807
36.481130656377026,-89.52253460884094
36.484089506435105,-89.52571034431458
36.489118429639944,-89.53211545944214
36.491343818038814,-89.53442215919495
36.49369851986383,-89.53633189201355
36.49711400406552,-89.53845620155334
36.49814034488358,-89.53932523727417
36.49820071744926,-89.53900337219238
36.497898854150186,-89.52604293823242
36.49788160478327,-89.498051404953
36.49756249080222,-89.4931161403656
36.497760859107245,-89.48832035064697
36.49770911090228,-89.48523044586182
36.49766943725482,-89.48511457443237
36.49770048619865,-89.48508024215698
36.49456103009071,-89.48687195777893
36.4834511635037,-89.49166774749756
36.47893085497229,-89.49337363243103
36.4760925875633,-89.49410319328308
36.47334911783698,-89.49388861656189
36.4705192737355,-89.49308395385742
36.467801490836116,-89.49181795120239
36.465411488725444,-89.49011206626892
36.464367457461066,-89.48912501335144
36.462063636254655,-89.4860565662384
36.46003587181241,-89.48159337043762
36.45855168720726,-89.4771409034729
36.45756796780434,-89.47155117988586
36.45778369681177,-89.46435213088989
36.458758784438864,-89.46058630943298
36.461709859894164,-89.45369839668274
36.46497144420409,-89.44885969161987
36.46902666190671,-89.44390296936035
36.47471223757573,-89.43745493888855
36.482122703244364,-89.43004131317139
36.48960146511266,-89.42371129989624
36.49306888133282,-89.42128658294678
36.494819781285685,-89.42023515701294
36.49904592842646,-89.41823959350586
36.499123549380215,-89.39055919647217
36.500046370313186,-89.38197612762451
36.50321147631443,-89.34601306915283
36.50507425750773,-89.32763457298279
36.50713533816834,-89.300297498703
36.50678176756111,-89.28253054618835
36.50694561755548,-89.28012728691101
36.506255720498245,-89.26237106323242
36.50624709674613,-89.25335884094238
36.505643431710226,-89.21180605888367
36.50521223951686,-89.19764399528503
36.50507425750773,-89.179447889328
36.50477242100541,-89.16906237602234
36.50431535206163,-89.1598892211914
36.50372892003066,-89.12631869316101
36.50359093537782,-89.09696459770203
36.503090738949695,-89.06659126281738
36.50323734858238,-89.0482234954834
36.502814767123276,-89.00127410888672
36.50234906243555,-88.97990226745605
36.50219382691714,-88.95672798156738
36.50240080753918,-88.87646555900574
36.50271127743473,-88.85407447814941
36.502694029139874,-88.83587837219238
36.5030217460853,-88.82848620414734
36.502754398155105,-88.81991386413574
36.50286651191564,-88.7691879272461
36.50257329096819,-88.74180793762207
36.502590539289976,-88.72042536735535
36.50243530425573,-88.71450304985046
36.501960973055965,-88.71049046516418
36.50126240727061,-88.70700359344482
36.50066732774145,-88.70231509208679
36.50090018549319,-88.70099544525146
36.502383559175136,-88.69726181030273
36.5025042976427,-88.69104981422424
36.502383559175136,-88.68323922157288
36.502607787607886,-88.6812436580658
36.50228869310426,-88.67707014083862
36.50251292181174,-88.67167353630066
36.5022541963224,-88.66068720817566
36.5024698009569,-88.65692138671875
36.501917851893715,-88.6257541179657
36.50207308796544,-88.62276077270508
36.50219382691714,-88.58240962028503
36.50219382691714,-88.57220649719238
36.50198684574179,-88.56902003288269
36.5022283237259,-88.55262637138367
36.50190060342207,-88.54344248771667
36.50202134264277,-88.53924751281738
36.50184023374112,-88.53305697441101
36.501831609497145,-88.52387309074402
36.50112441822187,-88.4879207611084
36.50091743418768,-88.45735430717468
36.50133140170276,-88.44980120658875
36.501064047935714,-88.44758033752441
36.5008915611445,-88.43175530433655
36.50100367760251,-88.4299635887146
36.500865688092674,-88.4280002117157
36.50095193156513,-88.41699242591858
36.500779444524156,-88.41083407402039
36.500615581479316,-88.38046073913574
36.500572459567756,-88.32972407341003
36.50012399026406,-88.26519012451172
36.49855432724586,-88.12776446342468
36.498054098279546,-88.11498641967773
36.497139878370916,-88.05358529090881
36.497277874520464,-88.05307030677795
36.49996875028452,-88.05052757263184
36.50414287251364,-88.04523825645447
36.50984311805502,-88.03999185562134
36.51110211720663,-88.03913354873657
36.51380975832673,-88.03784608840942
36.51428401692661,-88.03776025772095
36.51764685817305,-88.03734183311462
36.52105266380957,-88.03780317306519
36.52295812510608,-88.03743839263916
36.5238979054783,-88.03719162940979
36.52603607883557,-88.0358076095581
36.53100193086041,-88.03416609764099
36.54082061983824,-88.03253531455994
36.54515630774797,-88.03356528282166
36.55152579385647,-88.03377985954285
36.56135049401893,-88.03555011749268
36.572716285607406,-88.03959488868713
36.58400286895985,-88.04118275642395
36.59133395621711,-88.04296374320984
36.59707945674431,-88.04385423660278
36.60312598323584,-88.04519534111023
36.60830219134151,-88.04694414138794
36.62219269314734,-88.05231928825378
36.62959764154509,-88.05546283721924
36.630415586396204,-88.05570960044861
36.63281771108716,-88.0558168888092
36.63566744649048,-88.05561304092407
36.64035937937345,-88.0569863319397
36.64357039074929,-88.05877804756165
36.64844260811531,-88.06264042854309
36.65131758824467,-88.06466817855835
36.65340919795269,-88.0657947063446
36.65963204638837,-88.06816577911377
36.66422785216577,-88.06906700134277
36.677721066792,-88.07048320770264
36.678082459645935,-88.07039737701416
36.678116877924424,-88.06983947753906
36.67789315883893,-88.05207252502441
36.67797920471804,-88.04486274719238
36.677024090065146,-88.01189303398132
36.665140095578785,-87.87327647209167
36.66366845227218,-87.84974813461304
36.66330699171716,-87.84963011741638
36.63365284083885,-87.85314917564392
36.63329123937704,-87.85305261611938
36.63326541063625,-87.85250544548035
36.634634321967056,-87.79697299003601
36.63618400355743,-87.74325370788574
36.638474031510285,-87.62060165405273
36.63985145914746,-87.49674797058105
36.640411032090185,-87.4721896648407
36.64067790390829,-87.44121551513672
36.640893122442975,-87.43623733520508
36.64107390554747,-87.40267753601074
36.64150433980289,-87.37529754638672
36.641452687819246,-87.35332489013672
36.64172816466521,-87.344731092453
36.64152155712309,-87.3361587524414
36.641762599201684,-87.28981018066406
36.6417109473912,-87.25066065788269
36.64190033719366,-87.24586486816406
36.64211555231309,-87.13550806045532
36.64328631203009,-87.04990267753601
36.64410411157024,-87.00837135314941
36.644388187273314,-86.98037981987
36.644706695149054,-86.97240829467773
36.64562777808051,-86.92664980888367
36.64644555276031,-86.9015121459961
36.646841524748325,-86.87353134155273
36.646867348937704,-86.86014175415039
36.64773675826028,-86.81060671806335
36.64914845150102,-86.75448417663574
36.64901072647034,-86.72890663146973
36.6501641659956,-86.67877078056335
36.65169632014074,-86.62504076957703
36.652427956028646,-86.59100890159607
36.652427956028646,-86.59040808677673
36.65220416225974,-86.589914560318
36.644379578934064,-86.57894968986511
36.6363561884768,-86.56816720962524
36.6348065103496,-86.5658712387085
36.63379920285287,-86.56384348869324
36.638000535072045,-86.55132293701172
36.63829324230459,-86.55094742774963
36.64462922038159,-86.5498960018158
36.64474973665288,-86.54948830604553
36.64394055235682,-86.54356598854065
36.643751167570564,-86.54314756393433
36.64066068639953,-86.543447971344
36.640703730164184,-86.54301881790161
36.65255706752254,-86.50737762451172
36.65218694732751,-86.49699211120605
36.651851255379555,-86.46463394165039
36.65091303166172,-86.4115047454834
36.64981985749836,-86.37548804283142
36.65011251981914,-86.3735568523407
36.64987150387109,-86.36016726493835
36.64876109922447,-86.332186460495
36.64537813986945,-86.29364848136902
36.64402663619664,-86.268070936203
36.64275258554257,-86.25026106834412
36.641951988877175,-86.24162435531616
36.641314949026814,-86.22951149940491
36.64125468822769,-86.22231245040894
36.63983424145398,-86.2057363986969
36.63985145914746,-86.20273232460022
36.6393090999548,-86.19657397270203
36.636106520218156,-86.12584948539734
36.634608493676474,-86.09769701957703
36.63385946948373,-86.07749462127686
36.632490544387096,-86.05992078781128
36.632085888915505,-86.05250716209412
36.630355317071874,-86.03237986564636
36.62931351130203,-86.00319743156433
36.62952876158236,-85.99942088127136
36.6281167087794,-85.95985293388367
36.62594691868682,-85.92071413993835
36.62391483765472,-85.87552428245544
36.62360485448282,-85.87316393852234
36.62210658491201,-85.83402514457703
36.62240796331483,-85.8016562461853
36.62200325490266,-85.79446792602539
36.620625508209486,-85.74493288993835
36.620427455098145,-85.73214411735535
36.619764404022305,-85.71935534477234
36.61891190140243,-85.69438934326172
36.618197169719096,-85.67842483520508
36.61817133591971,-85.66562533378601
36.61759437881154,-85.64486503601074
36.617301592955954,-85.62528491020203
36.61674185219622,-85.60272216796875
36.614916207939615,-85.50419926643372
36.61486453813352,-85.5005943775177
36.61519177965396,-85.49903869628906
36.61500232420613,-85.48863172531128
36.616285445184594,-85.47325730323792
36.618111057020855,-85.444096326828
36.61849856340555,-85.43489098548889
36.61894634613547,-85.43011665344238
36.6204877321859,-85.38796305656433
36.621297162798406,-85.37578582763672
36.622072141590955,-85.35380244255066
36.62295905220425,-85.33415794372559
36.62455202137101,-85.32445907592773
36.624448694639696,-85.30046939849854
36.62578332092565,-85.29624223709106
36.62645493057399,-85.29029846191406
36.626609916584826,-85.27132987976074
36.62648937193668,-85.255526304245
36.62611051610075,-85.2499258518219
36.62636882709997,-85.24755477905273
36.62633438568342,-85.24016261100769
36.62604163302143,-85.23098945617676
36.625404461619205,-85.19142150878906
36.62457785303219,-85.16704559326172
36.62331209145363,-85.11751055717468
36.61943718190924,-85.02601504325867
36.616655737872534,-84.98623251914978
36.61257380860386,-84.94411110877991
36.60777683497694,-84.87571477890015
36.60511554858057,-84.84285235404968
36.6048657791246,-84.83607172966003
36.60428872246117,-84.80449676513672
36.603384371244985,-84.7855281829834
36.6012741771759,-84.68784213066101
36.599577367016366,-84.62492823600769
36.59786329246765,-84.58770990371704
36.59627838563471,-84.54322814941406
36.59667461539509,-84.4998836517334
36.59608888372573,-84.44314956665039
36.59466760457322,-84.37464594841003
36.59188526717592,-84.2709732055664
36.59188526717592,-84.23861503601074
36.59210923612792,-84.22761797904968
36.59206616522607,-84.21844482421875
36.59130811341928,-84.1219711303711
36.59131672768618,-84.10496592521667
36.591127213592166,-84.10197257995605
36.590954927648305,-84.08119082450867
36.59066204066104,-84.0732192993164
36.59066204066104,-84.05545234680176
36.590067648946516,-84.0182876586914
36.590171021747466,-84.01089549064636
36.58957662625123,-83.98771047592163
36.589361264434416,-83.98412704467773
36.58937849340186,-83.97801160812378
36.58854288404975,-83.95794868469238
36.58645812849389,-83.89383316040039
36.58387364261052,-83.78876566886902
36.58347734712363,-83.74920845031738
36.58258136721908,-83.69117617607117
36.58268475004648,-83.69062900543213
36.58452838721842,-83.68878364562988
36.58589816389584,-83.6882472038269
36.58719899848832,-83.68746399879456
36.58818968562409,-83.68616580963135
36.589145902016625,-83.68537187576294
36.59084294157853,-83.68459939956665
36.59174743980544,-83.68323683738708
36.59303956173993,-83.68262529373169
36.59365977258369,-83.68040442466736
36.59416799719802,-83.67940664291382
36.5945383960794,-83.67902040481567
36.59541700957084,-83.67854833602905
36.59681243396521,-83.67693901062012
36.59872464122201,-83.67560863494873
36.60017168548128,-83.67547988891602
36.60065402753635,-83.67528676986694
36.6008090654136,-83.67470741271973
36.6007573861558,-83.66851687431335
36.60041285688577,-83.66191864013672
36.59998219313456,-83.64532113075256
36.5983801028742,-83.62514019012451
36.59797526834952,-83.62157821655273
36.59738093296491,-83.55746269226074
36.59723450180488,-83.49952697753906
36.5973895465539,-83.37567329406738
36.598190606127105,-83.27677488327026
36.597777157063334,-83.27482223510742
36.593969876136285,-83.26141119003296
36.59383205248899,-83.24864387512207
36.594090471625755,-83.12298774719238
36.59384928045836,-83.00454139709473
36.593720070594294,-82.99836158752441
36.59374591258442,-82.94463157653809
36.593461650217115,-82.88789749145508
36.59378036855778,-82.8365707397461
36.59374591258442,-82.76344299316406
36.59359947452598,-82.73846626281738
36.59378036855778,-82.6871395111084
36.59364254457201,-82.66395449638367
36.593797596538714,-82.65718460083008
36.593797596538714,-82.62301325798035
36.593987104074905,-82.61821746826172
36.59479681285069,-82.56222367286682
36.59469344624601,-82.56126880645752
36.594831268354795,-82.55948781967163
36.59479681285069,-82.55349040031433
36.595261960858124,-82.5289535522461
36.595589285552876,-82.49297976493835
36.595821857518516,-82.48698234558105
36.5956409682725,-82.47954726219177
36.5946762184651,-82.46980547904968
36.59448671262128,-82.46380805969238
36.5950035456446,-82.42887496948242
36.595012159498985,-82.3685359954834
36.59567542339968,-82.3026180267334
36.595572057972,-82.2542953491211
36.59567542339968,-82.22900748252869
36.59584769880477,-82.22664713859558
36.59572710606158,-82.2243082523346
36.59601136008333,-82.22262382507324
36.59581324375452,-82.22132563591003
36.595864926324126,-82.21111178398132
36.594590079502886,-82.1707820892334
36.59477958509285,-82.12798476219177
36.59452116826387,-82.12323188781738
36.594762357331184,-82.1004867553711
36.59439195952485,-82.05053329467773
36.594452256963315,-82.01985955238342
36.59421106692675,-82.01628684997559
36.59448671262128,-82.01455950737
36.59421106692675,-81.93438291549683
36.594478098708244,-81.93400740623474
36.61564819313943,-81.92295670509338
36.61602710039566,-81.92273139953613
36.616207941838816,-81.92230224609375
36.6148300915769,-81.84588074684143
36.61443395506966,-81.82742714881897
36.614408120009365,-81.8268370628357
36.61423588605286,-81.82657957077026
36.61415838064691,-81.82461619377136
36.61326275697137,-81.7862606048584
36.6123843467237,-81.73733711242676
36.61226377983034,-81.70437812805176
36.61199680960989,-81.69275879859924
36.61216043662885,-81.68678283691406
36.61191930195343,-81.64713978767395
36.61172122647742,-81.64717197418213
36.61137674617687,-81.64760112762451
 36.588155,-81.677454
 36.587819,-81.677889
 36.586096,-81.679991
 36.585928,-81.68019
 36.585769,-81.680034
 36.585261,-81.679337
 36.584873,-81.678999
 36.584744,-81.678801
 36.584485,-81.678548
 36.583675,-81.678117
 36.583443,-81.678092
 36.579773,-81.678736
 36.579342,-81.678983
 36.579015,-81.679412
 36.578584,-81.679466
 36.576283,-81.67864
 36.574646,-81.677384
 36.574207,-81.677245
 36.573276,-81.677513
 36.572527,-81.67688
 36.572079,-81.676719
 36.570743,-81.67762
 36.568925,-81.67938
 36.568658,-81.683532
 36.568158,-81.686364
 36.568641,-81.689894
 36.568417,-81.690409
 36.567693,-81.691192
 36.566822,-81.691697
 36.565883,-81.691825
 36.565073,-81.691203
 36.564625,-81.691085
 36.563669,-81.691182
 36.561411,-81.689583
 36.558619,-81.690516
 36.557688,-81.690463
 36.556904,-81.691074
 36.555973,-81.691375
 36.554077,-81.691128
 36.55169,-81.69028
 36.551474,-81.690699
 36.551414,-81.692501
 36.55125,-81.693048
 36.550879,-81.693403
 36.549966,-81.693757
 36.54807,-81.693778
 36.544656,-81.697329
 36.543777,-81.69778
 36.541915,-81.698391
 36.540234,-81.699572
 36.538821,-81.699936
 36.536924,-81.699743
 36.536605,-81.700119
 36.536442,-81.701299
 36.53639,-81.705537
 36.535847,-81.707865
 36.535467,-81.70808
 36.533545,-81.708101
 36.532131,-81.708423
 36.531166,-81.708434
 36.528985,-81.707243
 36.528519,-81.707125
 36.527631,-81.707554
 36.526122,-81.707436
 36.524751,-81.707983
 36.524295,-81.708004
 36.52395,-81.707618
 36.521768,-81.703391
 36.521406,-81.703016
 36.519578,-81.702383
 36.518259,-81.701685
 36.516836,-81.701782
 36.515991,-81.701256
 36.515293,-81.700462
 36.514836,-81.70028
 36.513887,-81.700323
 36.513456,-81.700194
 36.512672,-81.699507
 36.510809,-81.69896
 36.509972,-81.698413
 36.509188,-81.698263
 36.508317,-81.697834
 36.506575,-81.698188
 36.506221,-81.697093
 36.505894,-81.696793
 36.504514,-81.696975
 36.503867,-81.697823
 36.502056,-81.697415
 36.501331,-81.698853
 36.500279,-81.699947
 36.499839,-81.700151
 36.498934,-81.69999
 36.498494,-81.70014
 36.498037,-81.700001
 36.497709,-81.699593
 36.497045,-81.698123
 36.496338,-81.697329
 36.495932,-81.697104
 36.494,-81.697029
 36.492663,-81.696514
 36.491861,-81.695945
 36.491516,-81.696042
 36.489955,-81.697415
 36.489084,-81.697855
 36.487704,-81.697479
 36.486764,-81.697662
 36.484874,-81.697276
 36.483563,-81.697211
 36.481277,-81.696396
 36.480397,-81.695913
 36.479017,-81.695892
 36.478241,-81.696535
 36.477766,-81.696664
 36.476334,-81.696557
 36.475394,-81.69631
 36.474203,-81.694776
 36.473366,-81.69454
 36.471943,-81.694797
 36.47127,-81.69558
 36.469881,-81.696031
 36.468449,-81.695902
 36.467681,-81.695194
 36.467327,-81.695055
 36.466438,-81.696417
 36.464169,-81.698574
 36.463992,-81.699094
 36.463125,-81.698799
 36.463323,-81.701492
 36.463884,-81.701224
 36.463884,-81.701653
 36.463686,-81.70278
 36.462668,-81.705655
 36.462495,-81.707414
 36.461865,-81.708273
 36.459622,-81.709388
 36.459328,-81.709828
 36.45888,-81.710901
 36.458931,-81.712049
 36.458379,-81.713701
 36.457672,-81.715268
 36.457033,-81.716148
 36.456445,-81.71672
 36.455218,-81.714989
 36.453535,-81.715067
 36.45152,-81.715622
 36.450788,-81.714225
 36.4488,-81.714128
 36.447254,-81.713864
 36.446515,-81.71429
 36.445017,-81.717463
 36.443839,-81.717125
 36.441694,-81.714297
 36.441202,-81.714221
 36.43856,-81.715443
 36.437006,-81.714538
 36.434899,-81.718634
 36.434726,-81.719727
 36.433897,-81.721053
 36.430322,-81.717477
 36.427154,-81.718156
 36.423364,-81.720467
 36.422453,-81.720882
 36.422411,-81.721947
 36.421977,-81.722394
 36.422301,-81.723442
 36.42041,-81.724014
 36.420418,-81.72493
 36.419939,-81.726117
 36.420012,-81.727304
 36.41873,-81.727292
 36.41796,-81.728018
 36.417605,-81.729174
 36.416628,-81.729256
 36.415928,-81.729167
 36.414922,-81.731215
 36.414833,-81.733526
 36.414167,-81.734081
 36.412534,-81.734378
 36.412352,-81.735554
 36.412669,-81.736321
 36.413608,-81.737258
 36.413559,-81.737856
 36.413096,-81.738625
 36.41302,-81.739375
 36.41322,-81.740382
 36.412722,-81.741452
 36.412174,-81.741546
 36.411658,-81.741808
 36.410866,-81.741984
 36.410391,-81.741571
 36.409786,-81.74152
 36.408335,-81.740085
 36.404812,-81.74054
 36.404449,-81.741217
 36.403715,-81.741384
 36.403168,-81.741319
 36.402484,-81.740738
 36.401737,-81.740693
 36.401434,-81.738605
 36.400869,-81.738547
 36.39803,-81.739248
 36.397021,-81.73849
 36.395721,-81.739334
 36.394946,-81.738946
 36.394585,-81.7377
 36.394691,-81.736323
 36.39428,-81.735418
 36.394213,-81.734322
 36.394905,-81.732797
 36.394792,-81.73191
 36.394187,-81.731348
 36.393366,-81.729994
 36.392125,-81.729184
 36.391298,-81.728545
 36.390332,-81.729065
 36.389573,-81.730054
 36.387259,-81.730378
 36.386162,-81.729922
 36.385618,-81.729295
 36.384452,-81.730341
 36.382976,-81.730701
 36.382224,-81.733467
 36.379779,-81.734688
 36.379178,-81.734247
 36.37844,-81.732691
 36.377206,-81.731891
 36.375006,-81.731434
 36.374337,-81.731378
 36.3736,-81.730377
 36.373576,-81.729062
 36.372844,-81.728843
 36.37142,-81.728968
 36.370933,-81.728708
 36.370308,-81.727247
 36.368922,-81.726171
 36.368297,-81.725955
 36.365644,-81.727053
 36.363441,-81.724824
 36.362823,-81.723882
 36.360924,-81.722724
 36.358542,-81.722425
 36.357815,-81.724234
 36.355551,-81.723809
 36.354315,-81.722866
 36.352557,-81.722352
 36.350952,-81.72128
 36.35017,-81.720132
 36.347729,-81.717439
 36.346719,-81.714199
 36.346407,-81.708505
 36.345887,-81.70759
 36.342724,-81.705587
 36.341592,-81.705229
 36.340943,-81.705387
 36.338584,-81.705955
 36.336916,-81.707135
 36.335499,-81.707425
 36.335153,-81.707629
 36.335188,-81.709431
 36.336052,-81.713487
 36.336173,-81.716276
 36.336069,-81.718229
 36.336233,-81.718765
 36.336588,-81.719173
 36.33855,-81.720858
 36.339034,-81.723754
 36.340097,-81.724902
 36.34046,-81.725986
 36.341306,-81.72766
 36.341436,-81.728185
 36.341289,-81.729966
 36.341384,-81.731147
 36.342171,-81.734183
 36.342905,-81.735739
 36.342793,-81.736211
 36.341566,-81.73782
 36.339785,-81.739494
 36.33842,-81.742637
 36.337625,-81.745405
 36.3374,-81.747755
 36.337703,-81.748838
 36.337824,-81.750244
 36.337149,-81.751767
 36.337054,-81.754171
 36.337184,-81.754707
 36.338005,-81.755286
 36.339552,-81.75755
 36.339924,-81.758655
 36.340252,-81.761359
 36.340019,-81.762507
 36.338869,-81.764417
 36.338757,-81.76491
 36.339405,-81.765726
 36.340935,-81.768783
 36.342439,-81.769094
 36.342542,-81.770157
 36.343502,-81.771594
 36.343398,-81.773289
 36.343648,-81.773794
 36.344374,-81.774577
 36.345238,-81.775103
 36.346405,-81.776111
 36.34841,-81.778654
 36.348548,-81.779083
 36.348021,-81.780081
 36.347693,-81.781207
 36.347425,-81.785295
 36.347477,-81.785896
 36.34822,-81.788085
 36.348142,-81.789254
 36.348393,-81.789737
 36.349248,-81.790252
 36.350207,-81.790338
 36.351132,-81.790885
 36.352489,-81.791164
 36.352964,-81.791121
 36.353845,-81.790659
 36.355755,-81.790756
 36.356031,-81.791121
 36.356118,-81.791679
 36.356843,-81.79243
 36.358563,-81.793406
 36.359349,-81.793631
 36.360524,-81.793664
 36.361492,-81.793567
 36.362252,-81.793245
 36.362269,-81.793513
 36.361768,-81.795187
 36.361405,-81.795563
 36.360049,-81.796163
 36.35877,-81.797107
 36.358485,-81.797547
 36.358338,-81.799929
 36.357958,-81.801002
 36.357578,-81.801356
 36.356645,-81.801624
 36.355642,-81.80289
 36.355426,-81.803362
 36.355642,-81.803867
 36.355426,-81.804693
 36.354692,-81.806259
 36.354234,-81.807944
 36.35362,-81.808845
 36.35235,-81.809703
 36.351771,-81.810615
 36.351348,-81.815153
 36.35057,-81.818222
 36.349473,-81.820056
 36.348868,-81.822331
 36.348643,-81.824702
 36.348928,-81.825796
 36.348825,-81.826687
 36.347788,-81.829401
 36.347295,-81.831697
 36.347399,-81.832877
 36.347191,-81.833382
 36.346215,-81.834701
 36.345377,-81.836858
 36.344582,-81.838263
 36.344219,-81.839379
 36.343216,-81.841418
 36.341505,-81.844207
 36.340485,-81.845441
 36.339872,-81.84705
 36.339172,-81.847866
 36.338852,-81.848681
 36.338982,-81.84925
 36.338774,-81.849732
 36.337901,-81.851159
 36.337167,-81.85191
 36.336683,-81.852887
 36.336467,-81.853402
 36.337201,-81.854872
 36.336968,-81.85529
 36.334194,-81.857693
 36.332802,-81.859217
 36.33231,-81.860654
 36.33116,-81.861727
 36.330512,-81.862607
 36.329449,-81.865289
 36.327763,-81.866362
 36.326346,-81.86663
 36.325291,-81.867832
 36.324522,-81.868379
 36.321963,-81.871458
 36.320105,-81.873379
 36.319655,-81.873593
 36.318687,-81.874838
 36.316033,-81.876254
 36.314753,-81.878378
 36.313984,-81.879086
 36.313699,-81.879559
 36.313102,-81.881844
 36.312125,-81.883914
 36.311468,-81.884784
 36.310215,-81.885674
 36.309281,-81.887037
 36.30839,-81.891704
 36.308027,-81.892841
 36.307241,-81.894343
 36.30718,-81.894933
 36.307509,-81.897283
 36.307197,-81.898409
 36.306791,-81.899503
 36.3059,-81.900566
 36.305624,-81.901703
 36.305148,-81.902744
 36.303843,-81.903838
 36.303428,-81.905555
 36.302848,-81.906434
 36.302407,-81.906563
 36.301914,-81.908162
 36.256256,-81.938771
 36.24108,-81.950551
 36.228099,-81.960132
 36.189334,-81.986332
 36.170369,-81.998928
 36.163526,-82.003788
 36.131064,-82.026072
 36.130215,-82.026597
 36.129253,-82.026372
 36.124651,-82.028539
 36.123412,-82.029462
 36.121445,-82.032101
 36.120422,-82.033228
 36.120864,-82.036929
 36.121185,-82.038056
 36.121826,-82.038935
 36.12304,-82.039912
 36.125319,-82.043763
 36.125492,-82.0443
 36.126194,-82.049417
 36.125943,-82.051166
 36.126168,-82.052336
 36.126766,-82.053934
 36.126133,-82.05461
 36.123681,-82.056059
 36.122719,-82.056134
 36.121263,-82.055962
 36.120474,-82.056177
 36.117987,-82.058548
 36.113168,-82.061327
 36.112917,-82.061799
 36.112691,-82.064781
 36.11205,-82.067045
 36.11094,-82.069266
 36.11029,-82.070146
 36.109484,-82.070757
 36.107785,-82.076969
 36.106676,-82.079405
 36.106347,-82.079823
 36.105436,-82.08022
 36.103113,-82.08052
 36.10476,-82.084018
 36.105956,-82.085842
 36.106121,-82.088224
 36.105809,-82.099242
 36.106338,-82.101892
 36.107725,-82.104349
 36.108089,-82.105433
 36.107837,-82.107182
 36.107109,-82.109413
 36.10522,-82.113587
 36.104639,-82.115228
 36.104518,-82.11702
 36.104691,-82.119402
 36.104318,-82.122771
 36.104552,-82.125002
 36.104414,-82.126729
 36.103928,-82.128242
 36.10398,-82.128832
 36.104353,-82.129894
 36.104639,-82.130356
 36.105064,-82.130635
 36.106979,-82.130731
 36.108375,-82.131193
 36.110958,-82.132856
 36.113411,-82.134186
 36.114537,-82.135302
 36.116384,-82.135978
 36.117658,-82.136858
 36.118585,-82.137104
 36.11979,-82.137952
 36.120431,-82.137887
 36.122095,-82.136933
 36.123516,-82.136579
 36.12492,-82.136879
 36.125327,-82.136675
 36.128698,-82.136557
 36.129591,-82.136954
 36.130787,-82.137941
 36.135275,-82.140205
 36.136124,-82.140774
 36.136584,-82.140956
 36.137849,-82.140752
 36.138577,-82.140924
 36.138984,-82.141224
 36.13927,-82.141696
 36.139842,-82.143338
 36.140474,-82.144175
 36.141392,-82.143992
 36.142285,-82.144325
 36.14374,-82.144142
 36.1442,-82.144217
 36.145646,-82.145977
 36.14653,-82.146385
 36.147934,-82.147565
 36.14932,-82.147876
 36.149562,-82.148284
 36.149545,-82.148863
 36.148783,-82.151062
 36.148263,-82.152039
 36.147674,-82.152479
 36.148116,-82.15265
 36.148289,-82.15309
 36.148107,-82.155901
 36.147622,-82.156802
 36.145906,-82.158948
 36.14601,-82.15942
 36.14666,-82.160161
 36.146677,-82.161416
 36.146253,-82.162403
 36.146227,-82.162875
 36.146392,-82.163358
 36.146651,-82.169452
 36.146331,-82.172338
 36.145439,-82.173733
 36.14368,-82.174666
 36.142449,-82.176447
 36.142285,-82.17694
 36.143888,-82.180427
 36.143714,-82.182187
 36.143844,-82.182713
 36.144754,-82.184043
 36.145517,-82.184772
 36.147145,-82.185427
 36.148791,-82.186682
 36.15068,-82.187026
 36.151026,-82.18738
 36.150966,-82.187905
 36.150195,-82.190008
 36.149675,-82.191017
 36.148939,-82.191778
 36.148869,-82.192304
 36.150143,-82.195491
 36.151373,-82.196413
 36.152031,-82.197261
 36.152465,-82.198935
 36.153262,-82.199557
 36.156172,-82.200844
 36.156545,-82.201145
 36.157359,-82.203323
 36.15742,-82.203902
 36.157142,-82.206885
 36.157246,-82.208065
 36.157402,-82.208601
 36.158139,-82.209374
 36.15871,-82.210318
 36.15904,-82.211648
 36.159109,-82.213451
 36.158693,-82.215157
 36.156865,-82.218654
 36.156657,-82.219824
 36.157013,-82.221465
 36.156865,-82.22198
 36.155947,-82.221862
 36.15502,-82.222184
 36.153461,-82.223589
 36.151555,-82.223922
 36.150628,-82.224265
 36.149173,-82.22581
 36.148306,-82.226261
 36.146989,-82.227967
 36.145551,-82.228975
 36.144641,-82.229286
 36.14426,-82.230939
 36.14381,-82.23199
 36.143004,-82.233042
 36.142242,-82.233546
 36.141999,-82.234608
 36.140769,-82.235477
 36.14005,-82.236282
 36.139044,-82.238299
 36.137459,-82.240283
 36.137182,-82.241389
 36.136419,-82.242064
 36.135041,-82.242526
 36.134348,-82.243298
 36.132927,-82.243556
 36.132078,-82.244328
 36.13122,-82.24479
 36.131099,-82.245219
 36.131948,-82.246667
 36.132476,-82.248963
 36.13213,-82.250648
 36.132243,-82.251806
 36.133759,-82.253265
 36.135908,-82.254478
 36.135007,-82.256495
 36.13369,-82.260336
 36.133308,-82.260711
 36.131506,-82.261537
 36.130189,-82.263243
 36.129773,-82.263554
 36.12836,-82.264069
 36.127399,-82.264241
 36.127173,-82.264606
 36.126931,-82.266827
 36.127416,-82.268479
 36.127589,-82.270818
 36.128586,-82.272094
 36.129392,-82.274262
 36.129028,-82.276686
 36.128516,-82.278725
 36.128872,-82.280452
 36.129418,-82.281117
 36.130622,-82.282094
 36.132017,-82.284508
 36.135371,-82.288445
 36.135639,-82.288917
 36.135674,-82.289486
 36.135206,-82.291192
 36.134019,-82.293777
 36.133594,-82.297318
 36.13213,-82.30029
 36.131211,-82.303047
 36.128516,-82.307221
 36.126454,-82.308755
 36.125223,-82.31148
 36.124937,-82.312628
 36.124443,-82.313647
 36.124149,-82.31413
 36.122294,-82.316008
 36.120812,-82.318379
 36.119625,-82.321168
 36.11959,-82.321748
 36.120076,-82.322531
 36.120006,-82.323722
 36.117632,-82.328249
 36.117311,-82.329987
 36.117294,-82.331178
 36.116912,-82.332251
 36.11628,-82.333142
 36.115127,-82.335759
 36.114962,-82.336317
 36.115161,-82.337444
 36.115057,-82.338581
 36.115708,-82.343034
 36.115248,-82.347143
 36.115699,-82.348183
 36.116869,-82.349203
 36.117068,-82.349739
 36.116531,-82.352636
 36.115257,-82.355683
 36.113783,-82.357249
 36.11153,-82.360382
 36.110585,-82.36094
 36.109805,-82.361648
 36.109536,-82.362099
 36.109363,-82.36329
 36.109129,-82.363762
 36.10821,-82.364019
 36.107517,-82.36447
 36.107569,-82.366776
 36.107075,-82.369695
 36.106165,-82.371765
 36.10613,-82.374126
 36.105757,-82.375242
 36.10509,-82.376121
 36.103911,-82.377087
 36.103477,-82.378128
 36.103105,-82.378503
 36.102697,-82.378803
 36.100296,-82.379726
 36.099464,-82.380327
 36.099308,-82.380821
 36.099446,-82.383063
 36.098727,-82.383846
 36.098484,-82.38435
 36.09773,-82.387483
 36.097002,-82.389704
 36.096308,-82.390509
 36.095077,-82.391378
 36.094592,-82.392397
 36.093352,-82.394146
 36.093205,-82.395326
 36.092997,-82.395809
 36.091948,-82.397064
 36.09056,-82.397815
 36.090075,-82.4001
 36.089112,-82.40216
 36.088402,-82.402965
 36.087231,-82.404842
 36.086078,-82.405947
 36.084708,-82.406774
 36.084118,-82.407589
 36.083225,-82.409638
 36.082436,-82.410336
 36.072421,-82.416945
 36.068016,-82.419316
 36.064651,-82.422137
 36.042602,-82.4369
 36.00765,-82.460847
 36.007416,-82.46133
 36.007225,-82.463089
 36.006687,-82.464184
 36.004769,-82.467027
 36.003502,-82.468486
 36.002807,-82.470685
 36.00128,-82.472155
 36.00016,-82.474076
 35.999214,-82.47473
 35.998251,-82.476039
 35.998641,-82.478346
 35.998572,-82.480148
 35.997764,-82.482294
 35.996176,-82.483517
 35.993737,-82.483796
 35.992982,-82.484547
 35.991549,-82.487497
 35.990082,-82.48989
 35.989006,-82.491059
 35.988476,-82.492068
 35.987027,-82.493602
 35.984431,-82.497647
 35.982503,-82.500329
 35.982113,-82.50138
 35.982078,-82.503172
 35.981887,-82.503666
 35.979057,-82.504352
 35.978631,-82.504599
 35.977633,-82.505704
 35.977459,-82.509609
 35.977199,-82.510747
 35.975488,-82.512839
 35.97528,-82.513354
 35.975905,-82.51624
 35.975558,-82.517946
 35.974646,-82.520585
 35.973908,-82.52213
 35.973561,-82.522559
 35.972189,-82.522956
 35.971025,-82.525413
 35.971486,-82.526454
 35.972467,-82.527698
 35.972198,-82.53111
 35.969862,-82.534876
 35.969376,-82.53656
 35.969158,-82.538942
 35.968021,-82.542375
 35.967361,-82.543234
 35.966519,-82.543749
 35.965242,-82.54554
 35.964825,-82.546624
 35.964278,-82.549531
 35.963948,-82.549896
 35.962524,-82.55024
 35.962142,-82.550551
 35.960501,-82.553244
 35.959259,-82.553962
 35.956011,-82.55658
 35.953944,-82.558007
 35.954135,-82.559123
 35.954839,-82.560689
 35.955585,-82.56379
 35.955264,-82.565464
 35.95549,-82.567223
 35.956289,-82.568704
 35.957322,-82.569895
 35.957644,-82.571043
 35.957974,-82.573725
 35.958503,-82.575388
 35.959424,-82.576751
 35.960197,-82.576997
 35.962715,-82.577255
 35.964113,-82.577738
 35.964669,-82.57866
 35.965485,-82.580838
 35.965303,-82.584196
 35.965572,-82.585655
 35.965676,-82.588649
 35.966145,-82.590344
 35.966354,-82.592114
 35.966111,-82.593251
 35.965286,-82.595183
 35.965016,-82.596942
 35.965086,-82.598723
 35.964678,-82.600408
 35.966406,-82.604002
 35.966536,-82.606169
 35.966102,-82.607832
 35.967048,-82.609152
 35.967153,-82.610257
 35.967378,-82.61075
 35.967804,-82.610922
 35.969853,-82.611126
 35.97126,-82.611544
 35.974108,-82.610986
 35.978423,-82.608798
 35.979673,-82.607929
 35.983962,-82.606941
 35.984787,-82.606373
 35.985785,-82.605289
 35.987339,-82.60427
 35.990976,-82.606137
 35.9922,-82.607059
 35.992626,-82.608122
 35.993615,-82.612714
 35.994032,-82.612971
 35.995473,-82.612907
 36.000099,-82.614999
 36.001532,-82.614838
 36.003415,-82.614344
 36.004639,-82.613894
 36.005116,-82.612821
 36.006262,-82.611769
 36.007928,-82.60898
 36.008649,-82.608218
 36.009985,-82.607585
 36.010358,-82.607821
 36.011,-82.609366
 36.011452,-82.609377
 36.012736,-82.608637
 36.014229,-82.608562
 36.015166,-82.608315
 36.016216,-82.607092
 36.017535,-82.603165
 36.017952,-82.602907
 36.021214,-82.603937
 36.022759,-82.603401
 36.023176,-82.603101
 36.024226,-82.601867
 36.024659,-82.60088
 36.025892,-82.599957
 36.028538,-82.596459
 36.030317,-82.593681
 36.03167,-82.590934
 36.032078,-82.590719
 36.033475,-82.590945
 36.035687,-82.592061
 36.03613,-82.594357
 36.036607,-82.595762
 36.036537,-82.598734
 36.035973,-82.601588
 36.036338,-82.601856
 36.037778,-82.601663
 36.039157,-82.602221
 36.040068,-82.603176
 36.040589,-82.605332
 36.040997,-82.606083
 36.043755,-82.608336
 36.044822,-82.609549
 36.044996,-82.611147
 36.046011,-82.612349
 36.046358,-82.613454
 36.046306,-82.614623
 36.046861,-82.616222
 36.046705,-82.617155
 36.046956,-82.617992
 36.047338,-82.618282
 36.047806,-82.618325
 36.049073,-82.618014
 36.051467,-82.617981
 36.054286,-82.61737
 36.054642,-82.617756
 36.055509,-82.618089
 36.056255,-82.61884
 36.056862,-82.619784
 36.057452,-82.622048
 36.057721,-82.62253
 36.058536,-82.623163
 36.058796,-82.623657
 36.060253,-82.624977
 36.06067,-82.62606
 36.063298,-82.630137
 36.063992,-82.631704
 36.06433,-82.632068
 36.065292,-82.632176
 36.0657,-82.632369
 36.065613,-82.634676
 36.065882,-82.636435
 36.065804,-82.637014
 36.064295,-82.639503
 36.063376,-82.641617
 36.06315,-82.642776
 36.062656,-82.643795
 36.06139,-82.645619
 36.059525,-82.647496
 36.05792,-82.64991
 36.057365,-82.651434
 36.057079,-82.653193
 36.05629,-82.654663
 36.056585,-82.657002
 36.057105,-82.658654
 36.057027,-82.659223
 36.055596,-82.660757
 36.054807,-82.663139
 36.05315,-82.6661
 36.052959,-82.666647
 36.052933,-82.668407
 36.053141,-82.669523
 36.052777,-82.670628
 36.052014,-82.671325
 36.051528,-82.672484
 36.050149,-82.673063
 36.049767,-82.673396
 36.048717,-82.675155
 36.048587,-82.678664
 36.048405,-82.679189
 36.046913,-82.680702
 36.046254,-82.681593
 36.046037,-82.682097
 36.046019,-82.683663
 36.045707,-82.684125
 36.044918,-82.68479
 36.042081,-82.685509
 36.039938,-82.687225
 36.039192,-82.687998
 36.038585,-82.68892
 36.037821,-82.690455
 36.037561,-82.692204
 36.036806,-82.693652
 36.036668,-82.695057
 36.036164,-82.696055
 36.035843,-82.69716
 36.035522,-82.697589
 36.034204,-82.698115
 36.034577,-82.700379
 36.034429,-82.700926
 36.034073,-82.701248
 36.03311,-82.70143
 36.032703,-82.70172
 36.03246,-82.702171
 36.032338,-82.703297
 36.02997,-82.707825
 36.029727,-82.708973
 36.029805,-82.710153
 36.02918,-82.71232
 36.029024,-82.714112
 36.028581,-82.715131
 36.028147,-82.715389
 36.027193,-82.71556
 36.0238,-82.715399
 36.022881,-82.715861
 36.022238,-82.717041
 36.021978,-82.71879
 36.021579,-82.719862
 36.020191,-82.721536
 36.019297,-82.722888
 36.018143,-82.725495
 36.018498,-82.727523
 36.017631,-82.730259
 36.017474,-82.731986
 36.015808,-82.733155
 36.015253,-82.734132
 36.01514,-82.735291
 36.015392,-82.737061
 36.01501,-82.738799
 36.014732,-82.739292
 36.014359,-82.739475
 36.013587,-82.73926
 36.012962,-82.739389
 36.012155,-82.740033
 36.011946,-82.740515
 36.012406,-82.741567
 36.012484,-82.742125
 36.012302,-82.742661
 36.011946,-82.743026
 36.011009,-82.743112
 36.010645,-82.743444
 36.009785,-82.744882
 36.00943,-82.745976
 36.009933,-82.747661
 36.009872,-82.748809
 36.008918,-82.750472
 36.008536,-82.750601
 36.007164,-82.750075
 36.006201,-82.750021
 36.006001,-82.750407
 36.006053,-82.752103
 36.004769,-82.753658
 36.004396,-82.754334
 36.004387,-82.756072
 36.004023,-82.758991
 36.004864,-82.759978
 36.004804,-82.761866
 36.004552,-82.762874
 36.003936,-82.76369
 36.002877,-82.765653
 36.001601,-82.770138
 36.000542,-82.772498
 36.000533,-82.773689
 36.000802,-82.775406
 36.000664,-82.775878
 36.000204,-82.775974
 35.999249,-82.775824
 35.998841,-82.775996
 35.998528,-82.776436
 35.998693,-82.77739
 35.997903,-82.778066
 35.997018,-82.778538
 35.996081,-82.778302
 35.99464,-82.778914
 35.992721,-82.779343
 35.992105,-82.780159
 35.991332,-82.780834
 35.989822,-82.783259
 35.988928,-82.785373
 35.988633,-82.785609
 35.987721,-82.785233
 35.986158,-82.785019
 35.984222,-82.785233
 35.982816,-82.784793
 35.981956,-82.784246
 35.980689,-82.784922
 35.978301,-82.785491
 35.977416,-82.785029
 35.975532,-82.783152
 35.974881,-82.782251
 35.974507,-82.781392
 35.974429,-82.780802
 35.974716,-82.778517
 35.974056,-82.776918
 35.973813,-82.776403
 35.973066,-82.775674
 35.972215,-82.775073
 35.971842,-82.775105
 35.970365,-82.776639
 35.969931,-82.776875
 35.967813,-82.777401
 35.966936,-82.77783
 35.96625,-82.779386
 35.965095,-82.782787
 35.964174,-82.784171
 35.963393,-82.784847
 35.962507,-82.785308
 35.95945,-82.785201
 35.958972,-82.785308
 35.955881,-82.786982
 35.953449,-82.7871
 35.952077,-82.787594
 35.951443,-82.788473
 35.951712,-82.789557
 35.950809,-82.791531
 35.949506,-82.792293
 35.94869,-82.793398
 35.946701,-82.795061
 35.946344,-82.796745
 35.944364,-82.800146
 35.944008,-82.800543
 35.941307,-82.802281
 35.940264,-82.803515
 35.938675,-82.80447
 35.937815,-82.805876
 35.936885,-82.806154
 35.935,-82.805618
 35.934531,-82.805414
 35.93381,-82.804663
 35.932429,-82.804105
 35.930083,-82.802796
 35.929127,-82.802914
 35.928467,-82.804019
 35.927364,-82.804856
 35.927147,-82.805318
 35.926982,-82.807099
 35.927216,-82.80888
 35.927147,-82.809459
 35.926712,-82.811154
 35.925479,-82.812978
 35.925366,-82.813547
 35.925635,-82.815038
 35.924896,-82.815317
 35.924167,-82.815896
 35.923498,-82.818128
 35.922082,-82.82052
 35.921864,-82.821679
 35.922472,-82.822484
 35.925175,-82.823524
 35.927694,-82.826325
 35.928128,-82.82655
 35.928945,-82.826046
 35.929466,-82.825992
 35.929849,-82.826174
 35.932602,-82.828653
 35.932906,-82.82905
 35.932959,-82.829629
 35.93262,-82.831228
 35.933254,-82.832805
 35.935182,-82.833395
 35.93593,-82.834103
 35.937302,-82.836485
 35.937415,-82.838641
 35.937745,-82.839006
 35.938188,-82.839199
 35.939144,-82.839307
 35.939578,-82.839564
 35.941611,-82.841184
 35.942001,-82.842236
 35.942158,-82.844542
 35.945146,-82.844875
 35.946266,-82.845926
 35.946127,-82.847074
 35.946214,-82.847643
 35.947031,-82.848963
 35.947734,-82.849789
 35.948967,-82.850733
 35.949515,-82.851677
 35.949106,-82.852653
 35.94842,-82.855518
 35.947943,-82.858855
 35.947517,-82.860432
 35.947534,-82.860979
 35.948776,-82.863543
 35.949575,-82.866365
 35.950305,-82.867105
 35.950513,-82.867609
 35.950652,-82.869369
 35.951981,-82.870764
 35.952641,-82.874218
 35.951121,-82.877244
 35.950487,-82.878102
 35.949784,-82.882651
 35.949124,-82.884228
 35.948629,-82.886546
 35.948742,-82.887715
 35.94842,-82.888842
 35.948134,-82.889282
 35.946562,-82.890698
 35.945154,-82.89279
 35.944877,-82.893916
 35.944651,-82.896888
 35.944998,-82.898498
 35.938249,-82.901491
 35.937302,-82.901695
 35.936433,-82.901298
 35.935504,-82.901448
 35.934322,-82.900472
 35.932967,-82.900075
 35.932151,-82.899517
 35.931682,-82.899613
 35.930326,-82.899034
 35.929484,-82.899495
 35.928876,-82.900343
 35.928459,-82.900515
 35.928172,-82.900987
 35.926964,-82.901963
 35.926156,-82.904366
 35.926347,-82.906137
 35.927234,-82.90825
 35.927459,-82.910031
 35.92785,-82.911104
 35.928189,-82.911522
 35.929093,-82.911898
 35.929449,-82.91222
 35.929571,-82.912799
 35.929666,-82.914237
 35.92918,-82.91591
 35.928815,-82.919483
 35.928641,-82.919945
 35.92726,-82.920341
 35.926434,-82.919762
 35.925704,-82.91899
 35.925157,-82.918013
 35.924271,-82.916962
 35.924462,-82.914108
 35.923906,-82.913357
 35.92196,-82.913486
 35.921039,-82.913164
 35.920622,-82.912874
 35.920005,-82.911994
 35.919562,-82.911834
 35.91818,-82.912327
 35.917763,-82.912284
 35.916894,-82.911769
 35.916503,-82.911962
 35.915113,-82.914387
 35.914514,-82.913647
 35.913705,-82.913067
 35.913141,-82.911479
 35.912576,-82.910568
 35.91122,-82.909935
 35.91102,-82.909452
 35.911073,-82.908347
 35.910682,-82.908196
 35.909239,-82.908218
 35.907553,-82.907038
 35.907127,-82.907091
 35.905068,-82.908379
 35.903808,-82.907617
 35.903373,-82.906544
 35.903008,-82.906169
 35.899741,-82.905042
 35.898289,-82.90486
 35.89702,-82.904506
 35.895395,-82.903197
 35.893761,-82.902381
 35.893379,-82.90207
 35.892857,-82.901148
 35.892396,-82.901201
 35.891214,-82.902124
 35.890258,-82.902113
 35.888894,-82.902746
 35.885486,-82.906029
 35.885052,-82.906287
 35.884095,-82.906491
 35.883635,-82.90633
 35.883226,-82.906018
 35.882618,-82.905171
 35.882174,-82.904978
 35.880471,-82.903637
 35.88081,-82.901899
 35.880766,-82.901319
 35.881123,-82.900246
 35.881218,-82.897961
 35.880401,-82.896491
 35.879393,-82.89618
 35.878932,-82.896341
 35.878132,-82.896985
 35.877532,-82.897907
 35.87595,-82.89927
 35.874098,-82.899892
 35.872916,-82.900901
 35.872612,-82.901362
 35.871342,-82.905128
 35.870204,-82.90677
 35.868639,-82.911061
 35.868691,-82.911651
 35.868491,-82.91281
 35.868726,-82.914966
 35.868717,-82.918561
 35.868526,-82.920341
 35.868239,-82.920749
 35.866343,-82.921135
 35.864926,-82.920889
 35.864448,-82.920942
 35.863526,-82.92135
 35.863065,-82.921382
 35.861309,-82.920331
 35.86044,-82.918893
 35.860031,-82.918614
 35.859553,-82.918539
 35.859074,-82.91855
 35.85864,-82.918775
 35.857909,-82.919558
 35.856066,-82.920256
 35.855579,-82.920309
 35.854692,-82.919902
 35.852709,-82.920223
 35.852309,-82.919955
 35.851909,-82.920116
 35.851213,-82.92091
 35.850761,-82.920856
 35.849622,-82.919827
 35.848161,-82.919784
 35.847352,-82.919194
 35.845535,-82.918367
 35.844752,-82.917541
 35.84403,-82.917209
 35.843073,-82.917048
 35.841743,-82.916329
 35.841386,-82.916597
 35.840934,-82.918904
 35.840673,-82.919387
 35.839438,-82.920234
 35.838542,-82.927723
 35.837881,-82.929976
 35.837551,-82.931746
 35.83669,-82.933871
 35.836307,-82.933903
 35.835124,-82.933034
 35.834663,-82.932873
 35.833689,-82.932808
 35.833228,-82.932926
 35.832593,-82.933785
 35.832149,-82.933913
 35.83121,-82.93371
 35.830818,-82.933377
 35.830409,-82.93328
 35.828879,-82.934697
 35.825556,-82.936049
 35.82539,-82.936553
 35.825373,-82.937754
 35.825834,-82.938763
 35.825834,-82.941123
 35.82566,-82.943505
 35.825286,-82.944589
 35.824651,-82.94549
 35.82312,-82.946702
 35.822441,-82.946831
 35.821858,-82.946874
 35.819927,-82.948451
 35.819457,-82.948483
 35.817918,-82.948054
 35.816378,-82.949653
 35.816317,-82.950189
 35.816787,-82.951198
 35.816578,-82.95167
 35.814429,-82.953011
 35.813681,-82.953762
 35.812732,-82.953955
 35.810522,-82.955103
 35.809722,-82.955768
 35.808069,-82.956047
 35.80645,-82.957367
 35.803831,-82.958622
 35.802979,-82.959201
 35.801169,-82.961186
 35.800403,-82.961755
 35.799515,-82.961926
 35.797105,-82.961798
 35.79546,-82.962795
 35.794973,-82.962828
 35.793528,-82.962656
 35.792249,-82.961819
 35.791292,-82.961658
 35.790578,-82.962281
 35.790004,-82.963225
 35.789943,-82.963815
 35.790343,-82.964877
 35.789786,-82.967752
 35.789847,-82.969179
 35.788785,-82.971153
 35.78808,-82.971979
 35.786749,-82.974447
 35.78587,-82.974876
 35.784669,-82.976732
 35.783006,-82.977955
 35.782606,-82.978449
 35.781857,-82.980101
 35.781091,-82.980809
 35.780186,-82.981249
 35.778141,-82.983824
 35.777157,-82.986517
 35.776191,-82.987783
 35.775965,-82.989532
 35.775408,-82.990519
 35.773963,-82.992042
 35.77378,-82.992589
 35.773136,-82.995915
 35.773231,-82.997707
 35.773562,-82.999016
 35.773884,-82.999649
 35.773667,-83.001183
 35.773736,-83.00143
 35.774468,-83.001623
 35.774981,-83.002042
 35.775521,-83.003018
 35.775904,-83.00335
 35.776818,-83.003715
 35.777523,-83.005217
 35.778289,-83.005936
 35.77848,-83.006462
 35.778463,-83.007642
 35.778855,-83.008715
 35.778637,-83.009734
 35.778663,-83.010786
 35.778855,-83.011333
 35.780865,-83.013715
 35.78137,-83.015356
 35.781927,-83.016257
 35.78144,-83.017931
 35.780334,-83.019894
 35.780334,-83.020463
 35.780935,-83.021364
 35.782049,-83.022501
 35.782406,-83.02307
 35.782989,-83.023424
 35.783346,-83.024025
 35.783659,-83.025763
 35.784834,-83.02763
 35.785008,-83.028767
 35.785443,-83.029829
 35.785234,-83.031471
 35.785931,-83.032265
 35.786784,-83.033692
 35.787323,-83.035977
 35.787384,-83.036556
 35.786827,-83.037479
 35.786853,-83.039163
 35.786314,-83.040837
 35.785374,-83.042897
 35.785365,-83.044099
 35.785757,-83.046041
 35.786009,-83.046545
 35.787741,-83.048637
 35.788455,-83.050847
 35.789377,-83.052242
 35.789525,-83.052778
 35.788559,-83.057263
 35.787602,-83.059988
 35.786818,-83.061469
 35.786653,-83.06384
 35.787149,-83.06547
 35.787175,-83.067273
 35.787776,-83.068904
 35.787976,-83.070685
 35.788411,-83.072358
 35.789899,-83.073903
 35.789995,-83.07444
 35.789255,-83.076628
 35.789534,-83.078356
 35.78922,-83.079
 35.788524,-83.079847
 35.788167,-83.080233
 35.78728,-83.080738
 35.786958,-83.081145
 35.786853,-83.082916
 35.785878,-83.084975
 35.785565,-83.085362
 35.783729,-83.086027
 35.783659,-83.087132
 35.783468,-83.087593
 35.782554,-83.08813
 35.782336,-83.088602
 35.781413,-83.089288
 35.780665,-83.090769
 35.779681,-83.09285
 35.77942,-83.094589
 35.779081,-83.094964
 35.776861,-83.096198
 35.775895,-83.097528
 35.774703,-83.100554
 35.774999,-83.102067
 35.774946,-83.102614
 35.774093,-83.104674
 35.773641,-83.10477
 35.773371,-83.105189
 35.773136,-83.106122
 35.771995,-83.107967
 35.771978,-83.109115
 35.771282,-83.10963
 35.77062,-83.11154
 35.770707,-83.112613
 35.770089,-83.114222
 35.769924,-83.115402
 35.769932,-83.117205
 35.769732,-83.117731
 35.769427,-83.118181
 35.768235,-83.119211
 35.766415,-83.120102
 35.766354,-83.120509
 35.76692,-83.12214
 35.767129,-83.124565
 35.767713,-83.126206
 35.768035,-83.127923
 35.767556,-83.129618
 35.767338,-83.13141
 35.766694,-83.134199
 35.765292,-83.13657
 35.765406,-83.137161
 35.765258,-83.138909
 35.76591,-83.141152
 35.765171,-83.146698
 35.764291,-83.148158
 35.764143,-83.149885
 35.764161,-83.150475
 35.764509,-83.151569
 35.764396,-83.154563
 35.764979,-83.157578
 35.764796,-83.159316
 35.763081,-83.161848
 35.760025,-83.164819
 35.758658,-83.165399
 35.758171,-83.16541
 35.756708,-83.165356
 35.754566,-83.164841
 35.752442,-83.166268
 35.751388,-83.167856
 35.750979,-83.168167
 35.7501,-83.16866
 35.746834,-83.169905
 35.746077,-83.170506
 35.74585,-83.172276
 35.744806,-83.175634
 35.744065,-83.177179
 35.743525,-83.177683
 35.742184,-83.178381
 35.73884,-83.180848
 35.737621,-83.181396
 35.736359,-83.181578
 35.735914,-83.181803
 35.729949,-83.185762
 35.729809,-83.188123
 35.729269,-83.189689
 35.726961,-83.195354
 35.725489,-83.198444
 35.725402,-83.200343
 35.7265,-83.203669
 35.725132,-83.210031
 35.724479,-83.214494
 35.725751,-83.217026
 35.726552,-83.219848
 35.726134,-83.222991
 35.726108,-83.232003
 35.726726,-83.240243
 35.726622,-83.240737
 35.723486,-83.242314
 35.722267,-83.24402
 35.72177,-83.245039
 35.720655,-83.249652
 35.719923,-83.251208
 35.716204,-83.255285
 35.715263,-83.255457
 35.714828,-83.255317
 35.713991,-83.254234
 35.711753,-83.253225
 35.710028,-83.25138
 35.709287,-83.2508
 35.70825,-83.252034
 35.70589,-83.256776
 35.705593,-83.257248
 35.705245,-83.257452
 35.701429,-83.255156
 35.699042,-83.255628
 35.696924,-83.254459
 35.695922,-83.254255
 35.695565,-83.254652
 35.695208,-83.255757
 35.694119,-83.256937
 35.691461,-83.258622
 35.690128,-83.259276
 35.689317,-83.260767
 35.688542,-83.262956
 35.689056,-83.264576
 35.686573,-83.269125
 35.68578,-83.269769
 35.681518,-83.271421
 35.681231,-83.271872
 35.67947,-83.275477
 35.678416,-83.278191
 35.677797,-83.281077
 35.676289,-83.282547
 35.675418,-83.283105
 35.674816,-83.283931
 35.67493,-83.287321
 35.674511,-83.289059
 35.672507,-83.290679
 35.667164,-83.29113
 35.666371,-83.291742
 35.666057,-83.292224
 35.665734,-83.293265
 35.663355,-83.293855
 35.661916,-83.293737
 35.657654,-83.297342
 35.656974,-83.299016
 35.656738,-83.300786
 35.656058,-83.302374
 35.655561,-83.305303
 35.656102,-83.3082
 35.655936,-83.308725
 35.654559,-83.310399
 35.654707,-83.312116
 35.654847,-83.312663
 35.656006,-83.313618
 35.657165,-83.315549
 35.658918,-83.31778
 35.662788,-83.321182
 35.663206,-83.322877
 35.663416,-83.325859
 35.664069,-83.329378
 35.664845,-83.331267
 35.665272,-83.333091
 35.665438,-83.334872
 35.663102,-83.337801
 35.663076,-83.338391
 35.663267,-83.338916
 35.6642,-83.34029
 35.664331,-83.340772
 35.66386,-83.341781
 35.661977,-83.343648
 35.661716,-83.344131
 35.660504,-83.347371
 35.660818,-83.349119
 35.659981,-83.351265
 35.659685,-83.351716
 35.6572,-83.353947
 35.654664,-83.355492
 35.653713,-83.355632
 35.652266,-83.355407
 35.650863,-83.355889
 35.649973,-83.356318
 35.648395,-83.35825
 35.647122,-83.358207
 35.645571,-83.360395
 35.643574,-83.362058
 35.642693,-83.364108
 35.638682,-83.367079
 35.638255,-83.368142
 35.638203,-83.369933
 35.63829,-83.370502
 35.639153,-83.37195
 35.638944,-83.373474
 35.6387,-83.373946
 35.637104,-83.375727
 35.636607,-83.376735
 35.634532,-83.378109
 35.63468,-83.380469
 35.633704,-83.38829
 35.633486,-83.388773
 35.632108,-83.38872
 35.630808,-83.389567
 35.627434,-83.391101
 35.625707,-83.392239
 35.624931,-83.392925
 35.622908,-83.396316
 35.621835,-83.39991
 35.621294,-83.403525
 35.620378,-83.405639
 35.61955,-83.407109
 35.618381,-83.408697
 35.617221,-83.411325
 35.616925,-83.411776
 35.61648,-83.412001
 35.616183,-83.412398
 35.615773,-83.413482
 35.61477,-83.414791
 35.61341,-83.420295
 35.611656,-83.42097
 35.611316,-83.421367
 35.611142,-83.421904
 35.610863,-83.424286
 35.611107,-83.425992
 35.61068,-83.427054
 35.610653,-83.428781
 35.610313,-83.42921
 35.610165,-83.429757
 35.609956,-83.432139
 35.610767,-83.435572
 35.611072,-83.437943
 35.611116,-83.439746
 35.611718,-83.44113
 35.611779,-83.445625
 35.611465,-83.445904
 35.609118,-83.44672
 35.608734,-83.447084
 35.606336,-83.450775
 35.605394,-83.45084
 35.603919,-83.45129
 35.602951,-83.452384
 35.601878,-83.454992
 35.599008,-83.45526
 35.59811,-83.45571
 35.597377,-83.456504
 35.596705,-83.457373
 35.595902,-83.458875
 35.595449,-83.461171
 35.595213,-83.461472
 35.592622,-83.462781
 35.591715,-83.466439
 35.591052,-83.468016
 35.590205,-83.471439
 35.589123,-83.472598
 35.587187,-83.47249
 35.586724,-83.472587
 35.586401,-83.472855
 35.584848,-83.475248
 35.583365,-83.478971
 35.582955,-83.47926
 35.582475,-83.479249
 35.579124,-83.478595
 35.576227,-83.481041
 35.575756,-83.481095
 35.574447,-83.481878
 35.572117,-83.48279
 35.571026,-83.483927
 35.568373,-83.485322
 35.567911,-83.486663
 35.567457,-83.488959
 35.567047,-83.489957
 35.566959,-83.492285
 35.566514,-83.493991
 35.564874,-83.496459
 35.563268,-83.497778
 35.563023,-83.498261
 35.563137,-83.500042
 35.563084,-83.512101
 35.562919,-83.517476
 35.565467,-83.52033
 35.565554,-83.520845
 35.565205,-83.523828
 35.56517,-83.528634
 35.56469,-83.534321
 35.565659,-83.541123
 35.564629,-83.547603
 35.564376,-83.552141
 35.565057,-83.555628
 35.564856,-83.559812
 35.565336,-83.563761
 35.565938,-83.566003
 35.564804,-83.567044
 35.564629,-83.567537
 35.56449,-83.56934
 35.565406,-83.572097
 35.565441,-83.572644
 35.564132,-83.576045
 35.563329,-83.580122
 35.562761,-83.581774
 35.562971,-83.585519
 35.56387,-83.586913
 35.564271,-83.587203
 35.566663,-83.587761
 35.567099,-83.587997
 35.570328,-83.59172
 35.57299,-83.59437
 35.574499,-83.596194
 35.574761,-83.596666
 35.575171,-83.598983
 35.578077,-83.601719
 35.578356,-83.602191
 35.579334,-83.604927
 35.579438,-83.608521
 35.579281,-83.609015
 35.576576,-83.611965
 35.57395,-83.615516
 35.572833,-83.618402
 35.572082,-83.622501
 35.570031,-83.625011
 35.568277,-83.628788
 35.568076,-83.629303
 35.568146,-83.630397
 35.569167,-83.632436
 35.570258,-83.633627
 35.57045,-83.634088
 35.569935,-83.635064
 35.569534,-83.635375
 35.568146,-83.635912
 35.567343,-83.636867
 35.567073,-83.63735
 35.566523,-83.640075
 35.565825,-83.640826
 35.566043,-83.643132
 35.565895,-83.645482
 35.566776,-83.646802
 35.566732,-83.647982
 35.567457,-83.649527
 35.56812,-83.652585
 35.568338,-83.653089
 35.569525,-83.654001
 35.569953,-83.65635
 35.569839,-83.656908
 35.569098,-83.658421
 35.56867,-83.660342
 35.568408,-83.660685
 35.568522,-83.661554
 35.569002,-83.662584
 35.569482,-83.664279
 35.569298,-83.670266
 35.56901,-83.673141
 35.56949,-83.674836
 35.570241,-83.676338
 35.569839,-83.678023
 35.570223,-83.680297
 35.569429,-83.680855
 35.568583,-83.683462
 35.568818,-83.68446
 35.568635,-83.686852
 35.568033,-83.688312
 35.568007,-83.689063
 35.568801,-83.690307
 35.568565,-83.693075
 35.570276,-83.695275
 35.570293,-83.695843
 35.570258,-83.696433
 35.569988,-83.696873
 35.568312,-83.698
 35.567666,-83.700478
 35.567719,-83.702259
 35.568478,-83.703933
 35.568434,-83.707302
 35.566794,-83.709748
 35.566261,-83.712677
 35.563983,-83.714844
 35.563826,-83.716679
 35.563992,-83.71906
 35.563381,-83.72068
 35.562028,-83.72318
 35.561993,-83.723674
 35.562491,-83.724682
 35.562604,-83.726463
 35.564018,-83.729478
 35.564106,-83.730036
 35.563198,-83.732793
 35.563434,-83.733222
 35.564577,-83.734338
 35.565423,-83.735754
 35.564961,-83.73746
 35.564044,-83.739617
 35.563119,-83.740979
 35.562657,-83.74202
 35.562683,-83.744413
 35.56243,-83.74481
 35.560484,-83.746601
 35.560143,-83.74702
 35.559969,-83.747567
 35.559951,-83.74806
 35.56106,-83.748747
 35.561208,-83.750067
 35.56353,-83.756676
 35.563486,-83.757223
 35.562482,-83.759733
 35.562343,-83.760935
 35.562779,-83.762619
 35.562709,-83.763124
 35.561679,-83.764422
 35.561566,-83.764948
 35.562089,-83.771578
 35.561749,-83.771846
 35.557525,-83.773102
 35.550393,-83.780107
 35.550673,-83.781255
 35.549826,-83.784002
 35.548595,-83.785858
 35.547338,-83.786727
 35.547068,-83.787189
 35.546029,-83.790568
 35.54533,-83.794141
 35.54382,-83.796458
 35.541428,-83.79854
 35.541192,-83.799698
 35.541507,-83.802574
 35.540861,-83.803529
 35.536714,-83.808367
 35.536338,-83.808732
 35.534531,-83.809676
 35.534156,-83.81003
 35.525617,-83.823162
 35.523966,-83.825394
 35.524647,-83.827583
 35.524656,-83.832368
 35.524211,-83.834084
 35.521617,-83.840125
 35.521661,-83.842517
 35.521478,-83.843676
 35.519295,-83.848557
 35.521102,-83.854115
 35.52174,-83.857023
 35.521827,-83.85861
 35.521801,-83.859351
 35.521338,-83.861035
 35.521207,-83.865219
 35.520395,-83.868674
 35.521006,-83.870981
 35.521058,-83.87274
 35.519653,-83.875154
 35.51857,-83.880358
 35.517338,-83.882321
 35.516963,-83.882686
 35.515627,-83.883383
 35.512597,-83.884381
 35.503033,-83.892149
 35.502343,-83.892964
 35.501723,-83.895775
 35.50002,-83.896966
 35.499295,-83.898436
 35.498142,-83.89953
 35.496666,-83.901279
 35.496028,-83.901483
 35.495556,-83.901451
 35.495128,-83.901215
 35.494412,-83.900399
 35.493984,-83.900217
 35.493014,-83.900388
 35.491241,-83.901397
 35.490909,-83.901794
 35.4898,-83.903908
 35.489477,-83.905023
 35.488752,-83.905764
 35.486734,-83.906579
 35.485467,-83.907319
 35.483886,-83.90866
 35.482496,-83.909132
 35.480557,-83.908982
 35.479631,-83.909336
 35.477927,-83.910635
 35.476162,-83.911686
 35.475673,-83.913306
 35.47403,-83.915699
 35.473646,-83.916793
 35.473917,-83.91793
 35.473401,-83.9194
 35.474397,-83.922061
 35.474345,-83.924389
 35.473716,-83.925408
 35.47362,-83.926567
 35.473192,-83.92765
 35.473069,-83.928219
 35.473288,-83.929968
 35.472694,-83.932886
 35.471584,-83.93677
 35.470072,-83.938175
 35.467294,-83.94207
 35.466367,-83.942349
 35.46552,-83.942885
 35.46462,-83.942939
 35.464428,-83.943422
 35.464244,-83.945171
 35.463781,-83.946233
 35.463091,-83.947198
 35.462278,-83.947831
 35.461107,-83.949677
 35.460923,-83.950235
 35.460749,-83.951404
 35.460792,-83.952595
 35.461448,-83.9534
 35.463484,-83.954966
 35.464174,-83.956532
 35.464462,-83.958399
 35.464244,-83.960781
 35.463956,-83.961049
 35.460242,-83.961082
 35.459787,-83.961232
 35.459071,-83.962026
 35.458529,-83.963013
 35.458109,-83.963184
 35.457157,-83.963195
 35.456764,-83.963528
 35.45658,-83.964043
 35.456571,-83.965223
 35.456292,-83.965663
 35.455829,-83.965663
 35.45499,-83.964407
 35.454518,-83.964429
 35.454264,-83.964826
 35.455173,-83.966897
 35.455531,-83.969986
 35.455461,-83.971167
 35.455147,-83.971606
 35.45471,-83.971843
 35.454229,-83.971875
 35.453775,-83.971714
 35.453399,-83.971338
 35.453067,-83.971338
 35.452927,-83.973066
 35.452551,-83.973173
 35.450122,-83.97298
 35.449143,-83.973044
 35.447797,-83.972465
 35.447395,-83.972572
 35.447333,-83.973119
 35.447849,-83.974106
 35.44791,-83.974696
 35.447727,-83.975211
 35.447028,-83.975984
 35.447054,-83.976552
 35.447447,-83.977625
 35.448085,-83.978516
 35.448199,-83.979095
 35.447849,-83.980104
 35.444939,-83.982196
 35.443523,-83.982657
 35.442133,-83.983344
 35.441171,-83.983473
 35.440717,-83.983687
 35.440437,-83.984149
 35.440306,-83.985318
 35.440988,-83.987528
 35.440857,-83.988075
 35.440516,-83.988472
 35.439598,-83.988483
 35.439336,-83.988891
 35.439441,-83.989449
 35.440682,-83.991133
 35.440638,-83.991712
 35.440332,-83.992141
 35.439458,-83.992656
 35.437998,-83.99286
 35.437605,-83.993171
 35.436643,-83.99448
 35.435699,-83.994362
 35.435245,-83.994523
 35.434948,-83.995596
 35.435096,-83.996143
 35.434843,-83.996422
 35.43396,-83.996712
 35.433899,-83.997828
 35.43417,-83.998879
 35.434126,-83.999373
 35.433846,-83.99977
 35.433575,-83.999823
 35.433138,-83.999609
 35.43243,-83.998826
 35.431582,-83.999212
 35.431206,-83.999115
 35.43104,-83.998568
 35.430734,-83.998268
 35.429362,-83.998815
 35.428653,-83.999609
 35.428199,-83.999759
 35.426835,-83.999298
 35.426354,-83.999319
 35.424999,-84.00007
 35.424247,-84.000875
 35.423355,-84.001282
 35.422324,-84.002634
 35.421004,-84.005113
 35.41901,-84.006808
 35.416527,-84.01037
 35.415994,-84.010735
 35.415224,-84.011861
 35.413134,-84.013374
 35.412068,-84.014597
 35.411473,-84.016196
 35.411228,-84.017944
 35.41191,-84.020165
 35.412041,-84.021335
 35.411595,-84.023019
 35.411289,-84.023309
 35.41031,-84.023244
 35.408885,-84.022826
 35.407171,-84.021506
 35.406323,-84.021142
 35.404416,-84.021571
 35.403183,-84.020648
 35.401364,-84.019779
 35.399624,-84.018674
 35.39923,-84.018309
 35.399029,-84.017805
 35.398399,-84.015133
 35.398146,-84.014629
 35.397464,-84.013953
 35.392234,-84.012612
 35.391936,-84.012033
 35.391945,-84.010895
 35.391298,-84.009286
 35.390616,-84.008439
 35.390196,-84.008203
 35.389715,-84.008256
 35.386513,-84.010445
 35.384668,-84.011185
 35.383732,-84.010917
 35.382603,-84.00979
 35.382149,-84.009651
 35.381195,-84.009887
 35.380732,-84.009748
 35.378921,-84.008385
 35.377469,-84.008245
 35.376078,-84.00876
 35.375115,-84.008889
 35.372666,-84.008718
 35.372237,-84.008482
 35.371669,-84.007559
 35.371345,-84.007677
 35.370461,-84.008535
 35.368773,-84.010692
 35.364888,-84.01508
 35.36271,-84.016399
 35.361459,-84.01774
 35.359805,-84.019017
 35.358405,-84.019532
 35.357574,-84.020154
 35.356987,-84.021088
 35.35634,-84.022719
 35.355964,-84.023008
 35.354511,-84.023277
 35.354056,-84.024038
 35.353942,-84.024618
 35.3534,-84.027579
 35.353514,-84.029317
 35.352805,-84.032053
 35.35249,-84.032493
 35.351659,-84.033083
 35.35109,-84.034048
 35.350626,-84.036816
 35.349847,-84.03746
 35.348001,-84.038243
 35.347589,-84.038082
 35.346513,-84.03687
 35.344351,-84.035175
 35.343231,-84.03407
 35.342759,-84.034038
 35.34233,-84.034274
 35.34128,-84.035647
 35.340352,-84.036012
 35.339398,-84.036248
 35.337963,-84.036162
 35.337604,-84.035969
 35.337009,-84.032943
 35.336396,-84.031334
 35.333289,-84.029424
 35.332335,-84.029542
 35.330943,-84.030143
 35.328974,-84.031892
 35.32809,-84.032396
 35.327136,-84.032643
 35.326357,-84.03246
 35.325149,-84.032503
 35.324194,-84.03275
 35.322724,-84.034263
 35.32177,-84.034327
 35.320929,-84.033952
 35.320439,-84.033941
 35.319564,-84.034317
 35.318627,-84.0351
 35.317708,-84.035507
 35.315554,-84.035786
 35.313112,-84.035765
 35.312254,-84.035228
 35.31193,-84.034821
 35.310293,-84.028459
 35.309566,-84.026903
 35.309216,-84.026538
 35.308752,-84.026399
 35.306554,-84.02627
 35.306107,-84.026066
 35.304269,-84.024092
 35.303857,-84.023802
 35.302964,-84.023523
 35.302378,-84.023073
 35.301677,-84.021592
 35.30123,-84.02141
 35.300775,-84.021581
 35.298884,-84.023352
 35.298236,-84.023395
 35.297465,-84.022998
 35.296984,-84.022955
 35.296064,-84.023319
 35.295083,-84.024435
 35.294234,-84.025905
 35.292921,-84.027686
 35.290609,-84.032257
 35.289216,-84.034081
 35.288726,-84.035743
 35.288446,-84.036162
 35.286642,-84.037095
 35.285091,-84.038533
 35.284216,-84.039037
 35.283279,-84.039434
 35.279863,-84.040357
 35.279153,-84.04114
 35.278085,-84.043114
 35.277244,-84.043447
 35.276219,-84.045314
 35.27431,-84.04644
 35.274108,-84.046923
 35.274143,-84.048114
 35.273749,-84.049176
 35.27353,-84.050936
 35.273241,-84.051397
 35.271446,-84.05247
 35.270473,-84.052362
 35.27007,-84.052534
 35.268327,-84.055452
 35.267907,-84.057158
 35.26746,-84.05822
 35.267451,-84.059991
 35.266707,-84.062158
 35.266602,-84.063928
 35.264596,-84.068316
 35.264166,-84.06999
 35.263868,-84.070473
 35.263614,-84.072039
 35.263229,-84.072983
 35.263159,-84.074764
 35.261617,-84.078841
 35.261127,-84.081105
 35.260347,-84.081824
 35.25905,-84.082682
 35.258139,-84.083079
 35.257657,-84.083079
 35.256256,-84.082575
 35.255879,-84.082789
 35.255125,-84.0856
 35.254249,-84.086598
 35.253697,-84.087574
 35.2529,-84.088197
 35.252374,-84.089152
 35.251472,-84.09001
 35.250324,-84.091963
 35.249965,-84.092317
 35.248572,-84.094752
 35.247249,-84.09796
 35.248379,-84.10031
 35.248125,-84.101919
 35.248239,-84.102466
 35.248957,-84.103271
 35.250166,-84.104258
 35.250307,-84.105341
 35.251411,-84.106457
 35.251393,-84.106983
 35.250421,-84.108335
 35.249693,-84.109043
 35.249816,-84.109493
 35.25021,-84.109772
 35.250421,-84.110266
 35.249395,-84.111854
 35.248984,-84.113549
 35.249229,-84.114676
 35.250534,-84.115394
 35.251218,-84.116242
 35.251954,-84.117787
 35.252243,-84.119525
 35.251726,-84.120501
 35.250534,-84.121413
 35.249842,-84.123323
 35.249851,-84.125082
 35.249597,-84.125458
 35.24639,-84.126756
 35.244559,-84.125962
 35.242176,-84.125748
 35.241413,-84.126424
 35.240984,-84.127443
 35.241282,-84.128569
 35.241764,-84.129546
 35.241843,-84.131305
 35.242289,-84.133
 35.243008,-84.134202
 35.244717,-84.136348
 35.245269,-84.138
 35.246197,-84.139845
 35.246434,-84.141605
 35.246819,-84.142699
 35.24653,-84.14507
 35.246977,-84.147345
 35.246294,-84.150177
 35.246119,-84.15301
 35.246478,-84.155241
 35.245882,-84.157248
 35.245794,-84.158953
 35.243867,-84.160531
 35.243604,-84.161013
 35.243542,-84.161561
 35.243779,-84.162043
 35.244217,-84.164361
 35.245155,-84.166228
 35.245312,-84.167558
 35.246346,-84.169543
 35.246276,-84.170079
 35.245067,-84.171034
 35.243954,-84.174242
 35.243253,-84.175079
 35.242272,-84.177085
 35.240765,-84.178383
 35.240432,-84.180132
 35.240195,-84.183093
 35.24023,-84.186076
 35.240002,-84.1882
 35.240143,-84.188715
 35.240905,-84.189423
 35.242167,-84.191269
 35.242912,-84.192041
 35.244655,-84.192996
 35.244778,-84.194133
 35.244305,-84.195807
 35.244349,-84.196987
 35.243726,-84.199015
 35.244506,-84.199938
 35.247424,-84.201633
 35.248388,-84.201686
 35.249299,-84.20145
 35.249763,-84.201558
 35.251489,-84.202598
 35.251954,-84.202673
 35.252856,-84.202255
 35.253329,-84.202266
 35.254241,-84.202673
 35.255502,-84.20277
 35.25594,-84.203006
 35.257009,-84.204251
 35.258227,-84.205248
 35.259646,-84.20557
 35.26004,-84.205881
 35.262458,-84.208778
 35.264596,-84.210302
 35.263974,-84.209894
 35.264972,-84.210602
 35.265708,-84.211353
 35.266015,-84.211804
 35.266435,-84.214711
 35.267565,-84.215795
 35.267898,-84.216224
 35.268056,-84.216782
 35.268231,-84.217908
 35.267679,-84.221159
 35.267819,-84.221749
 35.268818,-84.223037
 35.269019,-84.223573
 35.268809,-84.224689
 35.267749,-84.228036
 35.267075,-84.228873
 35.266172,-84.229249
 35.265445,-84.230053
 35.264587,-84.23206
 35.262519,-84.233326
 35.261976,-84.234227
 35.259558,-84.236276
 35.256702,-84.239506
 35.255344,-84.240149
 35.25417,-84.241694
 35.253391,-84.242424
 35.251437,-84.247531
 35.250999,-84.249237
 35.251121,-84.250288
 35.249877,-84.252058
 35.249203,-84.25355
 35.245891,-84.257948
 35.244533,-84.258871
 35.242281,-84.259933
 35.241921,-84.260319
 35.240958,-84.26239
 35.240388,-84.264053
 35.238688,-84.266553
 35.238057,-84.268806
 35.236462,-84.271703
 35.23584,-84.273312
 35.234797,-84.275329
 35.232931,-84.277174
 35.231599,-84.277915
 35.231248,-84.278269
 35.230503,-84.279803
 35.22918,-84.281563
 35.228382,-84.282249
 35.226805,-84.283118
 35.22648,-84.283504
 35.226507,-84.28521
 35.225096,-84.28683
 35.22443,-84.288257
 35.22443,-84.288847
 35.224675,-84.289609
 35.22492,-84.289834
 35.22537,-84.290111
 35.225559,-84.290152
 35.225573,-84.290258
 35.224912,-84.290317
 35.185568,-84.294738
 35.169081,-84.297785
 35.125586,-84.303943
 35.121725,-84.304801
 35.105717,-84.307011
 35.092217,-84.308631
 35.078732,-84.310037
 35.003838,-84.319779
 34.988431,-84.321957
 34.988414,-84.321778
 34.988405,-84.303932
 34.988044,-84.250191
