38.788671,-75.015126
38.789889,-75.015768
38.791082,-75.01642
38.793451,-75.017779
38.798188,-75.020497
38.807769,-75.025975
38.82672,-75.036836
38.864648,-75.058567
38.87433,-75.064119
38.875111,-75.064768
38.887872,-75.072002
38.899834,-75.078823
38.919764,-75.090249
38.939697,-75.101681
38.959603,-75.113112
38.96955,-75.118822
38.97456,-75.121699
38.978759,-75.124103
38.979156,-75.124339
38.97947,-75.124554
39.000101,-75.136064
39.000293,-75.136458
39.000485,-75.136515
39.001827,-75.13729
39.056192,-75.168473
39.067051,-75.179432
39.073036,-75.185553
39.079016,-75.191685
39.116293,-75.219322
39.121678,-75.223052
39.126988,-75.226772
39.137606,-75.234244
39.140266,-75.236121
39.142958,-75.237987
39.148277,-75.241635
39.15372,-75.245373
39.157768,-75.248149
39.158864,-75.249011
39.158946,-75.249015
39.221058,-75.297235
39.236244,-75.30912
39.251377,-75.321016
39.260702,-75.332228
39.270338,-75.343895
39.285733,-75.362689
39.301146,-75.381489
39.313449,-75.396102
39.319616,-75.403376
39.325783,-75.410596
39.340432,-75.42769
39.355095,-75.444751
39.363862,-75.456741
39.373139,-75.469433
39.379498,-75.475374
39.386047,-75.481508
39.392834,-75.487629
39.401644,-75.49789
39.410271,-75.507936
39.427496,-75.527975
39.442062,-75.544798
39.449132,-75.552947
39.452382,-75.556711
39.455632,-75.560529
39.456839,-75.560484
39.469345,-75.561961
39.483057,-75.563589
39.483301,-75.563562
39.495803,-75.559083
39.495839,-75.558136
39.496247,-75.546395
39.496333,-75.54535
39.497037,-75.53739
39.498143,-75.527862
39.498365,-75.527782
39.498976,-75.527714
39.498963,-75.527523
39.499048,-75.527247
39.499128,-75.527006
39.499285,-75.526899
39.500109,-75.527461
39.50123,-75.529358
39.501375,-75.529425
39.50186,-75.529357
39.502716,-75.529396
39.50323,-75.529453
39.504137,-75.529688
39.504796,-75.530047
39.505353,-75.530142
39.505998,-75.530003
39.509628,-75.53003
39.510373,-75.530022
39.510795,-75.529992
39.512029,-75.529745
39.513664,-75.528967
39.514628,-75.528329
39.515612,-75.527519
39.516151,-75.527422
39.516844,-75.527352
39.517445,-75.52739
39.517727,-75.527692
39.518075,-75.528262
39.518224,-75.528308
39.518634,-75.528259
39.519249,-75.528215
39.520409,-75.52801
39.52163,-75.527932
39.52232,-75.527687
39.523688,-75.527092
39.52381,-75.527073
39.524522,-75.527175
39.525093,-75.527124
39.525544,-75.526902
39.526041,-75.526779
39.526624,-75.52665
39.527677,-75.526723
39.528606,-75.526924
39.529215,-75.526768
39.530253,-75.526682
39.531428,-75.526785
39.531887,-75.526915
39.532276,-75.52737
39.532694,-75.527492
39.533227,-75.527372
39.534181,-75.527328
39.534502,-75.527449
39.535048,-75.527506
39.535261,-75.52766
39.535359,-75.527793
39.536066,-75.529177
39.536316,-75.529828
39.536562,-75.530952
39.536823,-75.531566
39.537149,-75.531955
39.538049,-75.532583
39.539265,-75.533321
39.540216,-75.533972
39.540703,-75.534021
39.542044,-75.533404
39.543301,-75.532325
39.544355,-75.531155
39.545368,-75.529995
39.546416,-75.528662
39.547421,-75.527341
39.54808,-75.526498
39.548656,-75.525826
39.54925,-75.52518
39.549666,-75.52473
39.550371,-75.524108
39.551128,-75.523262
39.551785,-75.522523
39.552683,-75.521602
39.555404,-75.519024
39.555702,-75.518796
39.556616,-75.518083
39.557427,-75.517833
39.559475,-75.51675
39.559757,-75.51657
39.560416,-75.516171
39.560723,-75.515996
39.561411,-75.515692
39.562613,-75.51502
39.562613,-75.514671
39.56528,-75.513142
39.566171,-75.512622
39.567187,-75.511898
39.572604,-75.512306
39.577934,-75.512724
39.578302,-75.512757
39.578504,-75.513089
39.578622,-75.513295
39.578789,-75.513479
39.579132,-75.51373
39.579356,-75.514136
39.579538,-75.514263
39.580315,-75.514483
39.580731,-75.514711
39.580964,-75.514961
39.581083,-75.515171
39.581124,-75.515424
39.581123,-75.515538
39.581047,-75.515851
39.581061,-75.51602
39.581304,-75.516298
39.58162,-75.516421
39.581944,-75.516651
39.582765,-75.517844
39.582907,-75.51819
39.58311,-75.519062
39.583342,-75.519425
39.583414,-75.519791
39.583383,-75.520168
39.58347,-75.52047
39.583501,-75.52072
39.583381,-75.520984
39.583331,-75.5215
39.583409,-75.521832
39.583521,-75.522003
39.583752,-75.522147
39.583919,-75.522605
39.583794,-75.522866
39.583805,-75.523126
39.584129,-75.524182
39.584165,-75.526135
39.584082,-75.527125
39.584111,-75.527696
39.584641,-75.528189
39.585503,-75.528748
39.58608,-75.5293
39.586464,-75.530153
39.586806,-75.530501
39.587305,-75.530781
39.587816,-75.530904
39.588079,-75.531092
39.588394,-75.531317
39.588695,-75.531268
39.588813,-75.531395
39.588915,-75.531628
39.589084,-75.532208
39.591874,-75.53695
39.592391,-75.537234
39.592936,-75.537233
39.593166,-75.537178
39.593543,-75.537388
39.593689,-75.537583
39.593802,-75.537907
39.593928,-75.538135
39.593972,-75.538538
39.594189,-75.539132
39.59439,-75.540222
39.594355,-75.541386
39.594409,-75.541694
39.594487,-75.542024
39.594722,-75.542457
39.595345,-75.542966
39.595685,-75.543383
39.595769,-75.543457
39.596481,-75.544436
39.596738,-75.54503
39.597113,-75.545633
39.59738,-75.546144
39.597993,-75.546815
39.598102,-75.547003
39.598616,-75.547303
39.59903,-75.547681
39.599271,-75.547953
39.59953,-75.548505
39.599689,-75.548808
39.599835,-75.549368
39.600256,-75.549703
39.600371,-75.549875
39.600486,-75.550047
39.600601,-75.550104
39.600683,-75.550199
39.600803,-75.550522
39.60121,-75.551579
39.601849,-75.553472
39.601929,-75.553571
39.602059,-75.553455
39.602411,-75.553384
39.602605,-75.553445
39.603903,-75.554099
39.60506,-75.555393
39.605763,-75.555462
39.605827,-75.55554
39.605932,-75.5558
39.605928,-75.555978
39.606664,-75.556728
39.609189,-75.557504
39.610135,-75.55756
39.610503,-75.557254
39.610929,-75.557034
39.61133,-75.55683
39.612139,-75.556873
39.613135,-75.557528
39.616631,-75.558069
39.617272,-75.558429
39.620222,-75.559453
39.622662,-75.559797
39.623057,-75.559781
39.623445,-75.559641
39.624102,-75.559619
39.629048,-75.5591
39.630457,-75.559743
39.630738,-75.559507
39.630856,-75.55914
39.631106,-75.558907
39.631232,-75.558528
39.631394,-75.558465
39.63154,-75.558434
39.631846,-75.558233
39.631958,-75.557979
39.632054,-75.557876
39.632084,-75.557934
39.63208,-75.558045
39.632172,-75.558075
39.632366,-75.557925
39.632544,-75.557689
39.632866,-75.557133
39.633396,-75.556684
39.633711,-75.556152
39.633814,-75.556068
39.634083,-75.555941
39.635162,-75.554495
39.635638,-75.554277
39.635695,-75.554209
39.635757,-75.554098
39.635859,-75.553758
39.636071,-75.553299
39.636139,-75.553012
39.636158,-75.552793
39.636234,-75.552503
39.636426,-75.552025
39.636714,-75.551149
39.637142,-75.550025
39.637174,-75.549363
39.637223,-75.549027
39.637276,-75.548714
39.637315,-75.548557
39.637378,-75.548362
39.637468,-75.548188
39.637533,-75.548097
39.637651,-75.547985
39.637853,-75.547803
39.637996,-75.547751
39.638397,-75.548036
39.638506,-75.548014
39.638695,-75.547839
39.639288,-75.54732
39.639359,-75.547291
39.639454,-75.547305
39.639696,-75.54721
39.640349,-75.546454
39.642154,-75.544481
39.642891,-75.54386
39.643197,-75.543606
39.643519,-75.543347
39.644656,-75.542352
39.645308,-75.542127
39.64549,-75.54193
39.645467,-75.541756
39.645439,-75.541538
39.645443,-75.541035
39.645562,-75.540649
39.645619,-75.540505
39.645662,-75.539973
39.645727,-75.539589
39.646464,-75.537359
39.646599,-75.536923
39.646758,-75.535554
39.646785,-75.535378
39.646956,-75.53482
39.647291,-75.534166
39.647473,-75.533849
39.647742,-75.533401
39.648082,-75.532988
39.648447,-75.532717
39.649025,-75.531946
39.649335,-75.531588
39.649667,-75.531443
39.649959,-75.531443
39.650001,-75.53136
39.650143,-75.531202
39.651692,-75.529501
39.652135,-75.529017
39.652369,-75.529029
39.65245,-75.529
39.652827,-75.528646
39.652873,-75.528555
39.652997,-75.527966
39.653034,-75.527837
39.653411,-75.527447
39.653764,-75.527111
39.654343,-75.526776
39.654517,-75.526655
39.65468,-75.526607
39.655563,-75.526357
39.655624,-75.526331
39.655701,-75.526351
39.65598,-75.526663
39.656169,-75.52658
39.656535,-75.526226
39.65645,-75.526076
39.656543,-75.525658
39.657564,-75.524648
39.657499,-75.524566
39.65943,-75.523089
39.660201,-75.522467
39.660959,-75.521857
39.66109,-75.521494
39.661627,-75.521016
39.66173,-75.520881
39.66206,-75.520489
39.662215,-75.520245
39.662325,-75.52002
39.662684,-75.519451
39.663038,-75.518904
39.663347,-75.518464
39.663486,-75.518319
39.663576,-75.518212
39.663946,-75.517798
39.664262,-75.517476
39.664433,-75.51725
39.66477,-75.517048
39.665033,-75.516824
39.665194,-75.516648
39.665575,-75.516218
39.666906,-75.515074
39.667393,-75.514825
39.667769,-75.514662
39.668138,-75.514328
39.668271,-75.514234
39.668516,-75.514261
39.66864,-75.514211
39.668744,-75.514156
39.668869,-75.514151
39.669034,-75.514005
39.669387,-75.513993
39.670032,-75.513728
39.670163,-75.513622
39.670338,-75.513347
39.670391,-75.51335
39.670429,-75.513584
39.670475,-75.513606
39.670521,-75.513596
39.670547,-75.513554
39.670596,-75.513164
39.670685,-75.512969
39.670986,-75.512683
39.671219,-75.512461
39.672177,-75.512032
39.672301,-75.512007
39.674836,-75.511144
39.675253,-75.511045
39.676157,-75.510791
39.676574,-75.51072
39.678895,-75.510213
39.679466,-75.51009
39.679667,-75.509838
39.679809,-75.510243
39.67988,-75.510339
39.679975,-75.510403
39.680213,-75.51041
39.680306,-75.510487
39.682604,-75.509905
39.683992,-75.509561
39.684869,-75.509366
39.686417,-75.509371
39.686522,-75.50947
39.687122,-75.509605
39.68723,-75.509596
39.687387,-75.509605
39.687701,-75.509528
39.688691,-75.509449
39.68943,-75.509375
39.690144,-75.509334
39.692239,-75.509272
39.692336,-75.509216
39.692547,-75.509245
39.692683,-75.509307
39.692855,-75.509368
39.693026,-75.509332
39.693132,-75.509377
39.693279,-75.509513
39.693512,-75.509801
39.693663,-75.509905
39.6938,-75.509941
39.693921,-75.50987
39.694166,-75.509421
39.694221,-75.509251
39.694308,-75.509195
39.694503,-75.509108
39.694579,-75.509018
39.694669,-75.508946
39.694816,-75.50868
39.69526,-75.508381
39.695653,-75.508135
39.69577,-75.508009
39.696506,-75.507368
39.697037,-75.506858
39.697117,-75.506917
39.697373,-75.506639
39.697384,-75.506388
39.697929,-75.505053
39.698079,-75.504684
39.698171,-75.504535
39.698284,-75.504599
39.698638,-75.505862
39.698775,-75.505884
39.698813,-75.505852
39.698338,-75.50383
39.698433,-75.503271
39.698557,-75.502902
39.699003,-75.501266
39.699073,-75.501191
39.699344,-75.50124
39.699397,-75.500898
39.699315,-75.500386
39.699309,-75.499542
39.699485,-75.499168
39.700418,-75.497146
39.700521,-75.496948
39.700955,-75.496277
39.701087,-75.496089
39.70126,-75.495901
39.702145,-75.495526
39.702641,-75.495354
39.703741,-75.494968
39.704277,-75.494756
39.705449,-75.494008
39.706139,-75.493663
39.706309,-75.493619
39.706553,-75.493729
39.706773,-75.4937
39.707207,-75.493503
39.707369,-75.493429
39.707506,-75.493302
39.707715,-75.492907
39.707847,-75.492774
39.708366,-75.492466
39.708769,-75.492079
39.709534,-75.491551
39.709776,-75.491427
39.710158,-75.491304
39.710345,-75.49133
39.710477,-75.491483
39.710682,-75.49184
39.710796,-75.49177
39.710909,-75.49169
39.710812,-75.491341
39.71086,-75.491231
39.710916,-75.491143
39.710993,-75.491049
39.71112,-75.490987
39.711785,-75.490362
39.711889,-75.490445
39.713236,-75.489496
39.714136,-75.488514
39.714374,-75.488369
39.714612,-75.488284
39.715217,-75.488595
39.715268,-75.488538
39.715219,-75.488439
39.714921,-75.488281
39.71478,-75.488133
39.714773,-75.487943
39.714819,-75.487806
39.71511,-75.487329
39.715539,-75.486631
39.715783,-75.485924
39.715836,-75.485615
39.715853,-75.48506
39.715435,-75.483949
39.715405,-75.483752
39.715333,-75.483566
39.715273,-75.483472
39.715088,-75.483289
39.714883,-75.483111
39.714805,-75.483103
39.714782,-75.483232
39.714955,-75.483484
39.714945,-75.483532
39.714914,-75.483586
39.714045,-75.484203
39.713945,-75.484175
39.713666,-75.48352
39.713652,-75.483402
39.713705,-75.482383
39.71376,-75.482335
39.713808,-75.482339
39.714505,-75.48299
39.714623,-75.483021
39.714648,-75.482957
39.714639,-75.482914
39.714568,-75.482807
39.714473,-75.482715
39.714169,-75.482487
39.713913,-75.482201
39.713822,-75.482002
39.713756,-75.481802
39.713736,-75.480633
39.71374,-75.480237
39.713946,-75.479284
39.714082,-75.478901
39.714267,-75.478592
39.714567,-75.478207
39.715481,-75.477319
39.716384,-75.476516
39.716577,-75.476399
39.716748,-75.476359
39.717618,-75.476453
39.718983,-75.476434
39.719586,-75.476407
39.720255,-75.476326
39.720632,-75.476399
39.721022,-75.476424
39.72159,-75.47657
39.722632,-75.4766
39.722739,-75.476817
39.722797,-75.476873
39.722961,-75.476802
39.723109,-75.476576
39.723257,-75.476431
39.723766,-75.476353
39.724177,-75.476383
39.724357,-75.476487
39.724488,-75.476535
39.724595,-75.476694
39.724747,-75.477063
39.724842,-75.477163
39.725004,-75.477174
39.725508,-75.476943
39.72713,-75.476181
39.727515,-75.476042
39.728465,-75.475667
39.729506,-75.475173
39.729805,-75.475203
39.730005,-75.475189
39.730383,-75.475182
39.731899,-75.475422
39.732563,-75.475441
39.733086,-75.475546
39.733285,-75.475681
39.733443,-75.475891
39.733551,-75.47614
39.733718,-75.476026
39.733677,-75.475637
39.733764,-75.47548
39.733916,-75.475296
39.734244,-75.475055
39.734431,-75.474991
39.734611,-75.475085
39.7347,-75.475093
39.734782,-75.475085
39.734931,-75.475012
39.735037,-75.474932
39.735118,-75.474722
39.735223,-75.474615
39.738466,-75.472867
39.73854,-75.472816
39.73875,-75.472555
39.738993,-75.472283
39.739264,-75.472107
39.740375,-75.470914
39.740605,-75.470863
39.740849,-75.470693
39.741011,-75.47064
39.741395,-75.470613
39.741594,-75.470581
39.741752,-75.470527
39.741993,-75.470399
39.74218,-75.470223
39.742409,-75.469928
39.7427,-75.469533
39.742855,-75.469406
39.743255,-75.469218
39.745518,-75.468212
39.745701,-75.468097
39.746129,-75.467903
39.746454,-75.467875
39.747664,-75.467518
39.748101,-75.467319
39.749847,-75.466574
39.750012,-75.466418
39.750152,-75.466315
39.750461,-75.466131
39.750848,-75.466085
39.753236,-75.465195
39.75577,-75.464122
39.758313,-75.463039
39.761208,-75.463334
39.761575,-75.463082
39.76355,-75.461687
39.764728,-75.460518
39.765816,-75.459429
39.766041,-75.45894
39.769017,-75.452332
39.773553,-75.449794
39.774431,-75.449302
39.774757,-75.450196
39.775064,-75.450679
39.775274,-75.450298
39.779343,-75.445379
39.779667,-75.444939
39.784396,-75.438308
39.784981,-75.436265
39.786958,-75.430785
39.787946,-75.428034
39.788975,-75.425241
39.795863,-75.406841
39.796401,-75.405411
39.796918,-75.406326
39.8028,-75.416596
39.805726,-75.421721
39.808627,-75.426835
39.809302,-75.428047
39.81025,-75.430026
39.811775,-75.433202
39.811923,-75.433505
39.812129,-75.434044
39.812492,-75.434972
39.813217,-75.436807
39.813594,-75.437461
39.813872,-75.437996
39.814536,-75.439352
39.815216,-75.440702
39.815642,-75.441592
39.81592,-75.442203
39.817305,-75.445656
39.81776,-75.446578
39.818495,-75.448453
39.818829,-75.449306
39.819136,-75.450097
39.820061,-75.453871
39.822189,-75.458557
39.82254,-75.459338
39.822636,-75.459616
39.823585,-75.462298
39.823972,-75.463419
39.824253,-75.464283
39.825825,-75.469111
39.826195,-75.470297
39.826717,-75.472389
39.827025,-75.47333
39.827433,-75.474717
39.829035,-75.480186
39.829319,-75.481192
39.831041,-75.488187
39.832746,-75.495139
39.833372,-75.498455
39.833496,-75.499121
39.833759,-75.500753
39.834385,-75.504177
39.835407,-75.509953
39.835913,-75.512853
39.836373,-75.515909
39.836821,-75.518707
39.837286,-75.521913
39.837354,-75.522429
39.837339,-75.523148
39.837516,-75.523772
39.837496,-75.524602
39.837589,-75.526006
39.838163,-75.53305
39.838672,-75.536893
39.838863,-75.538618
39.838933,-75.539535
39.838571,-75.553011
39.838616,-75.556122
39.838628,-75.558933
39.839197,-75.564941
39.838818,-75.565628
39.839481,-75.56978
39.839007,-75.571561
39.8391,-75.575595
39.839052,-75.576421
39.838568,-75.581724
39.838101,-75.586962
39.837353,-75.594395
39.837256,-75.59473
39.837259,-75.595379
39.837145,-75.596441
39.836651,-75.601366
39.836165,-75.605754
39.835203,-75.611571
39.833904,-75.618505
39.833643,-75.619796
39.833374,-75.621098
39.832841,-75.623649
39.830645,-75.63345
39.830562,-75.633834
39.830408,-75.634401
39.830335,-75.634839
39.830315,-75.634848
39.829623,-75.637459
39.829059,-75.639597
39.828641,-75.641111
39.828519,-75.641639
39.828443,-75.64201
39.828173,-75.642972
39.826394,-75.649119
39.823912,-75.656327
39.823645,-75.657101
39.823354,-75.657918
39.82278,-75.659531
39.821549,-75.663207
39.821387,-75.663637
39.820121,-75.666761
39.819666,-75.667826
39.817585,-75.672627
39.813909,-75.680898
39.81058,-75.687647
39.808633,-75.691182
39.807725,-75.692816
39.806628,-75.694739
39.802544,-75.701841
39.800459,-75.705103
39.799424,-75.706685
39.798291,-75.708364
39.795146,-75.713037
39.792539,-75.71658
39.790465,-75.719392
39.789891,-75.720112
39.789149,-75.721065
39.785917,-75.725144
39.784725,-75.726565
39.784088,-75.727318
39.783492,-75.727986
39.780944,-75.730774
39.778481,-75.733552
39.775994,-75.736394
39.772527,-75.739886
39.76856,-75.743663
39.76654,-75.745508
39.764577,-75.747246
39.760103,-75.750961
39.75548,-75.754643
39.753523,-75.756045
39.751525,-75.757446
39.747553,-75.76026
39.744369,-75.76218
39.743357,-75.762759
39.741983,-75.7635
39.73958,-75.764819
39.734733,-75.767426
39.731609,-75.769058
39.728443,-75.77069
39.722137,-75.773955
39.72217,-75.7815
39.722207,-75.78861
39.721349,-75.788637
39.71993,-75.7886
39.718709,-75.788596
39.717294,-75.788603
39.715921,-75.788588
39.715436,-75.788463
39.714837,-75.788471
39.701789,-75.788713
39.699946,-75.788662
39.698227,-75.788396
39.695176,-75.788594
39.692584,-75.788557
39.691081,-75.788533
39.68995,-75.788552
39.688977,-75.788607
39.687929,-75.788694
39.685867,-75.788857
39.681801,-75.789152
39.679951,-75.789039
39.678778,-75.788918
39.677688,-75.788775
39.676308,-75.788591
39.671227,-75.78816
39.664121,-75.788251
39.658938,-75.788557
39.655322,-75.788742
39.653989,-75.788872
39.653788,-75.788873
39.648089,-75.788739
39.6454,-75.788374
39.64301,-75.788165
39.63995,-75.787881
39.63948,-75.787834
39.638977,-75.787808
39.637137,-75.787575
39.636259,-75.787518
39.635348,-75.787428
39.634504,-75.787371
39.634223,-75.787343
39.633938,-75.787347
39.633645,-75.787341
39.63052,-75.787085
39.630434,-75.787111
39.629668,-75.786926
39.625671,-75.786628
39.623763,-75.786495
39.62233,-75.786381
39.621822,-75.786384
39.612061,-75.785314
39.607725,-75.785172
39.606581,-75.785137
39.606227,-75.785112
39.605627,-75.785107
39.603839,-75.78509
39.595868,-75.785014
39.590433,-75.783823
39.58877,-75.783656
39.587145,-75.783477
39.583775,-75.783091
39.577048,-75.782324
39.572324,-75.782356
39.565018,-75.782127
39.561628,-75.782025
39.558208,-75.781935
39.555071,-75.781031
39.550241,-75.780725
39.546294,-75.780318
39.545281,-75.780243
39.542055,-75.779927
39.540919,-75.779814
39.540028,-75.779761
39.537745,-75.779616
39.53596,-75.779507
39.534154,-75.779382
39.533244,-75.779318
39.532375,-75.779238
39.530472,-75.779067
39.520669,-75.778174
39.515745,-75.77781
39.513293,-75.777626
39.510808,-75.777474
39.509602,-75.777411
39.508382,-75.777369
39.505936,-75.777302
39.498541,-75.77665
39.494332,-75.776002
39.480649,-75.774685
39.478501,-75.774226
39.476336,-75.773794
39.475222,-75.773576
39.474662,-75.773464
39.474086,-75.773368
39.471856,-75.772995
39.470821,-75.772859
39.470295,-75.772791
39.469748,-75.772733
39.467541,-75.772515
39.466295,-75.772404
39.465008,-75.772304
39.463709,-75.77214
39.463093,-75.772104
39.460675,-75.771933
39.459507,-75.771856
39.458307,-75.771789
39.455042,-75.771602
39.453475,-75.771533
39.448551,-75.771331
39.447862,-75.771301
39.447123,-75.771266
39.445679,-75.771197
39.445414,-75.771188
39.445117,-75.771163
39.443697,-75.771032
39.442815,-75.771111
39.441769,-75.771072
39.438919,-75.770962
39.436613,-75.770873
39.43432,-75.770779
39.431911,-75.770657
39.430727,-75.770599
39.429559,-75.770557
39.424786,-75.770441
39.423934,-75.770293
39.422196,-75.77019
39.421483,-75.770129
39.418117,-75.769855
39.411448,-75.769323
39.408119,-75.769042
39.404803,-75.768755
39.398207,-75.768156
39.397677,-75.76811
39.39713,-75.768075
39.395979,-75.76802
39.394849,-75.767963
39.393735,-75.767901
39.392748,-75.767841
39.39179,-75.767771
39.391388,-75.767711
39.39121,-75.767698
39.389262,-75.767592
39.387875,-75.76752
39.386508,-75.767439
39.38603,-75.767375
39.385515,-75.767322
39.384882,-75.767291
39.384651,-75.767279
39.383254,-75.767121
39.381555,-75.767045
39.381142,-75.767011
39.38078,-75.767004
39.380444,-75.766958
39.379849,-75.766854
39.379263,-75.76675
39.378738,-75.766691
39.377929,-75.766543
39.377683,-75.766481
39.377118,-75.766335
39.376439,-75.766273
39.375057,-75.766216
39.371278,-75.766098
39.369225,-75.766035
39.368194,-75.766003
39.3677,-75.765988
39.367185,-75.765967
39.366197,-75.765884
39.363694,-75.76564
39.36105,-75.765382
39.355752,-75.764872
39.345165,-75.763851
39.343376,-75.763719
39.341571,-75.763597
39.337957,-75.763348
39.330731,-75.762851
39.325888,-75.762428
39.321046,-75.762006
39.316193,-75.76158
39.311415,-75.761064
39.309305,-75.760938
39.307174,-75.760801
39.302938,-75.76044
39.301933,-75.760354
39.300903,-75.760273
39.298744,-75.760126
39.297712,-75.760055
39.296664,-75.75999
39.294513,-75.759822
39.277591,-75.758543
39.2734,-75.758232
39.26918,-75.757894
39.260751,-75.757213
39.258651,-75.757044
39.256546,-75.75688
39.252307,-75.756564
39.250212,-75.756404
39.248099,-75.756234
39.245983,-75.756064
39.243841,-75.755952
39.243625,-75.755938
39.243401,-75.755919
39.242761,-75.755859
39.240148,-75.755621
39.236483,-75.755284
39.229137,-75.754616
39.228209,-75.754551
39.227248,-75.754496
39.225292,-75.754408
39.224379,-75.754359
39.223444,-75.754294
39.221551,-75.754163
39.213976,-75.75364
39.209941,-75.753249
39.205888,-75.752863
39.203801,-75.752665
39.20283,-75.752582
39.20185,-75.752499
39.197775,-75.75214
39.196781,-75.752046
39.195775,-75.751942
39.193754,-75.751739
39.189683,-75.751397
39.181533,-75.750714
39.18053,-75.750644
39.17951,-75.75059
39.177488,-75.750485
39.176821,-75.750442
39.176095,-75.750383
39.173547,-75.750174
39.172099,-75.750063
39.170726,-75.750007
39.167186,-75.74985
39.166714,-75.74978
39.165643,-75.749543
39.16499,-75.749458
39.160081,-75.749072
39.155234,-75.748689
39.145552,-75.747916
39.140729,-75.747494
39.135848,-75.747104
39.130999,-75.746705
39.126159,-75.746216
39.124287,-75.746208
39.123404,-75.746206
39.122529,-75.746194
39.121293,-75.746158
39.12064,-75.74614
39.120024,-75.746106
39.119323,-75.746115
39.118593,-75.746114
39.114974,-75.745797
39.113842,-75.74561
39.113235,-75.745589
39.112623,-75.745634
39.111371,-75.745534
39.110949,-75.745333
39.110108,-75.745301
39.108459,-75.74514
39.107373,-75.745207
39.104595,-75.744955
39.103425,-75.744665
39.100956,-75.744414
39.09965,-75.744416
39.098337,-75.744074
39.097693,-75.743998
39.09471,-75.743633
39.087683,-75.743058
39.082854,-75.742661
39.079745,-75.742643
39.079166,-75.742589
39.076409,-75.742356
39.074969,-75.742234
39.074327,-75.742178
39.073636,-75.742133
39.071524,-75.741988
39.071152,-75.74194
39.068076,-75.741704
39.056956,-75.740846
39.045923,-75.739985
39.044562,-75.739877
39.043849,-75.739818
39.043181,-75.73978
39.042519,-75.739748
39.042183,-75.739726
39.041827,-75.739694
39.040406,-75.73957
39.037593,-75.739326
39.034797,-75.73907
39.034133,-75.739014
39.033336,-75.738969
39.032078,-75.738921
39.029661,-75.738825
39.027928,-75.738622
39.02675,-75.738719
39.026551,-75.738759
39.025258,-75.738818
39.023258,-75.738588
39.021372,-75.7383
39.017468,-75.737713
39.001774,-75.73639
39.000126,-75.736434
38.999684,-75.736399
38.996754,-75.7362
38.995293,-75.736098
38.993853,-75.73598
38.979123,-75.734754
38.964387,-75.733517
38.962562,-75.733364
38.960716,-75.733215
38.957028,-75.73291
38.949673,-75.732294
38.947843,-75.732142
38.94601,-75.73199
38.942345,-75.731685
38.93499,-75.731069
38.933111,-75.730912
38.932738,-75.730891
38.930482,-75.730785
38.925953,-75.730578
38.922068,-75.730139
38.920096,-75.729919
38.918944,-75.729785
38.918142,-75.729715
38.902719,-75.728551
38.901854,-75.728482
38.90143,-75.72845
38.900973,-75.728402
38.900488,-75.728378
38.900023,-75.728344
38.89904,-75.728269
38.89534,-75.727987
38.894339,-75.727874
38.893263,-75.727798
38.891412,-75.727668
38.890024,-75.727574
38.888632,-75.727474
38.887225,-75.727263
38.886525,-75.727288
38.885031,-75.727168
38.881291,-75.726976
38.878182,-75.726817
38.876651,-75.726718
38.87514,-75.726614
38.86988,-75.726112
38.869507,-75.72608
38.868591,-75.725862
38.868393,-75.725837
38.868223,-75.725849
38.864755,-75.725571
38.862371,-75.725377
38.861027,-75.725279
38.860173,-75.725239
38.859277,-75.725155
38.857587,-75.724988
38.856599,-75.724893
38.85562,-75.724788
38.853674,-75.724621
38.851333,-75.724576
38.847902,-75.72421
38.847531,-75.724094
38.846783,-75.724043
38.845764,-75.723924
38.84467,-75.723833
38.843886,-75.72377
38.842973,-75.723723
38.842435,-75.723677
38.841827,-75.723616
38.84106,-75.723557
38.83914,-75.723444
38.836368,-75.72322
38.833617,-75.723009
38.831748,-75.722985
38.830333,-75.722871
38.828889,-75.722768
38.823809,-75.722382
38.823205,-75.722336
38.82294,-75.722291
38.822654,-75.722263
38.822219,-75.72223
38.822014,-75.722233
38.820638,-75.721919
38.819821,-75.721813
38.818982,-75.721751
38.816844,-75.721601
38.814666,-75.721447
38.81385,-75.721391
38.813457,-75.721354
38.81041,-75.721114
38.80183,-75.720442
38.801812,-75.720464
38.800018,-75.720303
38.798162,-75.720159
38.794472,-75.71987
38.7857,-75.719163
38.769067,-75.717832
38.760701,-75.717189
38.752355,-75.716534
38.75079,-75.716432
38.749313,-75.716352
38.74617,-75.716207
38.739954,-75.715917
38.731353,-75.714901
38.728111,-75.714676
38.724775,-75.714421
38.718774,-75.713943
38.718438,-75.713806
38.715025,-75.71368
38.714338,-75.713632
38.708075,-75.713125
38.705599,-75.712927
38.705303,-75.712885
38.703154,-75.712754
38.702079,-75.712688
38.70103,-75.712606
38.697614,-75.712332
38.694437,-75.712059
38.691393,-75.7118
38.69009,-75.711729
38.688009,-75.711549
38.687769,-75.711591
38.684602,-75.711341
38.68182,-75.711151
38.678931,-75.711449
38.674933,-75.711016
38.670984,-75.710593
38.663158,-75.709753
38.662951,-75.709732
38.661671,-75.709663
38.660788,-75.709583
38.660064,-75.709514
38.658303,-75.709364
38.656534,-75.70922
38.649515,-75.708649
38.648659,-75.708578
38.647766,-75.708496
38.646029,-75.708332
38.644273,-75.708169
38.642517,-75.708005
38.635493,-75.707367
38.63521,-75.707337
38.635034,-75.707306
38.634258,-75.707278
38.633211,-75.707243
38.632176,-75.707155
38.631107,-75.707077
38.630527,-75.707023
38.629973,-75.70699
38.629064,-75.706991
38.626715,-75.706798
38.625336,-75.706693
38.624623,-75.706616
38.623961,-75.706523
38.623286,-75.706457
38.622695,-75.706423
38.621387,-75.706302
38.620907,-75.70626
38.62041,-75.706235
38.619386,-75.706218
38.618654,-75.706164
38.618293,-75.706137
38.617944,-75.706105
38.614524,-75.705835
38.613678,-75.705765
38.613259,-75.705727
38.612828,-75.705699
38.611846,-75.705623
38.61114,-75.705558
38.610434,-75.705514
38.610294,-75.705488
38.60946,-75.705419
38.608623,-75.705349
38.608233,-75.70532
38.607772,-75.705296
38.60589,-75.705139
38.60532,-75.705103
38.604365,-75.705029
38.600957,-75.704762
38.597549,-75.704498
38.595539,-75.704296
38.594208,-75.704191
38.593929,-75.70417
38.593637,-75.704159
38.593137,-75.704176
38.592715,-75.704247
38.590089,-75.703982
38.587807,-75.703757
38.585563,-75.703527
38.583272,-75.70334
38.58183,-75.703229
38.580379,-75.703113
38.577436,-75.702878
38.571565,-75.702419
38.565684,-75.701954
38.562749,-75.701727
38.561305,-75.701619
38.559835,-75.701495
38.558407,-75.70139
38.556942,-75.701274
38.554013,-75.701048
38.548167,-75.7006
38.545521,-75.700396
38.542644,-75.700132
38.541378,-75.70004
38.540873,-75.699985
38.540121,-75.69992
38.539382,-75.699865
38.537895,-75.69974
38.537243,-75.699694
38.536892,-75.699627
38.536428,-75.699583
38.53514,-75.699518
38.534526,-75.699554
38.53399,-75.699537
38.533162,-75.699438
38.532751,-75.699432
38.532307,-75.699373
38.530652,-75.699127
38.529227,-75.699093
38.528452,-75.699032
38.527377,-75.69893
38.526298,-75.69884
38.525193,-75.698756
38.524572,-75.698726
38.524129,-75.698699
38.52312,-75.698609
38.522498,-75.698548
38.522262,-75.698513
38.522057,-75.698483
38.515835,-75.698226
38.51543,-75.698208
38.514254,-75.698095
38.512802,-75.697969
38.509909,-75.697717
38.504095,-75.69723
38.501138,-75.696984
38.500065,-75.696899
38.498168,-75.696781
38.492393,-75.696369
38.490787,-75.696163
38.488731,-75.696001
38.484932,-75.695685
38.481137,-75.695341
38.477351,-75.694996
38.475465,-75.694832
38.473573,-75.694666
38.469793,-75.694338
38.467872,-75.694191
38.466916,-75.694121
38.465974,-75.694035
38.462173,-75.693704
38.460369,-75.693542
38.460128,-75.693518
38.460021,-75.69171
38.459893,-75.689907
38.459724,-75.687559
38.459628,-75.684775
38.459513,-75.681452
38.459288,-75.674946
38.459233,-75.673487
38.459162,-75.67182
38.459031,-75.668683
38.458901,-75.665582
38.459001,-75.665611
38.459064,-75.665564
38.459085,-75.665455
38.458917,-75.664368
38.458821,-75.663623
38.458868,-75.663374
38.458859,-75.663267
38.458793,-75.663136
38.458716,-75.662926
38.458703,-75.662384
38.458637,-75.659159
38.458569,-75.655852
38.45849,-75.652016
38.458464,-75.650745
38.45842,-75.649323
38.458328,-75.647026
38.458239,-75.644707
38.458059,-75.640086
38.457697,-75.630838
38.457621,-75.627864
38.457588,-75.626377
38.457567,-75.624922
38.457523,-75.623454
38.45747,-75.621953
38.457378,-75.619006
38.457329,-75.617773
38.457271,-75.616518
38.457244,-75.615343
38.457183,-75.613427
38.457118,-75.6115
38.457098,-75.609745
38.457066,-75.60864
38.457013,-75.60718
38.456938,-75.605411
38.456859,-75.603252
38.456813,-75.601565
38.456741,-75.598609
38.456707,-75.597134
38.456665,-75.595675
38.456605,-75.593156
38.456519,-75.590224
38.45649,-75.589803
38.456369,-75.588833
38.45636,-75.58798
38.456341,-75.587089
38.456313,-75.586328
38.45622,-75.583714
38.456204,-75.582402
38.456197,-75.581389
38.4562,-75.580988
38.45615,-75.579877
38.45615,-75.579336
38.45613,-75.579124
38.456113,-75.578431
38.456101,-75.578167
38.456086,-75.576775
38.456083,-75.575518
38.45608,-75.574829
38.456068,-75.574215
38.456037,-75.572934
38.455931,-75.569421
38.455751,-75.5651
38.455649,-75.562191
38.455538,-75.558253
38.455284,-75.546461
38.455216,-75.543246
38.455065,-75.537133
38.454829,-75.527903
38.454759,-75.525093
38.454672,-75.522186
38.454583,-75.518401
38.454349,-75.50899
38.4543,-75.506302
38.454252,-75.503625
38.454228,-75.5023
38.454213,-75.500943
38.4542,-75.500197
38.454198,-75.499323
38.454175,-75.498277
38.454149,-75.496966
38.454119,-75.495667
38.454109,-75.495073
38.454087,-75.494367
38.454063,-75.493078
38.454054,-75.492198
38.454032,-75.491627
38.454024,-75.490936
38.454007,-75.490353
38.453983,-75.489019
38.453963,-75.487697
38.45391,-75.485087
38.453893,-75.484434
38.453862,-75.482451
38.45385,-75.48175
38.45383,-75.481163
38.453806,-75.479837
38.453759,-75.477245
38.453748,-75.476588
38.453733,-75.475936
38.453731,-75.475434
38.453708,-75.474616
38.453682,-75.473362
38.453681,-75.472996
38.453651,-75.472092
38.453635,-75.471087
38.453598,-75.469566
38.453574,-75.468289
38.453546,-75.467034
38.453521,-75.465699
38.453508,-75.465027
38.453492,-75.46437
38.453478,-75.463746
38.453485,-75.463192
38.453467,-75.462753
38.453444,-75.461757
38.453424,-75.460259
38.453397,-75.459606
38.453386,-75.459136
38.453329,-75.45652
38.453314,-75.455792
38.453295,-75.455085
38.453261,-75.453672
38.453264,-75.453085
38.453253,-75.452606
38.453247,-75.452144
38.453224,-75.451184
38.453192,-75.4492
38.453159,-75.448009
38.453122,-75.445859
38.453104,-75.444528
38.453073,-75.443218
38.453025,-75.440551
38.452924,-75.435388
38.452869,-75.432627
38.452809,-75.429794
38.452776,-75.428312
38.452736,-75.42691
38.452641,-75.424868
38.452585,-75.423866
38.452619,-75.42377
38.452662,-75.423422
38.452685,-75.423043
38.452683,-75.422802
38.452673,-75.422539
38.45266,-75.421247
38.452633,-75.419909
38.452601,-75.418555
38.452637,-75.417633
38.452647,-75.416985
38.452584,-75.416127
38.452516,-75.415558
38.452493,-75.413013
38.452473,-75.412727
38.452465,-75.412474
38.452437,-75.412325
38.452395,-75.412261
38.45232,-75.412208
38.452248,-75.41216
38.452348,-75.410501
38.452385,-75.408723
38.452373,-75.407913
38.452327,-75.405117
38.452264,-75.401517
38.452201,-75.398018
38.452139,-75.394796
38.452141,-75.394524
38.45215,-75.393744
38.452143,-75.392277
38.452142,-75.39111
38.452138,-75.389954
38.452128,-75.385342
38.452116,-75.380761
38.452118,-75.378412
38.45212,-75.376127
38.45212,-75.37499
38.452115,-75.373858
38.452114,-75.372759
38.452118,-75.371579
38.452129,-75.369181
38.452133,-75.368023
38.452132,-75.366912
38.452135,-75.357671
38.452134,-75.357165
38.452113,-75.356827
38.451963,-75.355824
38.451914,-75.355631
38.451905,-75.35552
38.452066,-75.352841
38.452037,-75.350437
38.452018,-75.349068
38.452008,-75.347196
38.451975,-75.34198
38.451968,-75.341251
38.451924,-75.340366
38.45194,-75.336713
38.451913,-75.33153
38.451893,-75.328974
38.45188,-75.32644
38.451852,-75.321176
38.451819,-75.316266
38.451777,-75.311184
38.451738,-75.305878
38.451697,-75.300774
38.45166,-75.295744
38.45162,-75.290657
38.451598,-75.285406
38.451577,-75.280416
38.451555,-75.275629
38.451543,-75.272886
38.451532,-75.270411
38.451509,-75.2654
38.451499,-75.262858
38.451502,-75.261096
38.451489,-75.260332
38.451443,-75.257863
38.4514,-75.255367
38.451356,-75.252857
38.45132,-75.250364
38.45131,-75.249702
38.451304,-75.247818
38.451302,-75.245207
38.451292,-75.24004
38.451287,-75.23877
38.451278,-75.237505
38.451259,-75.234964
38.451242,-75.23239
38.451232,-75.231104
38.451223,-75.229829
38.45121,-75.227208
38.451198,-75.225921
38.451194,-75.225261
38.451188,-75.224647
38.451194,-75.219553
38.451194,-75.21833
38.451181,-75.217053
38.451164,-75.214543
38.451151,-75.212014
38.451149,-75.211796
38.451151,-75.211401
38.451163,-75.210795
38.451151,-75.209382
38.45114,-75.208068
38.451129,-75.206918
38.451116,-75.205471
38.451111,-75.204177
38.4511,-75.201594
38.451096,-75.2003
38.451088,-75.199017
38.451083,-75.197746
38.451078,-75.19648
38.451073,-75.195187
38.45107,-75.194501
38.451066,-75.193889
38.451063,-75.193242
38.451058,-75.192627
38.45105,-75.191312
38.45103,-75.188788
38.451022,-75.186699
38.451016,-75.185964
38.451255,-75.185489
38.451247,-75.184687
38.451238,-75.183556
38.451243,-75.18312
38.451244,-75.182284
38.451245,-75.181545
38.451243,-75.180897
38.451237,-75.180425
38.451239,-75.179954
38.451237,-75.179456
38.451231,-75.177767
38.451255,-75.176571
38.45124,-75.175775
38.451241,-75.17419
38.451243,-75.171555
38.45124,-75.168962
38.451228,-75.163712
38.451213,-75.158532
38.451215,-75.157154
38.451211,-75.156489
38.4512,-75.155798
38.451177,-75.153272
38.451173,-75.152157
38.451177,-75.150644
38.451182,-75.14936
38.451177,-75.148033
38.45117,-75.145393
38.451166,-75.144076
38.451169,-75.142751
38.451171,-75.142026
38.451177,-75.140813
38.451192,-75.138848
38.451198,-75.137774
38.451204,-75.136905
38.451212,-75.13495
38.451217,-75.133042
38.451223,-75.13109
38.451228,-75.129184
38.451229,-75.127171
38.451233,-75.126268
38.451233,-75.125231
38.451235,-75.124543
38.45125,-75.123291
38.451268,-75.121587
38.451266,-75.119427
38.451269,-75.115558
38.451273,-75.111624
38.451273,-75.10774
38.451277,-75.103867
38.451285,-75.096106
38.451286,-75.094178
38.451288,-75.092242
38.45129,-75.088359
38.451285,-75.08476
38.451308,-75.083267
38.451323,-75.081997
38.451318,-75.080534
38.451303,-75.077595
38.45129,-75.074645
38.451278,-75.071768
38.451271,-75.070298
38.451257,-75.069895
38.451261,-75.068778
38.451266,-75.06756
38.451265,-75.067125
38.451272,-75.066685
38.451293,-75.065584
38.451305,-75.064563
38.451268,-75.06286
38.451286,-75.061963
38.451291,-75.059898
38.45129,-75.056968
38.451291,-75.056018
38.451288,-75.055106
38.451278,-75.054575
38.451304,-75.053361
38.451277,-75.052794
38.451274,-75.051117
38.451253,-75.045255
38.451226,-75.033467
38.451161,-75.009965
38.451146,-74.999566
38.451652,-74.986292
38.571764,-74.989381
38.692211,-75.002769