38.451396,-74.992644
 38.451135,-75.000229
 38.451312,-75.083313
 38.451169,-75.14245
 38.451245,-75.185291
 38.451026,-75.186396
 38.451026,-75.188799
 38.451312,-75.24991
 38.451497,-75.260296
 38.452068,-75.352403
 38.451934,-75.3556
 38.452135,-75.35737
 38.452135,-75.394535
 38.452387,-75.408525
 38.452261,-75.411862
 38.45248,-75.412914
 38.452639,-75.417119
 38.452614,-75.424501
 38.454353,-75.509387
 38.456218,-75.583717
 38.457697,-75.630838
 38.458394,-75.648422
 38.458688,-75.661855
 38.45905,-75.665213
 38.458924,-75.6662
 38.459713,-75.687346
 38.460117,-75.693322
 38.460453,-75.693548
 38.492504,-75.69638
 38.515476,-75.698204
 38.522057,-75.698483
 38.530652,-75.699127
 38.534076,-75.699534
 38.536426,-75.699588
 38.585168,-75.703483
 38.592346,-75.704212
 38.595147,-75.704255
 38.62325,-75.706444
 38.626686,-75.70683
 38.635268,-75.707334
 38.663816,-75.709813
 38.678625,-75.711411
 38.682369,-75.711186
 38.714338,-75.713632
 38.718089,-75.713793
 38.731481,-75.71492
 38.740034,-75.715917
 38.752351,-75.716529
 38.771969,-75.718052
 38.819005,-75.721743
 38.823803,-75.722387
 38.844212,-75.723782
 38.851348,-75.724576
 38.854155,-75.724661
 38.868474,-75.725852
 38.869861,-75.72612
 38.87514,-75.726614
 38.887434,-75.72729
 38.918376,-75.729725
 38.925972,-75.730573
 38.934059,-75.730981
 38.993847,-75.735991
 38.999917,-75.73642
 39.002394,-75.736442
 39.017458,-75.737718
 39.02506,-75.738802
 39.027894,-75.73862
 39.034528,-75.739038
 39.079183,-75.742589
 39.084779,-75.742815
 39.094706,-75.743641
 39.098153,-75.744059
 39.099527,-75.744381
 39.102782,-75.744596
 39.106196,-75.745111
 39.108527,-75.745153
 39.118408,-75.746098
 39.126473,-75.746248
 39.164898,-75.749445
 39.167211,-75.749853
 39.173025,-75.750121
 39.187038,-75.751162
 39.213976,-75.75364
 39.229137,-75.754616
 39.243829,-75.755947
 39.311415,-75.761064
 39.330721,-75.762856
 39.344935,-75.763822
 39.366554,-75.765924
 39.376449,-75.766268
 39.380761,-75.766997
 39.397743,-75.768113
 39.425055,-75.770441
 39.44389,-75.771053
 39.462861,-75.772083
 39.471856,-75.772995
 39.48075,-75.77469
 39.494313,-75.77601
 39.498618,-75.776653
 39.505705,-75.777297
 39.510804,-75.777469
 39.519279,-75.778069
 39.554916,-75.78102
 39.55839,-75.781943
 39.572261,-75.782372
 39.577189,-75.78234
 39.590485,-75.783842
 39.595967,-75.785011
 39.611978,-75.785311
 39.621367,-75.786341
 39.636902,-75.787554
 39.64827,-75.788755
 39.653821,-75.788873
 39.664121,-75.788251
 39.671199,-75.788165
 39.681504,-75.789131
 39.68995,-75.788552
 39.695176,-75.788594
 39.69795,-75.788412
 39.701772,-75.788702
 39.715316,-75.788466
 39.715725,-75.788573
 39.72158,-75.788637
 39.722232,-75.788637
 39.721968,-75.840855
 39.721819,-76.014833
 39.721143,-76.135683
 39.721522,-76.144084
 39.721308,-76.185025
 39.721341,-76.239367
 39.721506,-76.241759
 39.7212,-76.254548
 39.721308,-76.374207
 39.721192,-76.416349
 39.721341,-76.434116
 39.721143,-76.444491
 39.721308,-76.451701
 39.721176,-76.474886
 39.721299,-76.483469
 39.721374,-76.55179
 39.721118,-76.571349
 39.721299,-76.57813
 39.721101,-76.644659
 39.721184,-76.706575
 39.721019,-76.71357
 39.720903,-76.764307
 39.720796,-76.788683
 39.720598,-76.795464
 39.720697,-76.809443
 39.7204,-76.857004
 39.720499,-76.87417
 39.720334,-76.890564
 39.720598,-76.910133
 39.720705,-76.935711
 39.719806,-76.990632
 39.720103,-76.999215
 39.720119,-77.005405
 39.719896,-77.039566
 39.719814,-77.176208
 39.719822,-77.395334
 39.720045,-77.464632
 39.719888,-77.506388
 39.7204,-77.56691
 39.720664,-77.669392
 39.720912,-77.678576
 39.72106,-77.713337
 39.720903,-77.723722
 39.721192,-77.729301
 39.721093,-77.740288
 39.721753,-77.801228
 39.722215,-77.875053
 39.722405,-78.000784
 39.722281,-78.047304
 39.722397,-78.061895
 39.7221,-78.103437
 39.722397,-78.177166
 39.722347,-78.203505
 39.722595,-78.235874
 39.722397,-78.243073
 39.722694,-78.249854
 39.72243,-78.270003
 39.722595,-78.274208
 39.722876,-78.315182
 39.722611,-78.330363
 39.722347,-78.332552
 39.722446,-78.341929
 39.722306,-78.343045
 39.722471,-78.344525
 39.722578,-78.352336
 39.722793,-78.407278
 39.722479,-78.438435
 39.722818,-78.445204
 39.722867,-78.464388
 39.722867,-78.49577
 39.722479,-78.537312
 39.722843,-78.545884
 39.722562,-78.579454
 39.722942,-78.624001
 39.722876,-78.658762
 39.722991,-78.665543
 39.722991,-78.857718
 39.722562,-78.988953
 39.722876,-79.046663
 39.722479,-79.084225
 39.722446,-79.135551
 39.721984,-79.221468
 39.721976,-79.313135
 39.721621,-79.37665
 39.721572,-79.417419
 39.72111,-79.474154
 39.721077,-79.476128
 39.721093,-79.476659
 39.720449,-79.476675
 39.698709,-79.476857
 39.643041,-79.476568
 39.642462,-79.476568
 39.642264,-79.477737
 39.641942,-79.477769
 39.641016,-79.477791
 39.622284,-79.478091
 39.531693,-79.478874
 39.531668,-79.482361
 39.524501,-79.482372
 39.520967,-79.48264
 39.514172,-79.482554
 39.48706,-79.482919
 39.484907,-79.482747
 39.473637,-79.48294
 39.460385,-79.48293
 39.45051,-79.483155
 39.344305,-79.484373
 39.344292,-79.486063
 39.34274,-79.486095
 39.296712,-79.486803
 39.28018,-79.48764
 39.275545,-79.487125
 39.265487,-79.487275
 39.265155,-79.48705
 39.264947,-79.486052
 39.264764,-79.48588
 39.248008,-79.486266
 39.206386,-79.486867
 39.206012,-79.486749
 39.205638,-79.483327
 39.204973,-79.481192
 39.204466,-79.480301
 39.203768,-79.476203
 39.202313,-79.473424
 39.202354,-79.472845
 39.202587,-79.472362
 39.203285,-79.471654
 39.203427,-79.470474
 39.203984,-79.469604
 39.204383,-79.469583
 39.206054,-79.468821
 39.207334,-79.469068
 39.208032,-79.467555
 39.208697,-79.466783
 39.210003,-79.4638
 39.210925,-79.462459
 39.211532,-79.460206
 39.211657,-79.458436
 39.211133,-79.456837
 39.211108,-79.455732
 39.2109,-79.455346
 39.210476,-79.455217
 39.210343,-79.454702
 39.21056,-79.453543
 39.211266,-79.452513
 39.211582,-79.452674
 39.212688,-79.451762
 39.213053,-79.450679
 39.213885,-79.450271
 39.214467,-79.448683
 39.21578,-79.447117
 39.216595,-79.444381
 39.21652,-79.442106
 39.216827,-79.441302
 39.216719,-79.440755
 39.21716,-79.439725
 39.218573,-79.438233
 39.218731,-79.437675
 39.219362,-79.43686
 39.221116,-79.436238
 39.224233,-79.432225
 39.224516,-79.430734
 39.224366,-79.43024
 39.223876,-79.430197
 39.223859,-79.428835
 39.224856,-79.427612
 39.225397,-79.425992
 39.226751,-79.424393
 39.227125,-79.42405
 39.227558,-79.424007
 39.228405,-79.424415
 39.230242,-79.424254
 39.234406,-79.425155
 39.234713,-79.424844
 39.234214,-79.424007
 39.234314,-79.423503
 39.234638,-79.422376
 39.235694,-79.42052
 39.236599,-79.42037
 39.237455,-79.420745
 39.238353,-79.420799
 39.238727,-79.420499
 39.239026,-79.419898
 39.239907,-79.417119
 39.23979,-79.41537
 39.240289,-79.414426
 39.24038,-79.413879
 39.240156,-79.41272
 39.240289,-79.412205
 39.241087,-79.412023
 39.241452,-79.411712
 39.242316,-79.410317
 39.243297,-79.409255
 39.245183,-79.408139
 39.245565,-79.408236
 39.245773,-79.408761
 39.246122,-79.409072
 39.246554,-79.409051
 39.246828,-79.407431
 39.247493,-79.405875
 39.248274,-79.405296
 39.249495,-79.404008
 39.250243,-79.402506
 39.250874,-79.400275
 39.251597,-79.399545
 39.253284,-79.398537
 39.253732,-79.398451
 39.254181,-79.398547
 39.254829,-79.399341
 39.255211,-79.399406
 39.255884,-79.39858
 39.256216,-79.397893
 39.256125,-79.396734
 39.256241,-79.396176
 39.256466,-79.395672
 39.25718,-79.39491
 39.258061,-79.394331
 39.259888,-79.39387
 39.261624,-79.393076
 39.261815,-79.392636
 39.261317,-79.391713
 39.261251,-79.391123
 39.261475,-79.389986
 39.26346,-79.387465
 39.263942,-79.387153
 39.265279,-79.387035
 39.267456,-79.387561
 39.267896,-79.387035
 39.268203,-79.385973
 39.268079,-79.385426
 39.267281,-79.38401
 39.266932,-79.382272
 39.266966,-79.381692
 39.267273,-79.381371
 39.268967,-79.380523
 39.271866,-79.378656
 39.273203,-79.375985
 39.274059,-79.372573
 39.274026,-79.367799
 39.274482,-79.365202
 39.274707,-79.362456
 39.274889,-79.361501
 39.276368,-79.357102
 39.276683,-79.356694
 39.277497,-79.356147
 39.277788,-79.355707
 39.277854,-79.354216
 39.277995,-79.353883
 39.27959,-79.352682
 39.280313,-79.35192
 39.283319,-79.351147
 39.284988,-79.351072
 39.285237,-79.350632
 39.285179,-79.350032
 39.284548,-79.346555
 39.285021,-79.344903
 39.286126,-79.343798
 39.287006,-79.343626
 39.289431,-79.345375
 39.29085,-79.346899
 39.291274,-79.347081
 39.293018,-79.346652
 39.293748,-79.345976
 39.293823,-79.345429
 39.293541,-79.344302
 39.293615,-79.340451
 39.29384,-79.339957
 39.295874,-79.33852
 39.29731,-79.337007
 39.298481,-79.334443
 39.300034,-79.331996
 39.299735,-79.32969
 39.300615,-79.325066
 39.299884,-79.322544
 39.299867,-79.321944
 39.300166,-79.320956
 39.300739,-79.320055
 39.301462,-79.319766
 39.301843,-79.319422
 39.302682,-79.317995
 39.303786,-79.316912
 39.304093,-79.316483
 39.304342,-79.315335
 39.304151,-79.312953
 39.303927,-79.31247
 39.303172,-79.311816
 39.302607,-79.31085
 39.302043,-79.308168
 39.299967,-79.304295
 39.299593,-79.3032
 39.299826,-79.30025
 39.299784,-79.297686
 39.298755,-79.293104
 39.298979,-79.291345
 39.299336,-79.290261
 39.299718,-79.289939
 39.301071,-79.28951
 39.302881,-79.289907
 39.303346,-79.289854
 39.304201,-79.289414
 39.308227,-79.284993
 39.309,-79.284221
 39.309821,-79.283695
 39.312137,-79.283513
 39.313947,-79.284006
 39.314868,-79.284092
 39.317599,-79.282901
 39.320288,-79.281989
 39.321608,-79.282376
 39.322529,-79.2823
 39.322953,-79.282086
 39.326488,-79.276153
 39.327351,-79.274039
 39.327874,-79.271765
 39.328098,-79.271239
 39.328787,-79.270445
 39.329592,-79.269855
 39.33092,-79.26934
 39.334621,-79.269501
 39.335509,-79.269158
 39.335899,-79.268847
 39.336148,-79.268364
 39.336065,-79.267205
 39.334497,-79.262753
 39.334223,-79.261143
 39.334223,-79.259952
 39.334513,-79.258654
 39.335783,-79.255532
 39.336372,-79.254663
 39.337119,-79.253987
 39.338032,-79.253891
 39.338438,-79.254084
 39.340239,-79.256455
 39.34106,-79.257023
 39.341931,-79.257345
 39.342819,-79.25727
 39.343508,-79.256873
 39.344777,-79.255189
 39.345939,-79.254212
 39.346827,-79.253869
 39.347748,-79.25374
 39.348677,-79.253805
 39.350038,-79.254202
 39.354601,-79.256669
 39.355978,-79.256862
 39.356857,-79.256626
 39.357106,-79.256165
 39.357189,-79.255339
 39.355563,-79.251981
 39.355555,-79.250189
 39.355895,-79.249116
 39.357048,-79.248204
 39.357355,-79.247764
 39.359619,-79.241863
 39.359702,-79.241284
 39.359553,-79.240104
 39.358524,-79.236799
 39.358773,-79.234418
 39.359163,-79.233495
 39.360175,-79.23254
 39.360905,-79.232175
 39.363676,-79.231939
 39.364522,-79.231478
 39.364704,-79.230974
 39.364281,-79.226221
 39.36317,-79.220245
 39.363344,-79.21605
 39.363576,-79.21428
 39.36424,-79.213539
 39.365102,-79.213164
 39.368611,-79.21311
 39.369523,-79.212896
 39.370378,-79.212456
 39.371414,-79.211179
 39.372692,-79.208679
 39.375039,-79.205772
 39.376963,-79.204044
 39.377991,-79.202864
 39.382121,-79.200075
 39.384352,-79.199259
 39.386939,-79.198551
 39.388083,-79.197586
 39.388697,-79.195998
 39.388912,-79.194249
 39.388813,-79.193648
 39.388174,-79.192071
 39.38606,-79.188734
 39.385421,-79.187125
 39.385222,-79.185601
 39.385438,-79.18367
 39.385994,-79.181954
 39.386914,-79.180602
 39.38868,-79.178789
 39.388912,-79.178123
 39.388846,-79.177201
 39.389659,-79.176686
 39.393108,-79.180076
 39.39441,-79.181074
 39.394849,-79.18116
 39.395711,-79.180784
 39.396499,-79.179336
 39.396698,-79.178435
 39.396656,-79.176857
 39.396491,-79.1763
 39.39567,-79.174905
 39.392718,-79.172544
 39.389733,-79.16968
 39.388456,-79.167942
 39.387776,-79.166729
 39.387362,-79.165689
 39.387312,-79.164509
 39.387569,-79.163361
 39.388158,-79.162438
 39.388481,-79.162019
 39.389335,-79.16158
 39.390256,-79.161483
 39.391168,-79.161655
 39.39203,-79.162062
 39.392345,-79.162406
 39.394012,-79.163404
 39.395156,-79.164423
 39.395811,-79.165238
 39.399401,-79.166397
 39.400794,-79.166483
 39.402269,-79.166032
 39.404707,-79.16483
 39.406588,-79.163082
 39.407823,-79.16056
 39.409423,-79.159391
 39.41031,-79.159058
 39.411521,-79.158908
 39.413808,-79.159391
 39.41559,-79.160013
 39.416046,-79.159992
 39.416452,-79.159745
 39.416759,-79.159316
 39.417588,-79.157159
 39.418019,-79.154928
 39.417546,-79.152632
 39.416842,-79.151098
 39.415665,-79.150164
 39.414339,-79.149649
 39.408619,-79.149274
 39.406854,-79.149928
 39.405933,-79.149896
 39.405527,-79.149628
 39.404905,-79.148769
 39.404599,-79.147643
 39.404466,-79.146463
 39.404847,-79.143941
 39.405726,-79.1426
 39.406456,-79.141914
 39.409117,-79.141023
 39.410045,-79.14098
 39.411935,-79.141506
 39.41467,-79.141903
 39.415997,-79.142257
 39.416452,-79.14215
 39.41724,-79.141549
 39.417538,-79.141098
 39.418417,-79.138341
 39.418715,-79.136592
 39.418317,-79.134489
 39.417696,-79.132462
 39.41714,-79.129082
 39.417232,-79.128513
 39.417853,-79.127644
 39.418268,-79.127451
 39.419246,-79.127558
 39.420903,-79.127129
 39.422751,-79.127301
 39.423854,-79.128331
 39.424707,-79.128782
 39.426962,-79.129436
 39.428031,-79.129543
 39.428959,-79.129425
 39.429721,-79.128782
 39.430997,-79.126303
 39.433086,-79.124136
 39.433202,-79.123503
 39.432961,-79.120724
 39.430906,-79.113407
 39.430881,-79.112506
 39.431196,-79.111605
 39.431892,-79.110864
 39.432323,-79.110693
 39.433243,-79.1108
 39.434958,-79.11168
 39.436632,-79.113944
 39.437925,-79.116411
 39.438339,-79.116615
 39.439251,-79.116669
 39.440618,-79.116304
 39.441471,-79.115853
 39.443319,-79.114051
 39.445001,-79.111047
 39.445622,-79.108225
 39.445887,-79.107732
 39.446268,-79.10741
 39.44834,-79.104277
 39.449914,-79.103107
 39.451223,-79.102517
 39.452606,-79.102453
 39.454379,-79.102861
 39.454843,-79.102839
 39.45645,-79.101884
 39.457345,-79.101938
 39.457618,-79.102378
 39.457742,-79.103558
 39.456997,-79.107624
 39.45703,-79.108214
 39.457345,-79.108547
 39.457808,-79.108622
 39.460981,-79.107796
 39.461859,-79.107131
 39.462157,-79.106691
 39.462613,-79.105639
 39.46287,-79.104491
 39.462745,-79.10153
 39.462165,-79.098312
 39.462339,-79.09593
 39.462613,-79.09549
 39.463019,-79.095211
 39.464302,-79.094685
 39.465214,-79.094718
 39.465628,-79.094954
 39.467226,-79.096166
 39.467947,-79.096938
 39.468502,-79.097861
 39.468659,-79.100833
 39.469082,-79.101884
 39.470291,-79.10388
 39.472262,-79.105436
 39.47362,-79.105736
 39.474026,-79.105554
 39.475094,-79.10447
 39.476469,-79.102067
 39.476701,-79.101187
 39.476709,-79.099985
 39.476295,-79.098279
 39.475276,-79.096273
 39.473214,-79.093022
 39.472486,-79.091499
 39.472121,-79.09019
 39.471624,-79.087261
 39.471359,-79.084278
 39.471409,-79.083077
 39.472071,-79.079558
 39.473438,-79.074064
 39.47372,-79.071693
 39.474283,-79.069408
 39.474804,-79.068432
 39.475641,-79.067906
 39.47656,-79.067799
 39.479367,-79.068292
 39.479765,-79.068035
 39.479989,-79.067584
 39.479997,-79.066983
 39.479459,-79.065342
 39.478382,-79.064183
 39.474125,-79.061801
 39.471939,-79.060868
 39.471624,-79.06045
 39.470829,-79.058347
 39.47068,-79.056609
 39.471202,-79.055654
 39.472444,-79.054871
 39.474258,-79.054377
 39.477024,-79.053905
 39.47863,-79.05339
 39.48032,-79.053358
 39.481173,-79.052929
 39.481877,-79.052178
 39.482994,-79.050268
 39.483317,-79.04853
 39.483326,-79.047328
 39.482903,-79.046352
 39.482531,-79.046019
 39.480386,-79.044882
 39.479657,-79.044195
 39.478995,-79.042629
 39.478581,-79.042414
 39.478407,-79.042114
 39.477521,-79.040022
 39.477314,-79.038885
 39.476411,-79.037511
 39.476519,-79.037125
 39.476287,-79.036868
 39.473148,-79.035902
 39.47222,-79.035923
 39.471326,-79.03617
 39.470862,-79.036127
 39.469943,-79.035698
 39.467732,-79.034368
 39.466961,-79.033713
 39.465222,-79.030913
 39.464741,-79.029239
 39.464857,-79.027458
 39.465992,-79.022534
 39.467533,-79.018886
 39.467351,-79.017749
 39.46586,-79.016365
 39.464758,-79.014466
 39.463648,-79.013543
 39.462141,-79.01159
 39.461362,-79.011097
 39.461047,-79.010679
 39.459623,-79.006913
 39.458778,-79.00349
 39.45775,-79.001387
 39.45645,-78.999703
 39.456582,-78.998952
 39.45645,-78.998373
 39.455207,-78.996645
 39.454246,-78.99392
 39.452424,-78.989843
 39.450858,-78.983577
 39.449508,-78.98037
 39.44882,-78.979683
 39.448679,-78.978524
 39.448464,-78.978009
 39.445117,-78.973922
 39.444371,-78.97242
 39.443658,-78.970199
 39.443211,-78.969533
 39.441852,-78.969212
 39.440999,-78.968782
 39.438836,-78.966594
 39.438265,-78.965682
 39.438115,-78.965124
 39.438182,-78.964534
 39.438405,-78.964008
 39.439101,-78.963332
 39.439358,-78.96286
 39.439623,-78.959899
 39.440203,-78.956616
 39.440899,-78.955833
 39.441314,-78.955554
 39.441761,-78.9555
 39.445009,-78.955661
 39.447735,-78.956037
 39.448091,-78.956187
 39.448944,-78.958182
 39.449309,-78.958429
 39.450245,-78.959888
 39.450957,-78.960596
 39.45138,-78.960468
 39.451695,-78.96006
 39.452821,-78.956155
 39.453534,-78.954953
 39.454321,-78.954374
 39.454785,-78.954363
 39.458198,-78.957871
 39.459689,-78.958976
 39.460575,-78.959266
 39.461668,-78.959309
 39.462422,-78.959116
 39.463077,-78.958697
 39.463648,-78.958032
 39.463855,-78.957517
 39.463656,-78.955168
 39.463685,-78.953499
 39.463864,-78.952796
 39.464042,-78.952045
 39.463857,-78.952196
 39.463666,-78.952539
 39.463557,-78.952539
 39.463764,-78.95211
 39.464104,-78.951691
 39.465222,-78.949782
 39.466241,-78.94623
 39.469115,-78.942325
 39.471442,-78.940094
 39.474423,-78.938527
 39.474854,-78.938677
 39.475624,-78.939289
 39.476643,-78.941209
 39.477024,-78.94152
 39.477463,-78.941735
 39.47863,-78.941928
 39.479765,-78.94254
 39.48022,-78.942636
 39.480668,-78.942518
 39.482473,-78.940673
 39.482829,-78.939643
 39.483665,-78.938205
 39.484651,-78.935909
 39.486083,-78.934439
 39.486704,-78.931575
 39.487217,-78.926672
 39.487118,-78.924215
 39.485934,-78.918346
 39.486,-78.917155
 39.48624,-78.916672
 39.487367,-78.915889
 39.490612,-78.914194
 39.491515,-78.913947
 39.492897,-78.913894
 39.494189,-78.91325
 39.494578,-78.912928
 39.495133,-78.911995
 39.495812,-78.909645
 39.496524,-78.908883
 39.498014,-78.907531
 39.498353,-78.907531
 39.500349,-78.906008
 39.503329,-78.904356
 39.504852,-78.903755
 39.506176,-78.903733
 39.507973,-78.904055
 39.509711,-78.904699
 39.510936,-78.905461
 39.5114,-78.905439
 39.511789,-78.905182
 39.512368,-78.90427
 39.512575,-78.903412
 39.512583,-78.901008
 39.512277,-78.897436
 39.512558,-78.893209
 39.513361,-78.892329
 39.515116,-78.891578
 39.518336,-78.891149
 39.519652,-78.891696
 39.522101,-78.893434
 39.523012,-78.893595
 39.523856,-78.893198
 39.524327,-78.892651
 39.524832,-78.891664
 39.525023,-78.889915
 39.524783,-78.888799
 39.523583,-78.887941
 39.522987,-78.88705
 39.522606,-78.885323
 39.5223,-78.882383
 39.521447,-78.879744
 39.52129,-78.878671
 39.521423,-78.87748
 39.521812,-78.876407
 39.522416,-78.875484
 39.523541,-78.874465
 39.526123,-78.873146
 39.527654,-78.871944
 39.531817,-78.86939
 39.532735,-78.869433
 39.533621,-78.869755
 39.534043,-78.869991
 39.534903,-78.870978
 39.535697,-78.8713
 39.535722,-78.871011
 39.538709,-78.87071
 39.539082,-78.870367
 39.539297,-78.869863
 39.53981,-78.866934
 39.540844,-78.863608
 39.540877,-78.861837
 39.541117,-78.861365
 39.541919,-78.860775
 39.543177,-78.859295
 39.546635,-78.856248
 39.549208,-78.853694
 39.551177,-78.852139
 39.553874,-78.851323
 39.555669,-78.850969
 39.557977,-78.850851
 39.559342,-78.851119
 39.560227,-78.85083
 39.56198,-78.848222
 39.562476,-78.847214
 39.562691,-78.845465
 39.562394,-78.844382
 39.562774,-78.843298
 39.563047,-78.842815
 39.565504,-78.840702
 39.566488,-78.839446
 39.566786,-78.838352
 39.56667,-78.836871
 39.565694,-78.833503
 39.564949,-78.830037
 39.564271,-78.828481
 39.563502,-78.827924
 39.562691,-78.826615
 39.560566,-78.82198
 39.560458,-78.821422
 39.560996,-78.819147
 39.561004,-78.81801
 39.562319,-78.816358
 39.563519,-78.81536
 39.565702,-78.81403
 39.567025,-78.813504
 39.567464,-78.813504
 39.569176,-78.814416
 39.570524,-78.814695
 39.571367,-78.815178
 39.572029,-78.815757
 39.573964,-78.818107
 39.575949,-78.819619
 39.57671,-78.8211
 39.576751,-78.822291
 39.576429,-78.823396
 39.576412,-78.824598
 39.576718,-78.825713
 39.577057,-78.826067
 39.577504,-78.826185
 39.579323,-78.825864
 39.580315,-78.825896
 39.582895,-78.826454
 39.585648,-78.826025
 39.587955,-78.825971
 39.589105,-78.825746
 39.590163,-78.824662
 39.589973,-78.822355
 39.590055,-78.820585
 39.589873,-78.819437
 39.59051,-78.818643
 39.591759,-78.817892
 39.592676,-78.817999
 39.593544,-78.818386
 39.593991,-78.818364
 39.594338,-78.817999
 39.596595,-78.813686
 39.597686,-78.812141
 39.598083,-78.811862
 39.598546,-78.81183
 39.599447,-78.812077
 39.600365,-78.812056
 39.601654,-78.811412
 39.605994,-78.80977
 39.607779,-78.809384
 39.608151,-78.809052
 39.608226,-78.808515
 39.607126,-78.805919
 39.606887,-78.802131
 39.606705,-78.801595
 39.606349,-78.80123
 39.605432,-78.80064
 39.605118,-78.8002
 39.604986,-78.799642
 39.604994,-78.797851
 39.605473,-78.796853
 39.606209,-78.796059
 39.607928,-78.795222
 39.608837,-78.795029
 39.611152,-78.795211
 39.613433,-78.795662
 39.615706,-78.796467
 39.616177,-78.797185
 39.616615,-78.797346
 39.619805,-78.797979
 39.621441,-78.799084
 39.625491,-78.801048
 39.626838,-78.801488
 39.627755,-78.801595
 39.628573,-78.801134
 39.628763,-78.800608
 39.628532,-78.798881
 39.628928,-78.797829
 39.6293,-78.797497
 39.632267,-78.796552
 39.634374,-78.794235
 39.634795,-78.794171
 39.635638,-78.794643
 39.636332,-78.795308
 39.636761,-78.795244
 39.637059,-78.794847
 39.637414,-78.793656
 39.637406,-78.793087
 39.638249,-78.790995
 39.63677,-78.784708
 39.636596,-78.782927
 39.636761,-78.78135
 39.637447,-78.780588
 39.641867,-78.777809
 39.643206,-78.777294
 39.644478,-78.776575
 39.645222,-78.775899
 39.645742,-78.774247
 39.645874,-78.770943
 39.646147,-78.769183
 39.64637,-78.768657
 39.647824,-78.767198
 39.64827,-78.766627
 39.648212,-78.766099
 39.647857,-78.765889
 39.647056,-78.765407
 39.645684,-78.765224
 39.644313,-78.765428
 39.643041,-78.766147
 39.639298,-78.768851
 39.638447,-78.770943
 39.636638,-78.772756
 39.632696,-78.774494
 39.62997,-78.776125
 39.628623,-78.776543
 39.626507,-78.777745
 39.625185,-78.778303
 39.623367,-78.778732
 39.62259,-78.778517
 39.621929,-78.778034
 39.621722,-78.777804
 39.621528,-78.777216
 39.621452,-78.777207
 39.621352,-78.77746
 39.62127,-78.777479
 39.621255,-78.777294
 39.621739,-78.774923
 39.620987,-78.770964
 39.62078,-78.770471
 39.619913,-78.770192
 39.619607,-78.769795
 39.619408,-78.768636
 39.619731,-78.76752
 39.619764,-78.76634
 39.61878,-78.763679
 39.620094,-78.760085
 39.620681,-78.759162
 39.621789,-78.758079
 39.622722,-78.75662
 39.624697,-78.752586
 39.626383,-78.748605
 39.626656,-78.747479
 39.626598,-78.746878
 39.624251,-78.74102
 39.62226,-78.736932
 39.621524,-78.736224
 39.619888,-78.735098
 39.61921,-78.734336
 39.618342,-78.73395
 39.615169,-78.733199
 39.614706,-78.733166
 39.613879,-78.73351
 39.609904,-78.738531
 39.609581,-78.739368
 39.609466,-78.74176
 39.609085,-78.742833
 39.607432,-78.744925
 39.605738,-78.746685
 39.60573,-78.748691
 39.60592,-78.749024
 39.609077,-78.750182
 39.609771,-78.750944
 39.610143,-78.752028
 39.610391,-78.755611
 39.610061,-78.757349
 39.609796,-78.763196
 39.608755,-78.76781
 39.608168,-78.768711
 39.606672,-78.770117
 39.60606,-78.7709
 39.605382,-78.773496
 39.604374,-78.776211
 39.60377,-78.77708
 39.602084,-78.778067
 39.601638,-78.778131
 39.601224,-78.777895
 39.59972,-78.776489
 39.598356,-78.774869
 39.597521,-78.774387
 39.597116,-78.773818
 39.596785,-78.772702
 39.595165,-78.77046
 39.5918,-78.768507
 39.58951,-78.768175
 39.588038,-78.767488
 39.585194,-78.764452
 39.582672,-78.76075
 39.580745,-78.756663
 39.580671,-78.755493
 39.580968,-78.754345
 39.581638,-78.752789
 39.581779,-78.751609
 39.581473,-78.750515
 39.579968,-78.747897
 39.579645,-78.746792
 39.579629,-78.746191
 39.579951,-78.744442
 39.580638,-78.743166
 39.581059,-78.742962
 39.582432,-78.742779
 39.582862,-78.742554
 39.586029,-78.740108
 39.586517,-78.738617
 39.58655,-78.736814
 39.586335,-78.736364
 39.586665,-78.735656
 39.58669,-78.734454
 39.586442,-78.733338
 39.586054,-78.733091
 39.577189,-78.731943
 39.574452,-78.731407
 39.573195,-78.730656
 39.57164,-78.728896
 39.5693,-78.727148
 39.566769,-78.725678
 39.564561,-78.724798
 39.563767,-78.724251
 39.563452,-78.723178
 39.563535,-78.720185
 39.563246,-78.717009
 39.562741,-78.714305
 39.562013,-78.712803
 39.559871,-78.711762
 39.559168,-78.711001
 39.558283,-78.709606
 39.557067,-78.708844
 39.556016,-78.707675
 39.555553,-78.706023
 39.555553,-78.703287
 39.55442,-78.699521
 39.554105,-78.697772
 39.554081,-78.69598
 39.553626,-78.694757
 39.55164,-78.692247
 39.550929,-78.691764
 39.549183,-78.691753
 39.547008,-78.690712
 39.545841,-78.689736
 39.544104,-78.683696
 39.543781,-78.681368
 39.542739,-78.679404
 39.540281,-78.67581
 39.540124,-78.675274
 39.540546,-78.671476
 39.540306,-78.668504
 39.539884,-78.667463
 39.537071,-78.66432
 39.536839,-78.663805
 39.535242,-78.657721
 39.534589,-78.654234
 39.53458,-78.653634
 39.535259,-78.650737
 39.536136,-78.644224
 39.536326,-78.638517
 39.537145,-78.633217
 39.537154,-78.630234
 39.537749,-78.628904
 39.538287,-78.628625
 39.53909,-78.628753
 39.539413,-78.628496
 39.539611,-78.627316
 39.539495,-78.624945
 39.539686,-78.623786
 39.539487,-78.621415
 39.539024,-78.619087
 39.537667,-78.614666
 39.537038,-78.613057
 39.536153,-78.611662
 39.535524,-78.610075
 39.5353,-78.607146
 39.53444,-78.606083
 39.533132,-78.605493
 39.53276,-78.605161
 39.532247,-78.604184
 39.532015,-78.603047
 39.532263,-78.60191
 39.534837,-78.598477
 39.536103,-78.595859
 39.536889,-78.593037
 39.536814,-78.591267
 39.536359,-78.590258
 39.535937,-78.590033
 39.535482,-78.590065
 39.532619,-78.591996
 39.531717,-78.592168
 39.530948,-78.591557
 39.528664,-78.58851
 39.527927,-78.587801
 39.527952,-78.586224
 39.527646,-78.583006
 39.527199,-78.580055
 39.52686,-78.57895
 39.526098,-78.577448
 39.525172,-78.576118
 39.524427,-78.57542
 39.522184,-78.572245
 39.519925,-78.56791
 39.519337,-78.565646
 39.520777,-78.561226
 39.521356,-78.558372
 39.521431,-78.55598
 39.521679,-78.55422
 39.521373,-78.552214
 39.520868,-78.550701
 39.520827,-78.547118
 39.521431,-78.545702
 39.521638,-78.542118
 39.523003,-78.537537
 39.52321,-78.536367
 39.522987,-78.530241
 39.523111,-78.529887
 39.523889,-78.529522
 39.524236,-78.529125
 39.5247,-78.528149
 39.52465,-78.524609
 39.524807,-78.522881
 39.524642,-78.5211
 39.523103,-78.514931
 39.520487,-78.507925
 39.519205,-78.505436
 39.5186,-78.503237
 39.518617,-78.502046
 39.519031,-78.50034
 39.519014,-78.499739
 39.51822,-78.493935
 39.518269,-78.491585
 39.517665,-78.489987
 39.517872,-78.488828
 39.518377,-78.48783
 39.519031,-78.487004
 39.519503,-78.485395
 39.519561,-78.484204
 39.519395,-78.482423
 39.51894,-78.480738
 39.517003,-78.47737
 39.516415,-78.475739
 39.51601,-78.473786
 39.515919,-78.472584
 39.51606,-78.470803
 39.51644,-78.469076
 39.517102,-78.467478
 39.51884,-78.464677
 39.520007,-78.463712
 39.52038,-78.46266
 39.521663,-78.461759
 39.523914,-78.461094
 39.525279,-78.46074
 39.527125,-78.460568
 39.529789,-78.460879
 39.530666,-78.461255
 39.531841,-78.46221
 39.532685,-78.462682
 39.534059,-78.46295
 39.535433,-78.462735
 39.536252,-78.462178
 39.537245,-78.460944
 39.537989,-78.459281
 39.538238,-78.45824
 39.538329,-78.456459
 39.537849,-78.451749
 39.538031,-78.449979
 39.538246,-78.449464
 39.539015,-78.448842
 39.540827,-78.448327
 39.542193,-78.448563
 39.542945,-78.449239
 39.543549,-78.450129
 39.543971,-78.451813
 39.54436,-78.455547
 39.545138,-78.458369
 39.546122,-78.460375
 39.547446,-78.461416
 39.548811,-78.461727
 39.549729,-78.461663
 39.550548,-78.461115
 39.550846,-78.460665
 39.551293,-78.45898
 39.551409,-78.457789
 39.550788,-78.453337
 39.550457,-78.451803
 39.550035,-78.450751
 39.547918,-78.447576
 39.545055,-78.444936
 39.542954,-78.443681
 39.541795,-78.442694
 39.539595,-78.440366
 39.538676,-78.439035
 39.53842,-78.437909
 39.538651,-78.43675
 39.539197,-78.435806
 39.540389,-78.434916
 39.541258,-78.434551
 39.542184,-78.43439
 39.544476,-78.434755
 39.548,-78.43631
 39.548745,-78.436986
 39.549663,-78.438295
 39.55049,-78.438821
 39.5514,-78.438917
 39.551855,-78.438778
 39.55265,-78.438177
 39.553278,-78.437319
 39.553535,-78.436192
 39.553485,-78.435602
 39.551963,-78.431064
 39.550912,-78.429905
 39.548803,-78.428693
 39.546883,-78.427008
 39.545535,-78.425528
 39.545105,-78.424487
 39.544873,-78.423328
 39.544782,-78.421537
 39.54484,-78.420947
 39.545353,-78.41952
 39.545891,-78.418554
 39.546594,-78.417706
 39.547421,-78.41717
 39.54877,-78.416795
 39.549638,-78.417138
 39.551955,-78.419091
 39.553328,-78.420571
 39.555024,-78.421923
 39.557332,-78.424144
 39.558994,-78.426214
 39.560392,-78.429326
 39.561509,-78.432888
 39.563436,-78.437576
 39.565727,-78.440398
 39.566628,-78.441761
 39.567637,-78.44366
 39.56944,-78.447855
 39.571566,-78.45103
 39.573096,-78.452618
 39.574394,-78.454442
 39.578909,-78.457478
 39.579769,-78.457875
 39.582465,-78.458058
 39.584317,-78.457865
 39.586558,-78.457156
 39.587376,-78.45662
 39.588575,-78.454807
 39.590295,-78.450955
 39.591229,-78.446331
 39.591287,-78.443949
 39.589799,-78.438649
 39.588724,-78.435581
 39.587319,-78.429873
 39.585963,-78.426064
 39.584747,-78.423511
 39.582018,-78.420217
 39.580729,-78.417932
 39.579265,-78.41276
 39.57857,-78.408415
 39.578603,-78.406012
 39.579215,-78.403115
 39.580762,-78.399189
 39.581572,-78.397654
 39.582225,-78.396807
 39.583755,-78.395455
 39.584598,-78.395015
 39.585963,-78.394758
 39.587319,-78.395101
 39.589179,-78.396013
 39.590518,-78.397365
 39.593718,-78.402418
 39.596082,-78.408254
 39.598058,-78.41231
 39.602018,-78.418189
 39.602787,-78.41967
 39.604051,-78.421515
 39.604721,-78.422341
 39.605853,-78.423028
 39.607945,-78.425549
 39.6103,-78.427448
 39.611747,-78.42894
 39.61464,-78.431493
 39.616665,-78.432727
 39.617557,-78.43307
 39.618904,-78.433478
 39.620268,-78.433199
 39.621499,-78.432394
 39.622739,-78.430721
 39.623987,-78.427523
 39.624268,-78.425764
 39.624284,-78.422771
 39.62383,-78.420378
 39.62283,-78.417256
 39.620747,-78.411945
 39.619888,-78.408469
 39.619202,-78.406903
 39.616317,-78.397515
 39.612449,-78.39215
 39.611664,-78.39067
 39.61121,-78.388996
 39.609614,-78.385627
 39.608689,-78.382881
 39.608151,-78.379962
 39.607978,-78.376969
 39.608143,-78.375456
 39.608771,-78.373868
 39.609441,-78.373032
 39.610656,-78.372195
 39.61202,-78.371991
 39.6134,-78.373525
 39.61435,-78.374169
 39.616879,-78.377591
 39.618284,-78.379147
 39.621251,-78.382033
 39.622863,-78.383267
 39.624235,-78.383439
 39.625549,-78.382881
 39.626912,-78.382602
 39.627763,-78.38213
 39.628887,-78.381089
 39.629383,-78.380091
 39.630259,-78.375467
 39.630358,-78.373675
 39.629705,-78.369577
 39.629036,-78.367989
 39.626887,-78.364255
 39.625788,-78.360962
 39.625507,-78.358601
 39.626425,-78.355211
 39.62711,-78.354374
 39.62878,-78.353419
 39.63016,-78.35328
 39.631102,-78.353484
 39.632548,-78.354406
 39.634944,-78.356584
 39.635266,-78.357679
 39.635828,-78.358601
 39.637142,-78.359159
 39.63805,-78.359149
 39.638943,-78.358805
 39.639736,-78.35814
 39.640232,-78.357142
 39.640727,-78.355458
 39.640554,-78.353494
 39.640694,-78.352314
 39.640355,-78.350598
 39.63891,-78.345877
 39.63843,-78.341296
 39.637993,-78.339611
 39.637546,-78.335438
 39.636249,-78.332187
 39.635192,-78.32885
 39.634241,-78.32546
 39.633473,-78.321115
 39.632754,-78.319591
 39.631275,-78.315192
 39.630978,-78.312972
 39.629697,-78.308487
 39.628449,-78.3053
 39.625978,-78.298101
 39.624995,-78.296084
 39.62397,-78.293391
 39.623193,-78.291922
 39.622648,-78.289797
 39.621367,-78.287373
 39.620433,-78.28277
 39.620218,-78.280989
 39.620103,-78.276558
 39.619607,-78.272406
 39.61964,-78.271226
 39.618855,-78.266569
 39.619094,-78.265636
 39.619309,-78.265121
 39.620061,-78.264456
 39.621706,-78.263394
 39.622152,-78.263254
 39.626177,-78.263361
 39.628904,-78.262771
 39.630242,-78.262278
 39.632399,-78.260325
 39.63753,-78.25627
 39.640165,-78.253974
 39.644866,-78.246614
 39.648402,-78.242666
 39.650228,-78.239683
 39.651426,-78.238792
 39.652103,-78.237977
 39.654878,-78.232344
 39.65587,-78.229641
 39.656729,-78.227828
 39.658703,-78.225296
 39.660247,-78.223987
 39.661585,-78.2236
 39.662486,-78.223836
 39.663295,-78.224394
 39.663972,-78.225199
 39.665029,-78.22698
 39.666095,-78.22801
 39.669051,-78.231797
 39.670191,-78.232806
 39.67062,-78.233042
 39.671991,-78.233299
 39.672891,-78.233106
 39.673676,-78.232495
 39.675121,-78.230327
 39.676054,-78.227592
 39.675674,-78.219244
 39.67579,-78.21624
 39.67612,-78.213279
 39.676211,-78.208247
 39.676029,-78.206488
 39.67636,-78.204128
 39.676863,-78.202454
 39.677821,-78.201166
 39.67991,-78.199235
 39.682379,-78.196478
 39.683188,-78.195899
 39.684931,-78.195126
 39.68825,-78.193034
 39.689059,-78.192455
 39.68976,-78.191682
 39.69038,-78.190813
 39.691403,-78.188313
 39.694359,-78.183711
 39.695019,-78.182906
 39.695317,-78.181779
 39.695894,-78.177112
 39.695969,-78.175921
 39.695457,-78.173025
 39.695581,-78.171254
 39.694227,-78.165611
 39.693773,-78.162682
 39.69189,-78.1572
 39.690759,-78.155075
 39.690479,-78.153831
 39.690305,-78.151449
 39.690487,-78.147254
 39.690239,-78.145334
 39.690388,-78.143563
 39.689719,-78.141342
 39.689595,-78.139572
 39.688431,-78.135645
 39.68749,-78.134154
 39.686937,-78.132502
 39.685764,-78.124273
 39.682602,-78.111849
 39.682181,-78.108287
 39.68162,-78.105959
 39.680175,-78.101453
 39.678837,-78.098288
 39.678284,-78.097333
 39.676591,-78.095294
 39.675154,-78.094007
 39.672454,-78.091121
 39.671595,-78.089629
 39.67124,-78.088546
 39.671388,-78.087376
 39.671066,-78.082055
 39.668853,-78.077506
 39.665574,-78.073289
 39.661098,-78.068311
 39.660545,-78.067346
 39.656828,-78.062861
 39.653722,-78.058763
 39.652029,-78.055598
 39.651087,-78.054278
 39.649616,-78.05283
 39.645296,-78.049901
 39.643123,-78.047669
 39.641793,-78.045094
 39.63886,-78.040438
 39.638133,-78.038914
 39.636109,-78.036457
 39.635431,-78.035781
 39.629994,-78.032219
 39.627648,-78.030288
 39.626334,-78.028615
 39.624772,-78.027316
 39.623888,-78.025954
 39.621706,-78.023937
 39.620111,-78.022735
 39.61716,-78.021051
 39.611937,-78.016824
 39.604209,-78.011427
 39.602836,-78.00985
 39.602266,-78.008208
 39.601216,-78.006277
 39.600513,-78.002511
 39.601009,-77.999614
 39.600613,-77.997276
 39.600406,-77.99307
 39.599447,-77.985023
 39.599736,-77.976934
 39.600017,-77.975796
 39.600819,-77.974337
 39.605853,-77.96937
 39.606771,-77.967932
 39.607449,-77.966366
 39.60854,-77.962396
 39.608813,-77.960637
 39.608804,-77.958566
 39.608019,-77.955101
 39.607631,-77.954028
 39.606771,-77.952601
 39.606135,-77.951764
 39.605002,-77.951002
 39.602704,-77.950745
 39.597744,-77.952182
 39.594123,-77.952343
 39.592742,-77.952107
 39.588013,-77.950251
 39.586723,-77.949564
 39.586062,-77.948792
 39.584855,-77.946206
 39.58454,-77.943846
 39.584755,-77.942687
 39.585491,-77.941185
 39.586847,-77.939544
 39.588947,-77.937977
 39.59032,-77.937334
 39.594867,-77.936304
 39.604473,-77.93537
 39.607862,-77.935563
 39.609664,-77.936132
 39.612028,-77.938063
 39.613078,-77.939222
 39.613565,-77.94023
 39.614177,-77.943395
 39.614714,-77.944082
 39.615491,-77.944726
 39.615929,-77.944812
 39.616384,-77.944715
 39.61721,-77.944221
 39.618417,-77.942398
 39.61907,-77.94082
 39.619334,-77.93846
 39.619284,-77.936969
 39.619053,-77.936025
 39.618235,-77.933879
 39.6164,-77.931197
 39.613524,-77.928525
 39.612681,-77.928064
 39.609978,-77.927238
 39.607664,-77.925972
 39.605465,-77.924116
 39.604862,-77.923236
 39.603737,-77.919931
 39.602861,-77.91652
 39.60263,-77.911016
 39.601084,-77.906671
 39.60048,-77.901253
 39.598488,-77.895191
 39.597537,-77.890309
 39.597356,-77.888528
 39.597446,-77.887337
 39.597967,-77.885041
 39.598604,-77.883432
 39.599191,-77.882509
 39.599769,-77.881973
 39.601952,-77.881168
 39.603332,-77.880996
 39.606168,-77.881114
 39.608184,-77.881973
 39.60935,-77.882863
 39.612185,-77.885942
 39.613755,-77.887176
 39.614177,-77.887198
 39.61445,-77.887037
 39.615169,-77.886297
 39.615698,-77.885331
 39.615466,-77.881662
 39.614598,-77.877606
 39.614334,-77.874709
 39.613582,-77.873797
 39.612466,-77.871888
 39.611714,-77.869592
 39.610937,-77.868133
 39.609978,-77.864753
 39.609234,-77.86324
 39.608755,-77.861567
 39.607432,-77.855666
 39.607126,-77.853316
 39.607069,-77.848692
 39.606895,-77.846911
 39.607234,-77.842759
 39.606217,-77.838264
 39.603026,-77.833693
 39.601233,-77.831891
 39.599034,-77.831386
 39.597198,-77.831215
 39.596049,-77.830743
 39.595123,-77.830689
 39.592891,-77.830013
 39.591064,-77.829766
 39.587509,-77.829777
 39.585665,-77.830024
 39.582986,-77.830904
 39.581159,-77.830807
 39.57953,-77.831268
 39.5769,-77.832309
 39.574617,-77.832695
 39.572823,-77.833285
 39.57107,-77.833232
 39.569349,-77.834111
 39.566529,-77.836096
 39.565677,-77.837512
 39.564594,-77.840677
 39.564329,-77.842437
 39.564238,-77.851342
 39.564602,-77.85367
 39.564586,-77.856063
 39.564329,-77.859646
 39.5638,-77.862843
 39.563543,-77.865815
 39.563634,-77.869806
 39.564056,-77.874495
 39.563576,-77.878035
 39.562849,-77.880642
 39.561194,-77.884516
 39.559912,-77.887015
 39.559259,-77.887852
 39.558026,-77.888625
 39.556662,-77.888925
 39.555735,-77.888882
 39.554858,-77.888603
 39.553766,-77.887874
 39.551822,-77.886264
 39.551194,-77.885385
 39.548819,-77.880235
 39.546329,-77.875997
 39.544757,-77.87237
 39.544195,-77.871437
 39.539487,-77.866341
 39.537667,-77.864925
 39.536368,-77.864442
 39.534986,-77.864324
 39.533157,-77.864646
 39.531312,-77.864614
 39.528217,-77.865086
 39.524145,-77.866234
 39.522308,-77.866491
 39.520198,-77.866513
 39.518352,-77.866319
 39.517458,-77.866008
 39.516258,-77.865268
 39.515025,-77.863594
 39.514379,-77.861352
 39.51433,-77.860075
 39.515505,-77.850183
 39.51697,-77.845452
 39.518584,-77.841836
 39.519817,-77.841021
 39.521315,-77.840645
 39.526396,-77.840785
 39.529169,-77.840517
 39.529756,-77.840259
 39.531246,-77.838854
 39.532206,-77.836772
 39.53247,-77.835613
 39.532603,-77.833822
 39.532338,-77.832073
 39.531585,-77.829874
 39.530269,-77.826848
 39.529781,-77.826033
 39.528896,-77.825174
 39.52585,-77.823758
 39.524013,-77.823586
 39.518402,-77.825078
 39.517069,-77.825571
 39.515993,-77.826687
 39.514338,-77.829219
 39.512211,-77.83365
 39.509231,-77.838403
 39.50621,-77.844454
 39.504935,-77.846203
 39.503461,-77.847512
 39.502153,-77.84807
 39.500812,-77.847673
 39.500407,-77.847394
 39.498916,-77.845956
 39.498337,-77.845066
 39.493237,-77.826794
 39.493378,-77.825603
 39.493916,-77.823962
 39.49404,-77.822181
 39.493924,-77.82099
 39.493262,-77.817492
 39.490993,-77.810905
 39.490289,-77.80804
 39.48961,-77.804178
 39.489403,-77.801796
 39.489412,-77.798191
 39.48961,-77.79581
 39.490869,-77.791615
 39.491407,-77.790638
 39.492111,-77.789866
 39.49582,-77.787269
 39.497236,-77.785735
 39.498105,-77.78433
 39.498726,-77.782871
 39.499123,-77.781154
 39.499496,-77.773976
 39.499132,-77.771219
 39.498478,-77.769642
 39.497319,-77.767775
 39.496308,-77.766531
 39.49529,-77.765801
 39.493949,-77.76535
 39.493055,-77.765554
 39.491531,-77.766885
 39.490438,-77.768816
 39.489312,-77.771434
 39.487259,-77.781293
 39.485015,-77.788578
 39.483466,-77.79228
 39.48181,-77.795455
 39.480692,-77.796518
 39.479459,-77.797354
 39.478299,-77.797912
 39.477388,-77.798138
 39.476477,-77.798266
 39.475566,-77.798159
 39.47251,-77.796775
 39.471367,-77.795745
 39.469694,-77.793417
 39.46793,-77.789887
 39.466232,-77.785617
 39.464642,-77.780639
 39.463681,-77.77859
 39.462952,-77.777892
 39.462033,-77.777828
 39.461362,-77.778118
 39.460343,-77.77933
 39.459921,-77.780381
 39.459871,-77.780961
 39.460095,-77.783622
 39.461702,-77.790359
 39.462033,-77.793127
 39.462041,-77.794222
 39.461784,-77.795799
 39.461345,-77.797322
 39.460807,-77.798288
 39.460012,-77.798856
 39.458189,-77.799264
 39.456872,-77.798738
 39.456052,-77.798191
 39.451529,-77.793245
 39.448787,-77.788417
 39.447586,-77.786593
 39.447238,-77.786186
 39.446417,-77.785671
 39.445498,-77.785596
 39.444371,-77.785993
 39.444015,-77.786336
 39.443385,-77.787216
 39.442764,-77.788825
 39.442175,-77.791711
 39.441413,-77.798771
 39.440759,-77.801013
 39.440212,-77.801957
 39.439093,-77.802955
 39.438198,-77.803245
 39.43727,-77.803234
 39.436823,-77.803127
 39.435961,-77.802504
 39.434312,-77.800391
 39.431834,-77.796046
 39.430624,-77.79273
 39.429307,-77.78699
 39.429166,-77.785209
 39.429241,-77.780381
 39.427857,-77.774663
 39.42789,-77.772861
 39.428536,-77.765833
 39.428445,-77.763451
 39.428213,-77.762293
 39.427533,-77.760319
 39.424724,-77.754815
 39.423729,-77.753559
 39.422942,-77.752969
 39.421102,-77.752959
 39.419196,-77.752218
 39.417331,-77.750974
 39.410476,-77.747154
 39.405776,-77.743388
 39.402767,-77.740599
 39.398994,-77.738732
 39.392594,-77.736425
 39.391242,-77.736082
 39.389866,-77.73591
 39.388498,-77.736071
 39.387627,-77.736415
 39.386267,-77.738013
 39.385645,-77.739633
 39.384501,-77.747916
 39.384169,-77.749665
 39.383498,-77.751703
 39.383282,-77.752229
 39.382594,-77.753023
 39.381317,-77.753688
 39.379467,-77.753763
 39.37858,-77.753398
 39.375346,-77.750845
 39.374383,-77.75019
 39.371464,-77.748742
 39.36526,-77.744225
 39.362979,-77.743742
 39.3602,-77.74385
 39.35587,-77.745202
 39.35402,-77.745438
 39.353223,-77.745963
 39.350403,-77.749064
 39.349133,-77.750931
 39.34652,-77.757282
 39.3454,-77.759181
 39.344305,-77.760297
 39.342487,-77.76107
 39.340479,-77.761198
 39.339724,-77.76107
 39.337625,-77.759804
 39.33536,-77.757722
 39.333866,-77.755662
 39.33336,-77.753999
 39.332986,-77.75106
 39.331883,-77.749
 39.329841,-77.744279
 39.326978,-77.734956
 39.324588,-77.730782
 39.323276,-77.729065
 39.323036,-77.728711
 39.3226,-77.728642
 39.322197,-77.7281
 39.32165,-77.727381
 39.321334,-77.723025
 39.321409,-77.719442
 39.321276,-77.71897
 39.321172,-77.718492
 39.321185,-77.718186
 39.321114,-77.71769
 39.320911,-77.717301
 39.320869,-77.71633
 39.320874,-77.715778
 39.320961,-77.715333
 39.321185,-77.715
 39.321168,-77.714442
 39.32123,-77.714179
 39.32121,-77.713702
 39.321384,-77.71324
 39.321318,-77.712479
 39.321206,-77.712299
 39.321326,-77.712184
 39.321118,-77.711438
 39.321058,-77.71102
 39.320945,-77.711186
 39.320849,-77.711695
 39.320845,-77.711352
 39.320898,-77.710987
 39.321049,-77.71059
 39.321298,-77.710413
 39.321432,-77.710193
 39.321434,-77.70985
 39.321376,-77.709271
 39.321679,-77.70823
 39.321683,-77.707576
 39.320521,-77.704346
 39.318886,-77.698756
 39.318429,-77.695817
 39.318404,-77.693113
 39.318537,-77.691944
 39.319392,-77.689873
 39.319948,-77.686976
 39.320728,-77.685506
 39.322347,-77.683811
 39.323866,-77.681655
 39.324563,-77.677267
 39.324496,-77.676086
 39.324148,-77.675014
 39.323177,-77.673876
 39.321724,-77.671076
 39.318446,-77.667772
 39.316902,-77.665551
 39.315806,-77.662944
 39.313665,-77.655873
 39.312677,-77.653856
 39.311025,-77.651099
 39.310602,-77.650048
 39.309987,-77.647784
 39.309033,-77.645187
 39.308958,-77.64434
 39.308734,-77.644039
 39.308742,-77.642602
 39.30768,-77.635918
 39.307588,-77.633568
 39.307829,-77.63242
 39.307829,-77.631304
 39.307364,-77.630328
 39.306592,-77.629867
 39.306243,-77.629073
 39.305106,-77.624545
 39.304724,-77.622281
 39.304467,-77.621841
 39.304218,-77.620704
 39.302366,-77.615297
 39.302491,-77.608817
 39.302956,-77.608173
 39.303504,-77.606531
 39.303479,-77.606049
 39.30284,-77.604192
 39.30176,-77.599075
 39.301428,-77.594826
 39.301204,-77.593668
 39.30137,-77.590696
 39.301727,-77.588346
 39.302557,-77.586211
 39.30323,-77.583357
 39.304201,-77.581362
 39.304741,-77.579709
 39.305322,-77.574431
 39.30582,-77.572349
 39.306069,-77.569399
 39.306243,-77.568862
 39.306069,-77.567114
 39.305388,-77.565569
 39.303653,-77.563326
 39.302491,-77.56235
 39.301179,-77.561814
 39.300274,-77.561738
 39.298697,-77.562404
 39.295035,-77.562876
 39.293674,-77.562661
 39.29347,-77.562707
 39.293383,-77.562527
 39.293591,-77.562404
 39.293431,-77.562235
 39.293271,-77.562194
 39.293348,-77.562122
 39.293175,-77.561953
 39.292744,-77.561749
 39.290103,-77.562071
 39.286881,-77.561749
 39.282455,-77.556878
 39.281907,-77.55529
 39.281068,-77.553971
 39.280443,-77.553544
 39.279769,-77.553247
 39.279768,-77.55332
 39.280007,-77.553491
 39.279944,-77.553548
 39.279822,-77.553496
 39.279692,-77.553325
 39.27778,-77.552329
 39.27577,-77.550924
 39.274648,-77.549314
 39.271152,-77.545431
 39.269549,-77.54424
 39.269117,-77.544047
 39.268187,-77.544036
 39.267331,-77.543596
 39.265138,-77.540903
 39.264648,-77.539905
 39.26464,-77.53939
 39.264075,-77.537802
 39.263718,-77.537438
 39.262945,-77.535968
 39.262156,-77.533286
 39.261209,-77.531236
 39.260769,-77.529552
 39.260412,-77.527213
 39.258493,-77.521108
 39.257047,-77.519199
 39.25561,-77.515433
 39.253034,-77.510455
 39.252112,-77.505798
 39.252079,-77.504007
 39.251182,-77.49714
 39.249188,-77.490971
 39.247883,-77.487978
 39.247584,-77.487506
 39.246379,-77.486401
 39.245349,-77.484534
 39.243205,-77.482281
 39.24161,-77.48109
 39.241278,-77.480682
 39.238403,-77.476798
 39.236043,-77.473204
 39.234638,-77.471638
 39.233658,-77.469621
 39.233001,-77.468837
 39.231904,-77.46696
 39.229078,-77.461263
 39.227749,-77.459589
 39.226203,-77.458291
 39.224441,-77.457594
 39.221582,-77.458001
 39.220327,-77.458774
 39.218781,-77.459986
 39.217758,-77.461199
 39.212197,-77.4699
 39.208997,-77.473322
 39.207758,-77.474116
 39.206694,-77.474513
 39.20607,-77.474996
 39.205488,-77.475162
 39.205518,-77.475016
 39.205779,-77.474784
 39.205754,-77.474492
 39.205439,-77.474492
 39.205314,-77.474685
 39.20511,-77.474631
 39.204906,-77.474749
 39.203294,-77.47564
 39.201573,-77.475972
 39.198762,-77.475468
 39.197474,-77.474964
 39.196085,-77.474964
 39.193549,-77.475779
 39.191429,-77.47697
 39.189525,-77.47888
 39.188402,-77.480553
 39.188423,-77.480956
 39.188319,-77.480954
 39.188357,-77.480662
 39.1883,-77.480637
 39.188144,-77.480865
 39.186298,-77.484984
 39.185965,-77.4861
 39.185417,-77.490531
 39.183886,-77.496829
 39.183645,-77.498567
 39.183005,-77.50082
 39.182556,-77.50376
 39.182123,-77.505466
 39.181325,-77.507601
 39.179163,-77.510401
 39.175254,-77.513609
 39.16954,-77.517536
 39.167851,-77.518533
 39.166071,-77.519199
 39.161662,-77.521355
 39.160306,-77.521731
 39.158917,-77.521892
 39.149407,-77.524638
 39.148542,-77.525067
 39.148184,-77.525432
 39.147377,-77.526881
 39.146895,-77.527342
 39.144623,-77.527642
 39.141403,-77.527256
 39.136427,-77.527095
 39.131933,-77.525657
 39.12927,-77.525164
 39.12748,-77.524531
 39.123668,-77.522353
 39.121313,-77.52054
 39.120031,-77.518866
 39.118624,-77.515776
 39.118166,-77.51407
 39.118066,-77.512321
 39.116094,-77.507182
 39.114104,-77.500509
 39.113713,-77.498792
 39.113746,-77.497526
 39.112448,-77.492988
 39.111782,-77.490864
 39.1105,-77.487763
 39.109218,-77.485285
 39.105471,-77.480822
 39.10314,-77.478729
 39.099485,-77.476165
 39.095938,-77.474524
 39.093956,-77.473419
 39.090609,-77.4702
 39.089268,-77.468591
 39.08836,-77.468323
 39.086703,-77.469063
 39.086245,-77.469127
 39.085354,-77.468816
 39.080216,-77.464514
 39.078225,-77.46328
 39.076459,-77.462518
 39.075377,-77.461402
 39.074785,-77.460469
 39.073703,-77.457819
 39.072745,-77.454439
 39.072353,-77.452036
 39.072203,-77.449054
 39.071295,-77.445685
 39.071287,-77.441597
 39.070254,-77.435085
 39.069221,-77.430686
 39.06788,-77.427542
 39.066531,-77.42118
 39.066381,-77.419817
 39.066397,-77.415644
 39.064806,-77.407522
 39.064515,-77.405151
 39.064448,-77.401589
 39.064673,-77.39983
 39.064631,-77.398263
 39.063015,-77.391365
 39.062216,-77.386622
 39.062132,-77.384305
 39.062516,-77.381977
 39.062624,-77.380174
 39.062566,-77.378973
 39.061766,-77.374445
 39.061608,-77.368469
 39.061907,-77.367718
 39.062541,-77.362386
 39.062641,-77.358202
 39.062307,-77.351915
 39.062982,-77.343342
 39.062924,-77.34037
 39.062191,-77.336926
 39.061366,-77.334394
 39.061074,-77.333987
 39.059716,-77.333847
 39.059392,-77.333472
 39.059233,-77.332731
 39.058625,-77.331358
 39.0581,-77.329084
 39.05755,-77.32814
 39.057425,-77.327067
 39.057209,-77.326541
 39.056001,-77.32476
 39.055276,-77.322657
 39.053901,-77.320715
 39.053385,-77.319696
 39.053518,-77.318634
 39.053293,-77.317765
 39.052768,-77.31711
 39.05226,-77.315447
 39.051768,-77.312647
 39.051877,-77.310759
 39.052235,-77.308635
 39.05206,-77.306864
 39.051343,-77.304665
 39.049102,-77.300159
 39.048702,-77.298903
 39.048469,-77.298775
 39.047152,-77.29458
 39.045636,-77.291565
 39.043011,-77.28781
 39.041261,-77.285954
 39.039536,-77.283154
 39.039103,-77.282134
 39.035853,-77.277639
 39.034428,-77.2753
 39.033986,-77.274238
 39.033836,-77.273101
 39.032261,-77.268187
 39.031169,-77.260644
 39.030853,-77.260215
 39.030544,-77.25911
 39.029769,-77.254926
 39.027977,-77.251493
 39.027027,-77.250141
 39.02661,-77.248553
 39.02601,-77.247652
 39.02491,-77.246536
 39.022835,-77.245388
 39.021509,-77.244948
 39.019659,-77.244937
 39.01755,-77.245399
 39.016366,-77.246321
 39.015024,-77.246783
 39.014624,-77.247083
 39.013632,-77.248338
 39.011906,-77.251149
 39.00923,-77.253177
 39.007071,-77.254282
 39.006179,-77.25455
 39.004928,-77.25528
 39.001785,-77.255741
 39.000584,-77.254915
 38.999242,-77.254679
 38.998392,-77.254229
 38.997666,-77.253596
 38.996766,-77.253435
 38.995515,-77.252877
 38.994956,-77.251364
 38.994748,-77.250205
 38.994414,-77.249873
 38.994022,-77.24983
 38.993347,-77.249132
 38.992521,-77.248585
 38.990237,-77.247995
 38.984299,-77.245431
 38.98294,-77.245077
 38.982573,-77.244776
 38.982222,-77.244101
 38.98198,-77.242556
 38.980813,-77.240067
 38.976893,-77.236151
 38.976701,-77.235603
 38.976234,-77.235303
 38.976042,-77.234885
 38.976326,-77.234455
 38.977894,-77.233361
 38.978219,-77.232975
 38.979061,-77.232535
 38.97932,-77.232106
 38.979337,-77.230958
 38.979645,-77.230561
 38.979704,-77.230024
 38.979453,-77.229531
 38.978327,-77.22849
 38.976734,-77.227589
 38.975283,-77.227117
 38.974032,-77.226312
 38.973323,-77.22554
 38.972105,-77.223716
 38.971405,-77.221398
 38.971329,-77.220808
 38.971563,-77.219059
 38.971438,-77.218491
 38.970445,-77.214575
 38.969828,-77.213717
 38.969411,-77.211882
 38.969519,-77.210991
 38.97007,-77.21009
 38.970195,-77.209522
 38.97017,-77.207944
 38.969644,-77.206314
 38.96896,-77.205563
 38.967793,-77.202634
 38.967317,-77.200896
 38.966758,-77.197634
 38.966984,-77.196475
 38.967492,-77.195746
 38.967659,-77.194791
 38.968176,-77.194029
 38.968026,-77.191122
 38.967492,-77.188997
 38.967784,-77.187935
 38.967868,-77.184598
 38.968043,-77.183869
 38.96856,-77.183204
 38.968702,-77.182732
 38.968752,-77.181605
 38.968026,-77.178075
 38.968143,-77.175254
 38.967492,-77.172507
 38.9666,-77.17122
 38.966325,-77.169503
 38.966383,-77.168988
 38.966733,-77.168634
 38.967004,-77.168457
 38.967275,-77.167593
 38.967751,-77.165351
 38.967743,-77.164761
 38.967651,-77.164171
 38.967328,-77.163388
 38.967138,-77.163291
 38.967367,-77.163178
 38.967317,-77.163023
 38.966358,-77.161059
 38.965857,-77.158796
 38.965841,-77.157626
 38.965833,-77.157445
 38.965801,-77.157286
 38.965931,-77.15734
 38.966062,-77.157267
 38.966008,-77.156897
 38.965999,-77.156693
 38.965837,-77.156891
 38.965961,-77.156616
 38.965985,-77.156223
 38.965982,-77.155877
 38.965778,-77.154053
 38.965707,-77.151736
 38.96559,-77.150577
 38.965073,-77.148936
 38.964481,-77.147337
 38.964229,-77.146833
 38.963534,-77.146018
 38.963453,-77.145658
 38.963246,-77.145267
 38.960677,-77.142692
 38.958383,-77.140857
 38.957215,-77.139248
 38.956093,-77.138159
 38.956033,-77.138023
 38.955807,-77.138006
 38.955763,-77.137917
 38.955634,-77.137617
 38.955379,-77.137198
 38.954854,-77.136533
 38.954136,-77.135793
 38.953026,-77.134945
 38.952679,-77.134773
 38.95173,-77.134203
 38.951143,-77.133922
 38.949218,-77.13291
 38.947721,-77.132011
 38.947613,-77.132038
 38.947494,-77.131951
 38.94754,-77.131919
 38.947582,-77.131697
 38.947545,-77.131684
 38.947503,-77.131737
 38.944975,-77.130525
 38.943731,-77.12972
 38.942021,-77.129012
 38.941537,-77.128733
 38.941203,-77.128476
 38.940968,-77.128287
 38.940675,-77.127883
 38.940464,-77.127441
 38.939843,-77.126459
 38.938482,-77.12456
 38.937473,-77.123562
 38.937189,-77.123168
 38.936972,-77.122774
 38.936446,-77.12224
 38.936187,-77.121823
 38.935912,-77.121491
 38.935484,-77.121117
 38.935249,-77.120871
 38.935242,-77.120732
 38.934909,-77.120421
 38.934859,-77.120303
 38.934744,-77.120271
 38.934585,-77.12002
 38.934343,-77.119769
 38.934677,-77.119453
 38.935428,-77.118745
 38.947745,-77.102737
 38.948471,-77.101665
 38.948729,-77.101235
 38.975025,-77.067482
 38.975675,-77.066635
 38.976009,-77.066216
 38.995457,-77.041111
 38.995298,-77.040671
 38.992772,-77.037163
 38.981864,-77.023183
 38.974749,-77.013731
 38.947411,-76.979141
 38.914945,-76.937202
 38.912249,-76.934155
 38.892828,-76.909479
 38.823076,-76.998968
 38.791657,-77.038987
 38.791578,-77.039382
 38.790796,-77.039459
 38.790469,-77.039727
 38.790394,-77.040296
 38.789658,-77.040102
 38.785285,-77.040349
 38.78531,-77.041304
 38.784883,-77.041358
 38.76526,-77.041379
 38.74549,-77.042066
 38.740971,-77.042323
 38.740109,-77.042774
 38.739348,-77.043439
 38.738904,-77.043364
 38.737448,-77.042001
 38.73667,-77.04168
 38.736235,-77.041819
 38.733958,-77.041626
 38.732552,-77.041755
 38.725731,-77.04154
 38.724409,-77.042109
 38.721186,-77.042677
 38.719495,-77.043203
 38.719279,-77.043219
 38.719123,-77.043375
 38.719092,-77.043509
 38.719187,-77.0436
 38.719211,-77.043691
 38.719152,-77.043705
 38.71911,-77.043632
 38.719014,-77.043557
 38.71902,-77.043257
 38.718926,-77.0433
 38.718557,-77.043343
 38.715033,-77.045939
 38.71459,-77.0461
 38.712723,-77.048535
 38.710923,-77.052108
 38.710161,-77.052752
 38.709885,-77.053213
 38.709826,-77.053782
 38.710178,-77.056679
 38.709927,-77.058138
 38.710027,-77.059039
 38.709801,-77.062494
 38.710086,-77.069124
 38.709985,-77.07127
 38.710328,-77.072353
 38.710948,-77.073212
 38.711819,-77.074016
 38.71258,-77.074188
 38.712832,-77.074392
 38.712664,-77.074918
 38.712748,-77.075422
 38.713451,-77.077793
 38.713183,-77.078887
 38.712614,-77.079756
 38.71217,-77.079842
 38.710965,-77.080808
 38.710496,-77.080818
 38.709843,-77.080175
 38.708888,-77.080132
 38.707825,-77.081816
 38.707122,-77.083329
 38.706745,-77.085013
 38.7059,-77.087148
 38.705587,-77.087757
 38.705223,-77.088221
 38.704896,-77.088051
 38.704819,-77.08795
 38.704713,-77.087985
 38.704756,-77.08811
 38.704858,-77.08814
 38.705189,-77.088342
 38.705206,-77.08864
 38.705029,-77.088983
 38.703455,-77.091322
 38.702818,-77.093028
 38.702207,-77.093714
 38.701789,-77.094648
 38.700725,-77.095796
 38.698883,-77.098682
 38.698146,-77.10086
 38.698146,-77.102437
 38.697711,-77.103864
 38.685049,-77.12279
 38.682713,-77.12441
 38.681431,-77.125075
 38.680719,-77.125869
 38.678726,-77.127274
 38.673943,-77.132467
 38.650411,-77.136383
 38.647202,-77.136222
 38.646439,-77.135546
 38.645433,-77.133722
 38.644738,-77.132982
 38.644319,-77.132832
 38.642593,-77.133518
 38.641914,-77.133089
 38.641017,-77.132885
 38.639869,-77.131941
 38.636718,-77.131019
 38.635076,-77.129871
 38.634707,-77.129806
 38.62511,-77.166359
 38.624255,-77.173129
 38.624096,-77.176069
 38.623308,-77.179921
 38.623124,-77.180436
 38.622151,-77.181691
 38.621783,-77.182742
 38.621665,-77.185146
 38.620559,-77.189544
 38.619687,-77.190349
 38.619276,-77.191358
 38.619486,-77.197226
 38.618933,-77.200037
 38.618346,-77.201185
 38.6177,-77.201926
 38.617684,-77.202483
 38.618036,-77.203492
 38.618011,-77.203953
 38.598526,-77.237921
 38.593604,-77.246085
 38.593244,-77.246386
 38.590787,-77.246633
 38.588933,-77.247062
 38.56367,-77.25558
 38.561271,-77.256964
 38.560574,-77.256557
 38.560079,-77.2594
 38.559492,-77.261031
 38.559157,-77.261428
 38.558712,-77.261567
 38.557302,-77.261503
 38.556732,-77.26161
 38.55648,-77.261825
 38.555583,-77.263187
 38.554995,-77.265451
 38.554064,-77.267125
 38.552495,-77.270805
 38.551371,-77.272725
 38.549911,-77.274163
 38.548996,-77.274463
 38.54861,-77.274785
 38.547284,-77.276212
 38.546378,-77.276512
 38.545908,-77.276512
 38.544977,-77.276405
 38.543181,-77.275751
 38.54272,-77.275751
 38.54131,-77.27589
 38.539547,-77.276319
 38.536451,-77.278969
 38.534588,-77.279248
 38.53416,-77.279119
 38.533958,-77.279345
 38.533916,-77.279935
 38.533597,-77.280021
 38.532691,-77.279871
 38.527714,-77.28266
 38.525851,-77.282799
 38.525129,-77.283465
 38.524684,-77.284505
 38.52434,-77.284902
 38.523593,-77.285632
 38.522359,-77.286104
 38.521553,-77.28722
 38.5211,-77.287391
 38.520806,-77.287155
 38.520294,-77.285562
 38.520273,-77.285015
 38.519711,-77.285326
 38.519946,-77.285659
 38.520319,-77.287102
 38.518019,-77.28973
 38.515828,-77.290717
 38.515635,-77.291125
 38.515241,-77.291425
 38.509347,-77.29532
 38.508424,-77.295374
 38.507534,-77.295696
 38.504982,-77.298238
 38.503319,-77.299354
 38.498978,-77.303367
 38.497929,-77.305351
 38.497072,-77.307487
 38.496199,-77.308913
 38.49551,-77.309718
 38.493822,-77.310512
 38.492958,-77.31019
 38.492017,-77.310201
 38.488591,-77.31151
 38.484283,-77.313967
 38.480722,-77.315544
 38.479806,-77.315619
 38.478647,-77.315329
 38.477715,-77.316585
 38.475934,-77.317185
 38.474389,-77.318494
 38.47354,-77.318054
 38.473146,-77.318033
 38.472952,-77.318494
 38.472566,-77.318666
 38.468585,-77.318966
 38.435573,-77.320383
 38.435237,-77.320565
 38.434556,-77.322625
 38.433682,-77.322968
 38.432741,-77.322925
 38.429034,-77.32211
 38.427471,-77.321284
 38.423798,-77.320265
 38.420999,-77.319846
 38.418855,-77.318859
 38.417485,-77.318677
 38.411483,-77.315201
 38.401924,-77.312132
 38.399931,-77.310437
 38.397577,-77.310394
 38.39666,-77.310748
 38.396307,-77.310673
 38.37535,-77.304912
 38.374694,-77.303399
 38.373794,-77.302036
 38.373331,-77.301017
 38.372112,-77.299687
 38.371548,-77.298195
 38.370589,-77.296897
 38.369824,-77.296189
 38.3655,-77.293882
 38.36296,-77.291275
 38.361715,-77.290546
 38.359224,-77.2881
 38.358863,-77.287992
 38.357735,-77.288572
 38.357273,-77.288496
 38.356414,-77.288003
 38.355009,-77.287896
 38.354134,-77.287531
 38.352738,-77.287273
 38.352275,-77.287359
 38.351249,-77.288325
 38.347344,-77.286372
 38.343053,-77.283915
 38.338492,-77.277124
 38.337794,-77.276362
 38.335942,-77.271502
 38.333232,-77.26544
 38.332307,-77.257222
 38.33165,-77.250066
 38.331532,-77.247072
 38.3316,-77.240238
 38.332458,-77.23556
 38.336691,-77.221978
 38.337289,-77.218459
 38.338921,-77.214135
 38.340141,-77.209243
 38.3402,-77.206861
 38.341059,-77.204726
 38.341219,-77.202355
 38.34089,-77.199919
 38.341134,-77.194523
 38.341042,-77.190918
 38.341984,-77.182893
 38.341942,-77.179395
 38.344829,-77.170254
 38.345569,-77.164578
 38.345948,-77.16284
 38.34668,-77.161306
 38.34843,-77.158484
 38.350517,-77.155813
 38.354303,-77.151575
 38.356995,-77.14915
 38.361572,-77.145642
 38.366636,-77.140278
 38.367628,-77.139022
 38.367822,-77.138486
 38.368015,-77.137327
 38.367923,-77.134516
 38.367241,-77.12869
 38.367031,-77.123991
 38.367326,-77.120622
 38.367763,-77.118069
 38.368284,-77.116599
 38.368999,-77.112629
 38.369731,-77.106718
 38.369706,-77.103714
 38.369513,-77.101632
 38.368806,-77.098145
 38.367317,-77.093403
 38.3673,-77.090034
 38.367973,-77.086537
 38.36873,-77.084359
 38.369319,-77.083522
 38.370446,-77.080894
 38.372759,-77.076913
 38.374366,-77.074714
 38.378008,-77.070594
 38.38884,-77.06126
 38.394062,-77.058631
 38.396299,-77.056657
 38.398619,-77.053664
 38.398872,-77.053181
 38.399233,-77.051443
 38.399183,-77.049673
 38.399427,-77.048514
 38.400923,-77.044029
 38.400974,-77.04286
 38.400755,-77.04169
 38.400183,-77.040746
 38.396778,-77.036605
 38.389967,-77.029063
 38.389353,-77.028161
 38.388377,-77.026134
 38.384509,-77.022572
 38.383163,-77.020984
 38.381565,-77.018023
 38.378571,-77.015136
 38.376486,-77.013441
 38.375586,-77.012433
 38.374458,-77.011725
 38.372886,-77.014375
 38.372171,-77.015147
 38.370909,-77.015898
 38.369496,-77.015845
 38.367477,-77.015136
 38.362505,-77.014525
 38.356675,-77.014847
 38.354328,-77.014675
 38.351594,-77.015469
 38.345704,-77.015887
 38.344383,-77.016488
 38.341631,-77.016789
 38.339527,-77.016091
 38.337634,-77.014375
 38.3367,-77.014353
 38.335387,-77.014976
 38.334453,-77.015072
 38.33399,-77.014986
 38.333283,-77.014493
 38.332744,-77.014514
 38.31192,-77.030457
 38.311567,-77.030522
 38.311365,-77.029996
 38.311482,-77.02902
 38.311121,-77.028784
 38.309277,-77.028376
 38.306835,-77.028515
 38.305472,-77.028108
 38.30447,-77.026885
 38.302937,-77.025468
 38.301573,-77.023666
 38.301093,-77.020769
 38.300378,-77.018538
 38.299115,-77.016799
 38.296218,-77.014686
 38.294442,-77.012905
 38.292808,-77.010738
 38.291124,-77.009665
 38.288783,-77.008506
 38.286644,-77.006146
 38.28512,-77.004719
 38.282568,-77.002873
 38.2817,-77.001607
 38.28053,-77.001404
 38.280151,-77.00106
 38.273741,-76.991018
 38.274171,-76.990128
 38.274407,-76.98898
 38.274272,-76.985997
 38.274676,-76.982456
 38.274651,-76.981856
 38.274221,-76.980987
 38.273076,-76.979924
 38.272377,-76.978626
 38.27113,-76.977843
 38.268502,-76.974442
 38.266986,-76.973079
 38.265554,-76.97073
 38.263802,-76.969528
 38.26151,-76.967436
 38.26071,-76.965966
 38.259371,-76.964293
 38.257096,-76.962222
 38.255142,-76.961557
 38.254948,-76.961267
 38.254653,-76.961557
 38.254181,-76.961524
 38.253768,-76.961321
 38.253465,-76.960945
 38.253128,-76.96101
 38.252934,-76.961342
 38.249682,-76.96072
 38.24878,-76.960398
 38.245225,-76.958413
 38.242495,-76.957469
 38.23877,-76.956943
 38.236436,-76.956997
 38.235079,-76.95749
 38.233444,-76.958671
 38.231624,-76.960377
 38.229963,-76.962211
 38.229803,-76.9622
 38.208613,-76.949143
 38.205974,-76.943232
 38.20417,-76.939756
 38.202922,-76.938071
 38.202416,-76.936913
 38.201278,-76.931119
 38.200957,-76.927546
 38.200873,-76.922246
 38.200207,-76.920015
 38.199777,-76.916474
 38.199608,-76.915927
 38.198765,-76.915165
 38.198183,-76.914361
 38.197534,-76.911496
 38.196986,-76.91053
 38.196236,-76.909811
 38.19492,-76.907644
 38.193521,-76.90611
 38.193015,-76.905112
 38.192796,-76.905059
 38.192222,-76.90405
 38.190671,-76.902688
 38.189692,-76.901422
 38.187272,-76.897763
 38.185881,-76.894952
 38.183646,-76.891079
 38.181656,-76.888525
 38.179885,-76.886551
 38.178637,-76.88476
 38.17754,-76.883901
 38.176452,-76.882743
 38.175061,-76.880779
 38.173956,-76.878848
 38.173036,-76.876767
 38.171906,-76.873484
 38.171476,-76.871306
 38.171349,-76.86798
 38.171501,-76.863774
 38.170961,-76.8615
 38.170961,-76.858742
 38.170734,-76.858238
 38.168827,-76.857262
 38.167975,-76.855835
 38.167309,-76.854258
 38.166651,-76.847767
 38.165715,-76.845042
 38.165107,-76.84414
 38.163581,-76.839141
 38.163294,-76.830772
 38.163319,-76.82838
 38.16369,-76.823992
 38.164778,-76.818777
 38.166474,-76.813252
 38.166584,-76.812662
 38.166466,-76.810892
 38.167208,-76.807437
 38.167899,-76.805055
 38.168068,-76.803274
 38.16892,-76.799852
 38.168262,-76.796397
 38.169148,-76.790174
 38.169232,-76.787932
 38.169055,-76.786312
 38.168616,-76.784627
 38.16795,-76.778898
 38.167166,-76.774231
 38.167891,-76.771581
 38.167815,-76.764404
 38.165993,-76.755917
 38.165335,-76.75434
 38.164711,-76.751454
 38.161345,-76.700728
 38.160982,-76.697166
 38.160561,-76.69517
 38.160645,-76.693347
 38.160367,-76.691662
 38.160443,-76.689752
 38.159818,-76.687671
 38.15258,-76.636065
 38.153491,-76.631441
 38.153466,-76.62921
 38.153238,-76.628062
 38.151525,-76.625272
 38.151348,-76.624736
 38.151297,-76.623545
 38.150656,-76.621302
 38.150479,-76.619521
 38.149509,-76.614758
 38.149213,-76.607752
 38.149281,-76.60644
 38.148606,-76.605
 38.148049,-76.604911
 38.148269,-76.607698
 38.148412,-76.610316
 38.148007,-76.610241
 38.134784,-76.605102
 38.131915,-76.604437
 38.130675,-76.603621
 38.129341,-76.603031
 38.125138,-76.601765
 38.123762,-76.602023
 38.122429,-76.601508
 38.121484,-76.601497
 38.120133,-76.601036
 38.119213,-76.601079
 38.11647,-76.600617
 38.114672,-76.599941
 38.114208,-76.599909
 38.11333,-76.600317
 38.112908,-76.600349
 38.112038,-76.599898
 38.110882,-76.598911
 38.106467,-76.595918
 38.105715,-76.594448
 38.104449,-76.592678
 38.102617,-76.589191
 38.102245,-76.588161
 38.100624,-76.586004
 38.096968,-76.582013
 38.096065,-76.581724
 38.095786,-76.581262
 38.095297,-76.579599
 38.094672,-76.578752
 38.094402,-76.577625
 38.093557,-76.57549
 38.091261,-76.571059
 38.089867,-76.567358
 38.088955,-76.566049
 38.08779,-76.56341
 38.085882,-76.556683
 38.083855,-76.554193
 38.082267,-76.551715
 38.077048,-76.542456
 38.076601,-76.541405
 38.075528,-76.537424
 38.074928,-76.536512
 38.073797,-76.535525
 38.073357,-76.535332
 38.071482,-76.535139
 38.069143,-76.535525
 38.067293,-76.535547
 38.065899,-76.535268
 38.064632,-76.534774
 38.06334,-76.534045
 38.060865,-76.532317
 38.054926,-76.527597
 38.053253,-76.526459
 38.052442,-76.525033
 38.046942,-76.518059
 38.045869,-76.516879
 38.045066,-76.516256
 38.041771,-76.516203
 38.027135,-76.5166
 38.026788,-76.516439
 38.026687,-76.515892
 38.024937,-76.511632
 38.023374,-76.508478
 38.022081,-76.505409
 38.021109,-76.502159
 38.018742,-76.495872
 38.017593,-76.491387
 38.017086,-76.487846
 38.016037,-76.484832
 38.015378,-76.481956
 38.015251,-76.479574
 38.015682,-76.475798
 38.015437,-76.474929
 38.01619,-76.473491
 38.01531,-76.472182
 38.014448,-76.468148
 38.013417,-76.466711
 38.013273,-76.465541
 38.012851,-76.464651
 37.989838,-76.44241
 37.98824,-76.43947
 37.986261,-76.437196
 37.981805,-76.433805
 37.976756,-76.425329
 37.974777,-76.422755
 37.971242,-76.419332
 37.966412,-76.413034
 37.958402,-76.389184
 37.956507,-76.380043
 37.955475,-76.376578
 37.953614,-76.366643
 37.953538,-76.365623
 37.953072,-76.364036
 37.952133,-76.358929
 37.950915,-76.355678
 37.950044,-76.352298
 37.949443,-76.350657
 37.949342,-76.349584
 37.94556,-76.339306
 37.943504,-76.334596
 37.939586,-76.326624
 37.938706,-76.324521
 37.935406,-76.318384
 37.933917,-76.314973
 37.931158,-76.309716
 37.927062,-76.301025
 37.926927,-76.300135
 37.926673,-76.299942
 37.923228,-76.292228
 37.922721,-76.291219
 37.921773,-76.289921
 37.919268,-76.284664
 37.91782,-76.281016
 37.916771,-76.279031
 37.914892,-76.273903
 37.91435,-76.27298
 37.912369,-76.268302
 37.909407,-76.263217
 37.908687,-76.261725
 37.906969,-76.259676
 37.905885,-76.257766
 37.903278,-76.255299
 37.902651,-76.254419
 37.901441,-76.253765
 37.900349,-76.252552
 37.895235,-76.248282
 37.894228,-76.246394
 37.892416,-76.243926
 37.892009,-76.242832
 37.891315,-76.242145
 37.890578,-76.240643
 37.889816,-76.237811
 37.889774,-76.237253
 37.890028,-76.23677
 37.889867,-76.23662
 37.888919,-76.236738
 37.888335,-76.236159
 37.886921,-76.236405
 37.886675,-76.236277
 37.888936,-76.229968
 37.92867,-76.12474
 37.953546,-76.052041
 37.953631,-76.045732
 37.954003,-76.039842
 37.953673,-76.030551
 37.953791,-76.022569
 37.953504,-76.020949
 37.953732,-76.020734
 37.953775,-76.02023
 37.953614,-76.017226
 37.95347,-75.993387
 37.946169,-75.943937
 37.945864,-75.943755
 37.944934,-75.943959
 37.906926,-75.952595
 37.911337,-75.882536
 37.912166,-75.80163
 37.912293,-75.801083
 37.941405,-75.761461
 37.947523,-75.734736
 37.95468,-75.704663
 37.95545,-75.691187
 37.949519,-75.665374
 37.945458,-75.655578
 37.946913,-75.64795
 37.947201,-75.647618
 37.947675,-75.647618
 37.966598,-75.648186
 37.966988,-75.647972
 37.968671,-75.645869
 37.969779,-75.644742
 37.971301,-75.643766
 37.974058,-75.642886
 37.976215,-75.641642
 37.977661,-75.64044
 37.979352,-75.638294
 37.979682,-75.63735
 37.979454,-75.635623
 37.977424,-75.633885
 37.97586,-75.631632
 37.975707,-75.630494
 37.976003,-75.629561
 37.976367,-75.629185
 37.976773,-75.628906
 37.97723,-75.628842
 37.978143,-75.629046
 37.981348,-75.632243
 37.982913,-75.633584
 37.983792,-75.633949
 37.984714,-75.633734
 37.98643,-75.632715
 37.987699,-75.631052
 37.988282,-75.629529
 37.98868,-75.627201
 37.988908,-75.626675
 37.989593,-75.625849
 37.990827,-75.625012
 37.994083,-75.624422
 37.994252,-75.623971
 37.995233,-75.614305
 37.995579,-75.608908
 37.99984,-75.560564
 38.001109,-75.545393
 38.001362,-75.539761
 38.002394,-75.530587
 38.008717,-75.456301
 38.01313,-75.400769
 38.013248,-75.398741
 38.013138,-75.397614
 38.013527,-75.396219
 38.013747,-75.393838
 38.024202,-75.278739
 38.026687,-75.249943
 38.027033,-75.241939
 38.027363,-75.22296
 38.027938,-75.1688
