30.159422, -88.384415
30.268862033123877,-88.3898377418518
30.4367692934917,-88.39864611625671
30.450532741162913,-88.39921474456787
30.476195269085444,-88.40062022209167
30.499946730988583,-88.40153217315674
30.51302651191986,-88.40241193771362
30.519422485009287,-88.40264797210693
30.521465040928447,-88.40288400650024
30.52628936907796,-88.40295910835266
30.530401873491233,-88.40342044830322
30.53464357768527,-88.40332388877869
30.535382853579886,-88.40266942977905
30.535891102493537,-88.40261578559875
30.53950421356615,-88.40261578559875
30.540012440913024,-88.40270161628723
30.541934440284663,-88.403559923172
30.544808127998852,-88.40364575386047
30.54943726600192,-88.40415000915527
30.55198735551869,-88.40465426445007
30.55389063954086,-88.40529799461365
30.554685203381283,-88.40468645095825
30.55726287152356,-88.40479373931885
30.558122079023672,-88.40422511100769
30.559646460705846,-88.40420365333557
30.560117628381132,-88.40438604354858
30.561401779645923,-88.40534090995789
30.565013941342905,-88.4059202671051
30.566020888280324,-88.40570569038391
30.56670449767601,-88.40495467185974
30.581382461352963,-88.40538382530212
30.59026760009083,-88.40623140335083
30.613474103792054,-88.40733647346497
30.6186354790211,-88.40705752372742
30.628625051443702,-88.40749740600586
30.629566713963985,-88.40736865997314
30.62986213561144,-88.40706825256348
30.630462208056205,-88.40705752372742
30.632382414872456,-88.40778708457947
30.63754278186403,-88.4080982208252
30.649727171373296,-88.40866684913635
30.65983351132889,-88.40887069702148
30.66079332794446,-88.40876340866089
30.662288407915185,-88.40907454490662
30.670187952645414,-88.40952515602112
30.705506517741092,-88.41098427772522
30.7069732319179,-88.4113597869873
30.71213884011816,-88.4115207195282
30.713743812049756,-88.41139197349548
30.72257990329114,-88.41171383857727
30.735795634657688,-88.41262578964233
30.750908963225214,-88.4131407737732
30.866379726119312,-88.41862320899963
30.876306804144512,-88.41962099075317
30.967821317127633,-88.42426657676697
30.997797810122712,-88.42541456222534
31.000869431673756,-88.42579007148743
31.050001916336917,-88.42847228050232
31.07035909161567,-88.429856300354
31.131588142168038,-88.43281745910645
31.144077141665008,-88.43352556228638
31.155012848391802,-88.43437314033508
31.16082451154635,-88.43438386917114
31.170225246684005,-88.43488812446594
31.17279559777902,-88.43486666679382
31.205763341798622,-88.43685150146484
31.246424860721618,-88.43895435333252
31.252240082528594,-88.4387719631195
31.26161339267123,-88.4395980834961
31.35394845329604,-88.44505906105042
31.369980755017085,-88.44616413116455
31.436142297992273,-88.44945788383484
31.45775258569669,-88.45095992088318
31.481462331133553,-88.45157146453857
31.500189789484278,-88.45300912857056
31.512629994146696,-88.45343828201294
31.540212069317654,-88.45509052276611
31.616020755290386,-88.45913529396057
31.62047010805062,-88.45940351486206
31.623466677501202,-88.4600579738617
31.624480738601317,-88.45988631248474
31.62543997541602,-88.46010088920593
31.650467991761698,-88.46144199371338
31.704520114359138,-88.46485376358032
31.723211899486337,-88.46515417098999
31.78385208711123,-88.4684157371521
31.81252988818231,-88.46951007843018
31.814572101105863,-88.469477891922
31.835283422930498,-88.47050786018372
31.84995720648169,-88.47106575965881
31.87464217382904,-88.47262144088745
31.894328911550186,-88.47320079803467
31.90892954336961,-88.47162365913391
31.930120474509252,-88.46889853477478
31.949267338966045,-88.46664547920227
32.000115067048135,-88.46007943153381
32.03515601133026,-88.45583081245422
32.04042191051216,-88.45492959022522
32.10608830989856,-88.44662547111511
32.16770249658953,-88.43902945518494
32.17325136179138,-88.43856811523438
32.176475178950234,-88.43794584274292
32.179517267949535,-88.43765616416931
32.18353993406105,-88.4369695186615
32.23477477395611,-88.43048930168152
32.25083645115374,-88.42820405960083
32.37311134128536,-88.41391324996948
32.380305769006036,-88.41246485710144
32.40591654265529,-88.40909600257874
32.44875100610698,-88.40383887290955
32.461552114968434,-88.40272307395935
32.470821372139426,-88.40167164802551
32.50890220731362,-88.39714407920837
32.54646046089367,-88.3924126625061
32.57795494582331,-88.38881850242615
32.60925762074718,-88.38496685028076
32.62523467127619,-88.38323950767517
32.694008223451476,-88.37510704994202
32.711486728061644,-88.37336897850037
32.748960073500506,-88.36814403533936
32.74997069697119,-88.36828351020813
32.75165805167622,-88.3681333065033
32.86647633419677,-88.35497975349426
32.87572170460776,-88.35422873497009
32.9859699520373,-88.34103226661682
33.001789461143076,-88.33944439888
33.054365784733434,-88.33317875862122
33.12499079473654,-88.32444548606873
33.145896843129,-88.32204222679138
33.183743250173116,-88.3171820640564
33.20327975307052,-88.31522941589355
33.220630904365514,-88.31256866455078
33.25025365329041,-88.3092212677002
33.28794733804774,-88.3044683933258
33.35855448103779,-88.29589605331421
33.50091214681132,-88.27868700027466
33.51208564150704,-88.27746391296387
33.532738046808745,-88.2747495174408
33.565535624190424,-88.27070474624634
33.57117648223489,-88.2697606086731
33.583333021308285,-88.26840877532959
33.59197563654155,-88.26717495918274
33.62416108800736,-88.26340913772583
33.66000485058347,-88.25897812843323
33.67133634098687,-88.25777649879456
33.681952119654404,-88.25623154640198
33.69774390118986,-88.25437545776367
33.699234552599656,-88.25438618659973
33.71952090681509,-88.25226187705994
33.74495909175775,-88.24891448020935
33.750400866684444,-88.24801325798035
33.78094868122701,-88.24422597885132
33.795581016017735,-88.24302434921265
33.810852686777885,-88.2400631904602
33.82444601396714,-88.23816418647766
33.84686805237629,-88.23553562164307
33.871154924549764,-88.23185563087463
33.891961656056125,-88.22908759117126
33.90159730107484,-88.22805762290955
33.92693687629063,-88.2243025302887
33.94470391670646,-88.22231769561768
33.976979524084264,-88.21773648262024
34.00134496346713,-88.21458220481873
34.02864658864592,-88.21080565452576
34.08939007026737,-88.20354223251343
34.11719629438125,-88.20005536079407
34.17518681131776,-88.19214820861816
34.189999926547046,-88.19069981575012
34.204428896114244,-88.18768501281738
34.21815453480415,-88.18693399429321
34.22112650209795,-88.1866443157196
34.24839273323389,-88.18308234214783
34.25300423482489,-88.18235278129578
34.29181950829864,-88.17735314369202
34.29376955165481,-88.1769347190857
34.317538713274246,-88.17409157752991
34.382005904223895,-88.16579818725586
34.39059424205595,-88.16492915153503
34.441822625019014,-88.15870642662048
34.46259533497401,-88.1563675403595
34.50030564520569,-88.15141081809998
34.62235788162662,-88.13430905342102
34.68413728217007,-88.124760389328
34.69074495057087,-88.12390208244324
34.70469078059918,-88.1212842464447
34.721729552544026,-88.11875224113464
34.73174657037312,-88.11766862869263
34.74685797750353,-88.1163489818573
34.76951109222559,-88.11313033103943
34.81296650537763,-88.1073796749115
34.84903858672647,-88.10281991958618
34.87509646391483,-88.1000304222107
34.89195925532568,-88.09791684150696
34.89241686114349,-88.09802412986755
34.89325286519029,-88.09865713119507
34.89415046006454,-88.10018062591553
34.895312038872895,-88.10455799102783
34.89827751027389,-88.11249732971191
34.89897266463722,-88.11538338661194
34.90294989039374,-88.12779664993286
34.90473605963908,-88.13151955604553
34.90884498129508,-88.1388258934021
34.913138452749195,-88.14420104026794
34.91573378254073,-88.14782738685608
34.919692602132194,-88.1523334980011
34.928067075614116,-88.15904974937439
34.931682261682525,-88.16123843193054
34.9321484419637,-88.16143155097961
34.934101092843356,-88.16161394119263
34.94037213016409,-88.16430687904358
34.945473041071125,-88.16704273223877
34.95689617135883,-88.17254662513733
34.96859025971711,-88.18095803260803
34.97135087614688,-88.18434834480286
34.9757377790085,-88.18816781044006
34.978383873334174,-88.18991661071777
34.984299914477724,-88.19422960281372
34.99031221370394,-88.19803833961487
34.99547153947217,-88.19996953010559
34.99587583405315,-88.20018410682678
34.99777423407315,-88.20080637931824
35.004304042297825,-88.20172905921936
35.007986167339396,-88.20282340049744
35.007283149105916,-88.15652847290039
35.005947397817486,-88.00151824951172
35.005683760117634,-87.88426280021667
35.00547284934606,-87.87808299064636
35.005683760117634,-87.86770820617676
35.00548163730572,-87.85130381584167
35.00557830479981,-87.84831047058105
35.005209210116945,-87.83114433288574
35.004998298121954,-87.78239250183105
35.00457647250075,-87.76641726493835
35.00468192910995,-87.75981903076172
35.00441828733207,-87.74943351745605
35.00427767803649,-87.72625923156738
35.00359220425989,-87.67132759094238
35.00373281473355,-87.62539744377136
35.003477958072104,-87.60841369628906
35.00355705160371,-87.57365226745605
35.0030473363919,-87.52352714538574
35.00310885391356,-87.50035285949707
35.00295945413791,-87.49734878540039
35.0030473363919,-87.49235987663269
35.002889148266725,-87.48876571655273
35.00273095983568,-87.46258735656738
35.00279247759521,-87.4301540851593
35.00249367661567,-87.4288022518158
35.00241458205607,-87.4221932888031
35.002643077241835,-87.41921067237854
35.00244973520309,-87.4172580242157
35.00247610005347,-87.40386843681335
35.002221239477386,-87.38568305969238
35.001940013092856,-87.37890243530273
35.00197516644378,-87.37332344055176
35.00100844379,-87.30499148368835
35.0007799440393,-87.29959487915039
35.000533866671084,-87.28241801261902
35.000103229495984,-87.27263331413269
35.0001823262899,-87.26542353630066
34.99953197260321,-87.23608016967773
34.99937377768163,-87.21890330314636
34.99907496421756,-87.2135066986084
34.99736994887061,-87.12620615959167
34.997088705812615,-87.11763381958008
34.99645590539818,-87.08467483520508
34.99619223711469,-87.05609321594238
34.9954451723649,-87.02914237976074
34.9944168485556,-86.97420001029968
34.99453989652955,-86.97059512138367
34.993907076407034,-86.93763613700867
34.992799629419046,-86.90829277038574
34.992799629419046,-86.89909815788269
34.99221953215943,-86.87833786010742
34.99195585022776,-86.86187982559204
34.992078901901586,-86.86074256896973
34.991991007867725,-86.84820055961609
34.99225468968614,-86.84728860855103
34.99200858668206,-86.84597969055176
34.991797640661034,-86.82039141654968
34.99218437461763,-86.73130989074707
34.992149217060714,-86.70453071594238
34.99178006180141,-86.67091727256775
34.99224590030588,-86.66994094848633
34.9923074259479,-86.66939377784729
34.99181521951688,-86.66836380958557
34.99174490407083,-86.66779518127441
34.99170974632515,-86.64341926574707
34.9913405890838,-86.62144660949707
34.99105053579761,-86.58956050872803
34.99116479933607,-86.58848762512207
34.991094483331274,-86.57869219779968
34.9907780605622,-86.56471252441406
34.99076048148359,-86.55605435371399
34.99098900921082,-86.55492782592773
34.990672586033995,-86.52874946594238
34.99049679485169,-86.46882891654968
34.99093627209962,-86.4510726928711
34.991059325306225,-86.43707156181335
34.990865955898514,-86.43406748771667
34.99085716636913,-86.42986178398132
34.991657009678306,-86.3961410522461
34.99172732519987,-86.37494087219238
34.990584690490046,-86.25030398368835
34.99040889911896,-86.24731063842773
34.98970572985937,-86.0995101928711
34.988581,-85.926304
 34.988686,-85.907335
 34.988282,-85.872574
 34.988018,-85.825624
 34.988124,-85.82364
 34.987842,-85.813866
 34.987069,-85.74872
 34.985197,-85.625489
 34.984695,-85.605984
 34.984511,-85.605179
 34.984019,-85.60505
 34.952288,-85.599482
 34.944708,-85.598763
 34.933292,-85.596886
 34.910675,-85.592433
 34.89921,-85.590545
 34.883643,-85.587444
 34.825157,-85.576415
 34.751045,-85.56162
 34.69692,-85.550054
 34.625572,-85.534433
 34.58805,-85.527116
 34.569977,-85.523125
 34.516874,-85.511677
 34.484212,-85.504467
 34.477579,-85.503137
 34.418354,-85.489876
 34.328163,-85.470436
 34.304352,-85.465887
 34.269515,-85.458709
 34.268025,-85.458602
 34.25359,-85.455523
 34.250362,-85.455008
 34.247932,-85.454364
 34.201518,-85.444987
 34.198581,-85.444418
 34.195351,-85.44401
 34.190958,-85.44297
 34.158045,-85.436382
 34.127339,-85.429924
 34.125101,-85.429484
 34.113537,-85.428057
 34.003835,-85.40705
 34.002359,-85.406749
 33.999975,-85.405902
33.87525254169149,-85.38145065307617
33.85750665941751,-85.37771701812744
33.77435840984984,-85.36188125610352
33.77337740594165,-85.3618061542511
33.76624249415235,-85.36019682884216
33.75040978734343,-85.35746097564697
33.7255264617223,-85.35241842269897
33.62615329589959,-85.3329348564148
33.61997104754616,-85.33156156539917
33.560609629001306,-85.31988859176636
33.55592475585449,-85.31880497932434
33.55343916655458,-85.31845092773438
33.536601439848695,-85.31512498855591
33.52940215420797,-85.31392335891724
33.50292509265638,-85.30845165252686
33.49277042166552,-85.30658483505249
33.483133566486536,-85.30449271202087
33.440636301972255,-85.29648900032043
33.420938005857614,-85.2923583984375
33.34978997082956,-85.27856111526489
33.25075610350323,-85.25965690612793
33.2378350372757,-85.25739312171936
33.23142763366865,-85.25593400001526
33.18541336055016,-85.24736166000366
33.1563345268496,-85.24153590202332
33.11184447732059,-85.23313522338867
33.02177125917396,-85.21506786346436
33.0197741827114,-85.21481037139893
33.0165355841765,-85.21401643753052
32.99095547309361,-85.20898461341858
32.96223537208251,-85.20307302474976
32.94504924863347,-85.19983291625977
32.91889004127178,-85.19446849822998
32.88972309038263,-85.18873929977417
32.871288372435146,-85.1849091053009
32.87079276258247,-85.18479108810425
32.87044132846281,-85.18419027328491
32.870513417626555,-85.18447995185852
32.86868413697054,-85.18489837646484
32.86616994089698,-85.18475890159607
32.863673697216626,-85.18488764762878
32.86127651621518,-85.18436193466187
32.86037530359301,-85.1839005947113
32.85869902376119,-85.18258094787598
32.855878115765215,-85.18005967140198
32.854508185595115,-85.17830014228821
32.853967417862776,-85.17729163169861
32.853507762698776,-85.17546772956848
32.853156260084205,-85.17249584197998
32.85253436743167,-85.17022132873535
32.85257041929868,-85.16903042793274
32.852976001792975,-85.1679790019989
32.85429187889769,-85.16712069511414
32.855021911887846,-85.16631603240967
32.85619355721603,-85.16424536705017
32.85638282154812,-85.16369819641113
32.85647294727864,-85.16250729560852
32.85616651942133,-85.16138076782227
32.8551480898205,-85.160071849823
32.85046136044242,-85.15625238418579
32.84727965116191,-85.15419244766235
32.84484597216669,-85.15341997146606
32.84280884140297,-85.15350580215454
32.840852791316195,-85.15397787094116
32.83998742821635,-85.15451431274414
32.83971700051758,-85.15485763549805
32.83966291487898,-85.15602707862854
32.83932938604603,-85.15777587890625
32.83826569112689,-85.16050100326538
32.836760270602575,-85.1620888710022
32.83509255938068,-85.16433119773865
32.83239711123135,-85.16632676124573
32.82870087873515,-85.16824722290039
32.827213327120035,-85.16851544380188
32.826726486634506,-85.16839742660522
32.822993954255224,-85.16597270965576
32.822173497366585,-85.16562938690186
32.819739130132525,-85.16486763954163
32.81873831536424,-85.1650071144104
32.81781863779908,-85.16546845436096
32.81501446410495,-85.16753911972046
32.81436525372031,-85.16810774803162
32.81421196724285,-85.16855835914612
32.81279630904148,-85.16835451126099
32.811858535776636,-85.16802191734314
32.81021740875055,-85.1666808128357
32.808233588370584,-85.1656186580658
32.80755727584709,-85.16472816467285
32.8064210592223,-85.16364455223083
32.804202689665296,-85.16205668449402
32.80295821421043,-85.1601791381836
32.80052332054067,-85.15811920166016
32.7989090394572,-85.15585541725159
32.79815148962628,-85.15514731407166
32.795355714148336,-85.15328049659729
32.794246398228964,-85.15208959579468
32.79308295447032,-85.1501476764679
32.7921088968267,-85.14804482460022
32.79158578739259,-85.14634966850281
32.79142344245983,-85.14456868171692
32.791630883154674,-85.14365673065186
32.79221712598061,-85.14277696609497
32.792090858621556,-85.14221906661987
32.79174813202901,-85.14183282852173
32.79128815478947,-85.14163970947266
32.78977291882152,-85.14163970947266
32.78883490266655,-85.14124274253845
32.78732864449041,-85.1399552822113
32.785506669376666,-85.13981580734253
32.78508273912227,-85.13953685760498
32.78444233001322,-85.13667225837708
32.784604687688386,-85.13551354408264
32.784451349891846,-85.13495564460754
32.782890897284524,-85.13353943824768
32.781988889074256,-85.1332175731659
32.780112682702914,-85.13074994087219
32.77960754345832,-85.12973070144653
32.77947223781654,-85.12734889984131
32.77914750343677,-85.12623310089111
32.778804726972375,-85.12580394744873
32.77774932798733,-85.12517094612122
32.777009639186254,-85.12440919876099
32.77609855062669,-85.1239264011383
32.7754851392134,-85.12306809425354
32.77464620205226,-85.1224672794342
32.77366292154926,-85.1222312450409
32.773184808755275,-85.12229561805725
32.772769840852,-85.12261748313904
32.772147385369216,-85.12356162071228
32.76966654128218,-85.13073921203613
32.77027999280081,-85.13223052024841
32.77043335501984,-85.13347506523132
32.7711640772579,-85.1356852054596
32.77122722581167,-85.13627529144287
32.771064843725746,-85.13682246208191
32.77071301485662,-85.13724088668823
32.76979284046988,-85.13769149780273
32.76930568547269,-85.13771295547485
32.76797952780576,-85.137380361557
32.76747431968798,-85.137380361557
32.76702323858847,-85.13757348060608
32.76408213378416,-85.14166116714478
32.76182661948719,-85.1429271697998
32.75993194332016,-85.1429808139801
32.75923721862399,-85.14274477958679
32.756656765155164,-85.14089941978455
32.753778478841454,-85.13978362083435
32.751793399599286,-85.1393973827362
32.75034967781662,-85.1380455493927
32.7473989986418,-85.13625383377075
32.74606349092375,-85.13450503349304
32.74461065235997,-85.13312101364136
32.74341046350315,-85.1301383972168
32.742246355106715,-85.12820720672607
32.741921484932796,-85.12227416038513
32.74150637132022,-85.12038588523865
32.74069418691969,-85.11830449104309
32.73990906829574,-85.11675953865051
32.738420031215625,-85.11513948440552
32.73579385063969,-85.11339068412781
32.732779513633034,-85.11321902275085
32.730089989174,-85.11431336402893
32.72873617099166,-85.1151180267334
32.727481614456174,-85.11611580848694
32.7264887874181,-85.11743545532227
32.725189069858146,-85.11835813522339
32.72384420327158,-85.1200532913208
32.7226888654424,-85.12096524238586
32.72128980350095,-85.12130856513977
32.72082043586788,-85.121169090271
32.71983656108181,-85.12130856513977
32.717877805568335,-85.12229561805725
32.715946087491936,-85.12271404266357
32.71510658949182,-85.12264966964722
32.7134997863394,-85.12222051620483
32.71257902092588,-85.12176990509033
32.71103536346872,-85.12025713920593
32.71028609320243,-85.11872291564941
32.7094194595036,-85.11816501617432
32.70893197434847,-85.11821866035461
32.708498651974395,-85.11847615242004
32.70737019841521,-85.11962413787842
32.70693686845586,-85.11992454528809
32.70647645306808,-85.11996746063232
32.70565492167061,-85.11935591697693
32.70523061128333,-85.11930227279663
32.70444518034856,-85.119549036026
32.70327153503387,-85.11937737464905
32.702404833200795,-85.11883020401001
32.70094225476997,-85.11872291564941
32.697998968733785,-85.1179826259613
32.69667174972032,-85.11728525161743
32.69518199058504,-85.11741399765015
32.694080455720744,-85.11703848838806
32.692066959322204,-85.117027759552
32.68943038416271,-85.11537551879883
32.68745290169642,-85.11526823043823
32.68564694337487,-85.11473178863525
32.68467171069408,-85.113605260849
32.68344362476059,-85.11261820793152
32.68222455216801,-85.11027932167053
32.68161049448598,-85.10804772377014
32.680409457697564,-85.10618090629578
32.67960574736804,-85.1040244102478
32.677790599676435,-85.10201811790466
32.676571449922726,-85.10096669197083
32.67576770505848,-85.09978652000427
32.6750994173056,-85.09819865226746
32.67371767136784,-85.0974690914154
32.67201981049442,-85.09618163108826
32.67086380164949,-85.09502291679382
32.6698703445984,-85.09367108345032
32.668931065955064,-85.09333848953247
32.665760927638985,-85.09331703186035
32.66428871690477,-85.0929307937622
32.662238419832676,-85.09121417999268
32.661407449034755,-85.09154677391052
32.660919701707414,-85.0914716720581
32.659709354249834,-85.09040951728821
32.65870674058663,-85.08922934532166
32.65755959224094,-85.08848905563354
32.656602118571065,-85.08885383605957
32.65566270047549,-85.08986234664917
32.65547300908519,-85.09099960327148
32.65499426235805,-85.09193301200867
32.654307753143314,-85.09280204772949
32.65185976290005,-85.09856343269348
32.65080286078851,-85.09985089302063
32.648734187167484,-85.10137438774109
32.646819040544244,-85.10394930839539
32.6447412407471,-85.10537624359131
32.64330482049302,-85.10518312454224
32.64204002884356,-85.10431408882141
32.64112756090529,-85.10450720787048
32.64093783867995,-85.10415315628052
32.64111852652273,-85.1036274433136
32.64102818264695,-85.10305881500244
32.64038673850517,-85.10218977928162
32.64035963513031,-85.10163187980652
32.640079566442324,-85.10117053985596
32.63965494450096,-85.10090231895447
32.63851658637294,-85.10079503059387
32.6372155879175,-85.10031223297119
32.636809022020124,-85.09890675544739
32.63634824510284,-85.09896039962769
32.63469484957024,-85.10002255439758
32.63473098968993,-85.09963631629944
32.634993005121146,-85.09915351867676
32.63452318380232,-85.097576379776
32.63474002471757,-85.09641766548157
32.6351466000172,-85.0962245464325
32.636032024276645,-85.09669661521912
32.63605912896268,-85.09639620780945
32.63573387218821,-85.09593486785889
32.63455932399136,-85.094153881073
32.63403528982154,-85.09126782417297
32.63406239511249,-85.09007692337036
32.63462256928705,-85.08827447891235
32.63642052399191,-85.08545279502869
32.63659218611938,-85.08493781089783
32.63651990736899,-85.08378982543945
32.63628500102703,-85.0832748413086
32.635869395987946,-85.08296370506287
32.63437862290018,-85.08273839950562
32.63391783346587,-85.08287787437439
32.63328537351567,-85.08369326591492
32.63230956939438,-85.08369326591492
32.631884910573945,-85.08394002914429
32.63128857776441,-85.08477687835693
32.6303940710987,-85.08530259132385
32.62950859104727,-85.0860857963562
32.62893031363125,-85.08705139160156
32.628234568662705,-85.08907914161682
32.62737617455987,-85.0902807712555
32.6260207986872,-85.09093523025513
32.62500877131772,-85.09082794189453
32.62269552293212,-85.08965849876404
32.620264740489134,-85.08767366409302
32.61859297448015,-85.08542060852051
32.61758989989007,-85.08334994316101
32.61640607668148,-85.08234143257141
32.615421051546996,-85.08207321166992
32.61240265017171,-85.08227705955505
32.61192367293515,-85.0821053981781
32.610586138029625,-85.08095741271973
32.610098113562884,-85.08079648017883
32.6045489075985,-85.08054971694946
32.60357279021226,-85.08028149604797
32.601602446787815,-85.07915496826172
32.60010206447415,-85.07892966270447
32.598203954462335,-85.07791042327881
32.59774297881925,-85.07788896560669
32.59493187994267,-85.07653713226318
32.5927896006882,-85.07534623146057
32.59143370127833,-85.07453083992004
32.588857435883355,-85.07262110710144
32.583975887844865,-85.06961703300476
32.57979020072028,-85.06760001182556
32.57940145528179,-85.06733179092407
32.57904887075211,-85.06383419036865
32.57837081968271,-85.06223559379578
32.57704182471299,-85.06043314933777
32.57401308911547,-85.05725741386414
32.573154175328696,-85.05666732788086
32.572656905692334,-85.05663514137268
32.57168948231826,-85.05694627761841
32.57121028743665,-85.05683898925781
32.570821504802424,-85.05648493766785
32.56804572865672,-85.05366325378418
32.56555921129184,-85.05066990852356
32.56428427929618,-85.0497579574585
32.56385929793799,-85.04804134368896
32.56288273740189,-85.0466787815094
32.561734360950084,-85.0455093383789
32.55923862601172,-85.04459738731384
32.55776466299123,-85.04481196403503
32.55650770607461,-85.0436532497406
32.5557933126423,-85.04232287406921
32.555811398622154,-85.04112124443054
32.55602843009596,-85.0400698184967
32.555965129303644,-85.03941535949707
32.555332118924795,-85.03852486610413
32.554473026269065,-85.03806352615356
32.55428312046692,-85.03637909889221
32.55365009822422,-85.03547787666321
32.55224839022667,-85.03490924835205
32.55116318190401,-85.03363251686096
32.5507019643938,-85.03340721130371
32.54920977385962,-85.03307461738586
32.54684934909029,-85.03298878669739
32.54551988712833,-85.03246307373047
32.544289891181975,-85.03146529197693
32.54455217114286,-85.0298023223877
32.54479636214182,-85.0262188911438
32.54296039131917,-85.02346158027649
32.543050834110765,-85.02157330513
32.54292421417702,-85.02104759216309
32.54251722032346,-85.02085447311401
32.542019780886015,-85.02097249031067
32.54080782599324,-85.02197027206421
32.54032846618537,-85.02204537391663
32.537578881250354,-85.02118706703186
32.53571562781706,-85.02080082893372
32.5348473023327,-85.02023220062256
32.53438600100459,-85.01862287521362
32.53349957219423,-85.01810789108276
32.53096687024657,-85.01521110534668
32.53002613419228,-85.01496434211731
32.52912157100342,-85.01549005508423
32.52833459362001,-85.0157368183136
32.5263625970232,-85.01412749290466
32.52610930991988,-85.01363396644592
32.52582888407973,-85.01179933547974
32.52504187785334,-85.00894546508789
32.524842863692584,-85.00839829444885
32.523811601435774,-85.00710010528564
32.52239133491798,-85.00651001930237
32.52037397509844,-85.00667095184326
32.51867320607576,-85.00641345977783
32.51831133617357,-85.00607013702393
32.51644768310316,-85.00322699546814
32.51489159365496,-85.00168204307556
32.51443923701724,-85.00149965286255
32.50890220731362,-85.00093102455139
32.507970288066936,-84.9996542930603
32.50654072326429,-84.99902129173279
32.50609737260033,-84.99912858009338
32.50523780896294,-84.99975085258484
32.50474921123253,-84.99983668327332
32.50430585173517,-84.99969720840454
32.50316577441853,-84.99706864356995
32.50175423009572,-84.99656438827515
32.496922237575326,-84.9988067150116
32.49441565230926,-84.99837756156921
32.49396319265331,-84.99817371368408
32.49232526966858,-84.99675750732422
32.4889769365247,-84.99544858932495
32.485981430192496,-84.99483704566956
32.48058745738953,-84.99492287635803
32.477564519200236,-84.99528765678406
32.475048343529764,-84.9953305721283
32.47010629739655,-84.9980878829956
32.46864897559358,-84.99851703643799
32.46510061518845,-84.99840974807739
32.463625107843235,-84.99807715415955
32.46156116744279,-84.99798059463501
32.458148320128394,-84.99680042266846
32.45614762537862,-84.99646782875061
32.45334114610261,-84.99536275863647
32.45076997222802,-84.99349594116211
32.44925801530565,-84.99041676521301
32.44780941002701,-84.98799204826355
32.44568172880657,-84.9838936328888
32.44458617973636,-84.98075008392334
32.44277532562987,-84.97185587882996
32.44033061487586,-84.9697744846344
32.43582130778275,-84.96728539466858
32.43482524568333,-84.96687769889832
32.427426876449495,-84.96474266052246
32.42419386114559,-84.96305823326111
32.422708627594176,-84.96340155601501
32.4223373153852,-84.96375560760498
32.42083393813711,-84.96616959571838
32.41656819521537,-84.97142672538757
32.41600665989349,-84.97242450714111
32.41429486129957,-84.97676968574524
32.41259208762376,-84.97899055480957
32.41172257377949,-84.97955918312073
32.40595277489685,-84.98095393180847
32.40290921590733,-84.98107194900513
32.40143269050312,-84.98067498207092
32.40050871753655,-84.9802029132843
32.399095564120316,-84.97860431671143
32.397437798266594,-84.9773919582367
32.39611518728725,-84.97485995292664
32.39574376565143,-84.97478485107422
32.39545387453268,-84.97440934181213
32.39501903610961,-84.97332572937012
32.394094997508,-84.97194170951843
32.39373262684792,-84.97019290924072
32.39331589879116,-84.96912002563477
32.39248243690861,-84.96849775314331
32.39199322743856,-84.96846556663513
32.391540253344175,-84.9687123298645
32.39095138362494,-84.96965646743774
32.390616179146825,-84.970782995224
32.391041979216276,-84.97554659843445
32.39052558312837,-84.97843265533447
32.39094232406081,-84.98021364212036
32.39165802682728,-84.98180150985718
32.39192075173612,-84.98294949531555
32.39109633652745,-84.98443007469177
32.39003636305838,-84.9856960773468
32.388061336574,-84.98698353767395
32.3852617984392,-84.98836755752563
32.38374874333042,-84.98852849006653
32.3822809650579,-84.98814225196838
32.38140209875241,-84.98754143714905
32.380360132778016,-84.9862539768219
32.38003394965554,-84.98514890670776
32.37999770701369,-84.98394727706909
32.38069537531568,-84.97882962226868
32.38052322389765,-84.97643709182739
32.38019704136397,-84.97467756271362
32.37952655134668,-84.97321844100952
32.37877450932624,-84.97242450714111
32.37784124365778,-84.97198462486267
32.376862663478356,-84.97220993041992
32.375947500202656,-84.97272491455078
32.37513200036586,-84.97342228889465
32.374089962087304,-84.97547149658203
32.373854369159005,-84.9772310256958
32.37437992177134,-84.98023509979248
32.374334615632044,-84.98202681541443
32.37374563375419,-84.9836790561676
32.37274888644729,-84.98502016067505
32.37235924587517,-84.98538494110107
32.37091846730982,-84.98599648475647
32.36984013373388,-84.98626470565796
32.368825219793024,-84.98631834983826
32.367855603866495,-84.98603940010071
32.36608852005572,-84.98391509056091
32.36523668270042,-84.98332500457764
32.36473826350448,-84.9832284450531
32.36373235457649,-84.98334646224976
32.36230956337909,-84.98393654823303
32.359146718030296,-84.9867045879364
32.35506838738747,-84.99119997024536
32.35367264977123,-84.99294877052307
32.35137960549935,-84.9962854385376
32.34963939081179,-84.99924659729004
32.34926777812923,-85.00027656555176
32.34794446203333,-85.0018322467804
32.34525245105611,-85.00451445579529
32.344327903554834,-85.00498652458191
32.341998364528855,-85.00548005104065
32.33880761452865,-85.0073254108429
32.33636915303544,-85.00809788703918
32.33534479831357,-85.00808715820312
32.3316914742413,-85.00741124153137
32.328654479719745,-85.007164478302
32.32674157415952,-85.00638127326965
32.32495555476012,-85.0052547454834
32.32287030986955,-85.00335574150085
32.322525786526214,-85.00292658805847
32.32181860292535,-85.00139236450195
32.32143780946814,-85.00030875205994
32.32132901104342,-84.99792695045471
32.319089547766374,-84.98867869377136
32.31697696687233,-84.98390436172485
32.313304766938174,-84.97360467910767
32.311681697799614,-84.96987104415894
32.30998605819987,-84.96516108512878
32.30952360552829,-84.96344447135925
32.30812716548858,-84.96025800704956
32.307238510620756,-84.95689988136292
32.3048082670867,-84.95107412338257
32.30334827601221,-84.94412183761597
32.302577463783514,-84.94190096855164
32.301815713492964,-84.940345287323
32.30059145854047,-84.9384355545044
32.29879585469548,-84.93448734283447
32.29807034810225,-84.93365049362183
32.29500501864776,-84.9308717250824
32.29212097499604,-84.92841482162476
32.28696030315738,-84.9244236946106
32.28518256962347,-84.92265343666077
32.283159901843035,-84.91996049880981
32.28082878929998,-84.91606593132019
32.277073485901106,-84.91130232810974
32.27652015510925,-84.91029381752014
32.274996210234605,-84.90650653839111
32.27367180877878,-84.90395307540894
32.271775885375824,-84.9017322063446
32.27056029641759,-84.90068078041077
32.26948076719727,-84.89941477775574
32.26867337980583,-84.89885687828064
32.26586107549976,-84.89401817321777
32.26458190180265,-84.89305257797241
32.26183297817574,-84.88930821418762
32.26100737759522,-84.88862156867981
32.26003660686713,-84.8883318901062
32.259528535805366,-84.88826751708984
32.2585758948999,-84.88892197608948
32.25794079540885,-84.88985538482666
32.25754158774028,-84.89093899726868
32.25760509816862,-84.89177584648132
32.2584851666732,-84.89457607269287
32.25900231635068,-84.89812731742859
32.25886622461593,-84.89989757537842
32.25816761716572,-84.9014961719513
32.25686111607698,-84.90278363227844
32.25548201119608,-84.90352392196655
32.25399400611873,-84.90389943122864
32.251462526813754,-84.90383505821228
32.25099070207943,-84.90400671958923
32.25007426626318,-84.90530490875244
32.248967272052916,-84.9076759815216
32.24864968925571,-84.91060495376587
32.24890375558234,-84.91231083869934
32.24869505829472,-84.91373777389526
32.24923948499513,-84.91466045379639
32.24904893602127,-84.91636633872986
32.249112452390314,-84.91755723953247
32.250183150210646,-84.92005705833435
32.250636831919785,-84.92176294326782
32.25080015678021,-84.92294311523438
32.250391844078365,-84.92411255836487
32.25009241359683,-84.92440223693848
32.24617250532126,-84.92434859275818
32.244820460678625,-84.92345809936523
32.244276007487265,-84.92181658744812
32.24410359662962,-84.92004632949829
32.24591843135371,-84.91719245910645
32.24609991283163,-84.91665601730347
32.24602732028397,-84.91546511650085
32.24585491275076,-84.91490721702576
32.24521065012481,-84.91400599479675
32.24339580125821,-84.9127721786499
32.24201649186742,-84.91324424743652
32.238595351206975,-84.91530418395996
32.23672592017896,-84.91623759269714
32.23568228903923,-84.91746068000793
32.23403968009425,-84.92048621177673
32.23253317285683,-84.92208480834961
32.23076344871753,-84.92324352264404
32.22983773313133,-84.92347955703735
32.22831300455108,-84.92352247238159
32.22532700365079,-84.92297530174255
32.22482781459852,-84.92295384407043
32.224374003990235,-84.92318987846375
32.22144233286844,-84.92558240890503
32.219717776278884,-84.92854356765747
32.21923670992106,-84.92959499359131
32.21895533030549,-84.93074297904968
32.21809303251169,-84.93750214576721
32.217947802604904,-84.9398946762085
32.217965956355954,-84.94289875030518
32.21841979895382,-84.94670748710632
32.21853779765819,-84.94910001754761
32.21825641587955,-84.95269417762756
32.21795687948087,-84.95445370674133
32.2178661106804,-84.95949625968933
32.21803857132384,-84.96127724647522
32.218855485716446,-84.96474266052246
32.21934563082876,-84.9681544303894
32.21877379460747,-84.97099757194519
32.217457649956835,-84.97357249259949
32.21611425507982,-84.97535347938538
32.21460745072359,-84.97696280479431
32.21172085216596,-84.97934460639954
32.21089479609429,-84.97988104820251
32.20944237162081,-84.98039603233337
32.20793545671392,-84.98027801513672
32.207536029299796,-84.97994542121887
32.20706397645804,-84.9789047241211
32.20612894148163,-84.97749924659729
32.20459473705639,-84.97592210769653
32.20362336348064,-84.97458100318909
32.203351013887385,-84.97312188148499
32.20433146860724,-84.97005343437195
32.204449485592455,-84.96723175048828
32.20402280807587,-84.96551513671875
32.203568893627214,-84.96463537216187
32.201825841097516,-84.96290802955627
32.19897515197164,-84.96178150177002
32.198484897070045,-84.96180295944214
32.19685977396875,-84.96318697929382
32.195970029472875,-84.9636697769165
32.194962247138726,-84.96491432189941
32.19391813655292,-84.96695280075073
32.194054325569546,-84.96805787086487
32.19377286804387,-84.96922731399536
32.191067199684554,-84.97497797012329
32.189786972864006,-84.98021364212036
32.1874534634719,-84.98750925064087
32.18682694687264,-84.99019145965576
32.18513805456144,-84.99485850334167
32.18393038654575,-84.99874234199524
32.183167640597496,-85.00029802322388
32.18215063605952,-85.0075614452362
32.18162396853048,-85.00925660133362
32.1807976391987,-85.01076936721802
32.17889977750774,-85.01325845718384
32.17489506874278,-85.01592993736267
32.17364185839464,-85.01695990562439
32.16848353569978,-85.02384781837463
32.16574078743323,-85.02690553665161
32.16161742771321,-85.03041386604309
32.15747571557842,-85.0331175327301
32.15599518947502,-85.03431916236877
32.15245272879137,-85.0385570526123
32.14823792956132,-85.04189372062683
32.14671183351299,-85.04332065582275
32.14427729408116,-85.04513382911682
32.143396120130674,-85.04600286483765
32.14142480324298,-85.0487494468689
32.140298317316265,-85.05074501037598
32.13899920739829,-85.05259037017822
32.13817249145161,-85.05434989929199
32.13762739991478,-85.05596995353699
32.135892170163906,-85.05890965461731
32.134529401142814,-85.0606906414032
32.133266550341176,-85.06167769432068
32.13231258670521,-85.06206393241882
32.13030468778982,-85.06173133850098
32.128305830496195,-85.06094813346863
32.12559821760029,-85.05929589271545
32.11370375837969,-85.05506873130798
32.10462512593542,-85.0532877445221
32.10137150241665,-85.05162477493286
32.09501842295681,-85.04936099052429
32.09191897777398,-85.04769802093506
32.08821950233211,-85.04519820213318
32.08608337336465,-85.04479050636292
32.085637961458936,-85.04496216773987
32.083792660437496,-85.04691481590271
32.08302907670262,-85.04912495613098
32.08263819208391,-85.05080938339233
32.082256396191354,-85.05145311355591
32.08074737776953,-85.0530731678009
32.07784744713037,-85.05410313606262
32.074574687641984,-85.05573391914368
32.07410194603222,-85.0557553768158
32.072429148401355,-85.05534768104553
32.07067449626094,-85.05417823791504
32.068147010682814,-85.05417823791504
32.06317366065075,-85.05596995353699
32.06021861711205,-85.05675315856934
32.05972761601416,-85.05680680274963
32.057718121095185,-85.05643129348755
32.05378083793341,-85.05668878555298
32.0503253459149,-85.05768656730652
32.04792461148695,-85.05864143371582
32.04691519297841,-85.05881309509277
32.04358676118634,-85.05790114402771
32.040749313931705,-85.055251121521
32.039476071833995,-85.05426406860352
32.037575270324666,-85.05348086357117
32.03613827456964,-85.0535237789154
32.03578356961538,-85.05381345748901
32.034273784438916,-85.05703210830688
32.03362802534723,-85.05792260169983
32.031654339050284,-85.0577187538147
32.030180868092586,-85.05722522735596
32.02836173544515,-85.05627036094666
32.02712470460666,-85.05505800247192
32.024268554885445,-85.05033731460571
32.02317700917899,-85.04907131195068
32.022740387254686,-85.04885673522949
32.02172159467206,-85.04884600639343
32.02126677289695,-85.04902839660645
32.02105755412219,-85.04952192306519
32.020684597730025,-85.05125999450684
32.020584536000655,-85.05362033843994
32.02022067424535,-85.05396366119385
32.018892566575566,-85.05486488342285
32.01793740874758,-85.05522966384888
32.017518955514966,-85.05522966384888
32.01363452669963,-85.05387783050537
32.01315237299428,-85.05396366119385
32.01079615141953,-85.05507946014404
32.00818513243643,-85.05863070487976
32.003936381597434,-85.06357669830322
32.00260803793253,-85.06445646286011
32.00016055982473,-85.06529331207275
31.99521991241406,-85.06740689277649
31.99229907300849,-85.06828665733337
31.98857737028032,-85.06812572479248
31.98654811422944,-85.06839394569397
31.985601719377346,-85.06880164146423
31.982944481645564,-85.070561170578
31.981452026704172,-85.07090449333191
31.97833963403721,-85.06991744041443
31.9745627584818,-85.0667417049408
31.972633306652348,-85.0659692287445
31.971286306806263,-85.06590485572815
31.968674162937088,-85.06706357002258
31.96744542844447,-85.06778240203857
31.96637141001124,-85.0690484046936
31.965779784321263,-85.07001399993896
31.964214233335298,-85.07379055023193
31.962848905452482,-85.08148312568665
31.962202643175804,-85.08373618125916
31.961629195375373,-85.08471250534058
31.96059151882417,-85.08586049079895
31.95924434230024,-85.08667588233948
31.957733296469275,-85.08678317070007
31.954638305715587,-85.0847339630127
31.953682478670892,-85.08433699607849
31.950296039960516,-85.08375763893127
31.944861091110074,-85.0822126865387
31.942239091285415,-85.07994890213013
31.94157447527846,-85.07904767990112
31.94111015165452,-85.07881164550781
31.940618512319254,-85.07880091667175
31.940154183865463,-85.07900476455688
31.93952597104698,-85.07991671562195
31.937359059100572,-85.08469104766846
31.935956912383407,-85.08641839027405
31.934363537879,-85.08792042732239
31.93215097776591,-85.08948683738708
31.929856414736825,-85.0907850265503
31.928736428651757,-85.09199738502502
31.92747984265827,-85.09459376335144
31.92636893349305,-85.09795188903809
31.925412812399802,-85.09934663772583
31.924256347888985,-85.10014057159424
31.920841505605924,-85.10074138641357
31.918847179067832,-85.10127782821655
31.917936513300063,-85.10178208351135
31.917563137729278,-85.10217905044556
31.9167617411429,-85.10370254516602
31.916160689121387,-85.10536551475525
31.91492214529947,-85.10701775550842
31.914585185639,-85.10777950286865
31.914384830661238,-85.1089596748352
31.9134559064266,-85.11036515235901
31.91308251266989,-85.11144876480103
31.91171642503631,-85.11316537857056
31.910714614547093,-85.11309027671814
31.909803868273322,-85.11261820793152
31.90802788711153,-85.10985016822815
31.90636116592052,-85.10849833488464
31.905204461885372,-85.1080584526062
31.904694414542515,-85.10803699493408
31.9042845530222,-85.10829448699951
31.903565013938323,-85.11145949363708
31.90328266162176,-85.1119315624237
31.90282725283432,-85.11218905448914
31.901315279500775,-85.11212468147278
31.898500756969597,-85.11101961135864
31.89672455768511,-85.1106870174408
31.89545842547948,-85.11139512062073
31.89466594538283,-85.11213541030884
31.893654840183615,-85.11348724365234
31.893062746398563,-85.11512875556946
31.89288056292946,-85.11690974235535
31.893336020926338,-85.12047171592712
31.892771252674958,-85.12424826622009
31.89295343636035,-85.12540698051453
31.893062746398563,-85.12840032577515
31.893026309733578,-85.13299226760864
31.892042514328608,-85.13415098190308
31.891049599049143,-85.13430118560791
31.889601198845035,-85.13375401496887
31.885292301284224,-85.13073921203613
31.88247728893593,-85.12934446334839
31.88002660943349,-85.1285183429718
31.877621418204452,-85.12843251228333
31.876254804304047,-85.12894749641418
31.87325729349364,-85.1311469078064
31.871690166959183,-85.13269186019897
31.870214128060596,-85.13364672660828
31.86789068560282,-85.13448357582092
31.86536672291302,-85.13486981391907
31.862441755507678,-85.13588905334473
31.860446163737695,-85.13772368431091
31.85896083223296,-85.13994455337524
31.85773063158146,-85.14060974121094
31.85724765943125,-85.14070630073547
31.855251955231434,-85.14021277427673
31.853821218332246,-85.13956904411316
31.85205327073731,-85.13839960098267
31.851105491061222,-85.13800263404846
31.849209902488333,-85.1376485824585
31.846147715571405,-85.13773441314697
31.844188227153428,-85.13834595680237
31.84216489776069,-85.14015913009644
31.841453987709507,-85.1410174369812
31.840424069841866,-85.14159679412842
31.83940325494688,-85.14182209968567
31.837935813748597,-85.14130711555481
31.835155814577234,-85.13983726501465
31.8333692791035,-85.13867855072021
31.83168297664803,-85.13732671737671
31.830425066104013,-85.13581395149231
31.82942237150727,-85.13371109962463
31.82836497267809,-85.13245582580566
31.827927424791824,-85.13216614723206
31.826942934464597,-85.1319944858551
31.826578305752967,-85.13234853744507
31.826168096730825,-85.13341069221497
31.825830812391523,-85.13382911682129
31.82497392231165,-85.1344621181488
31.824490778653733,-85.13444066047668
31.822002092965178,-85.1339042186737
31.819932695176856,-85.13238072395325
31.81853787667014,-85.13162970542908
31.81705187037561,-85.13126492500305
31.815520256041925,-85.13123273849487
31.812976626117898,-85.13156533241272
31.809931471643036,-85.13256311416626
31.80791650885229,-85.13291716575623
31.805874148775885,-85.13284206390381
31.80151574728447,-85.13234853744507
31.798488452042626,-85.13279914855957
31.79546105762953,-85.13227343559265
31.793600802236433,-85.13242363929749
31.792333253831064,-85.1329493522644
31.788512265342497,-85.13699412345886
31.786314441470385,-85.13852834701538
31.78435368313239,-85.14035224914551
31.78271208603478,-85.14161825180054
31.781745354109624,-85.14190793037415
31.780805972840582,-85.141521692276
31.778927181675932,-85.1395583152771
31.77119272679313,-85.12921571731567
31.76871172692088,-85.12619018554688
31.767863428613502,-85.1255464553833
31.766896541488492,-85.12522459030151
31.766376607441995,-85.12523531913757
31.764196501299637,-85.12576103210449
31.763293429736,-85.12630820274353
31.762664011010312,-85.12720942497253
31.762235274064857,-85.12748837471008
31.75946211904228,-85.12897968292236
31.758467776773216,-85.12919425964355
31.757482546374636,-85.128915309906
31.751589190032064,-85.12626528739929
31.74942698225893,-85.12495636940002
31.74905292431421,-85.12457013130188
31.743797706623322,-85.12194156646729
31.738268457751513,-85.12092232704163
31.736699039848748,-85.1203966140747
31.73567707901349,-85.12028932571411
31.732848378629768,-85.11896967887878
31.730840861446957,-85.11922717094421
31.72898843200804,-85.12120127677917
31.726825696596354,-85.1221239566803
31.726415044930413,-85.12220978736877
31.725265210585235,-85.12202739715576
31.723412669689164,-85.12202739715576
31.722874239528103,-85.12219905853271
31.722007269136643,-85.12277841567993
31.718986498424524,-85.12561082839966
31.718119491670546,-85.12612581253052
31.716631871716476,-85.12652277946472
31.70912039540267,-85.12682318687439
31.705560674087828,-85.12641549110413
31.701544414221654,-85.12566447257996
31.696706415772404,-85.12593269348145
31.695218452314744,-85.1256000995636
31.693858268523858,-85.12482762336731
31.69277193292026,-85.1235830783844
31.69187729405047,-85.12299299240112
31.69119261561989,-85.12220978736877
31.688837283241753,-85.11714577674866
31.68671012937774,-85.11378765106201
31.685888468910296,-85.11306881904602
31.684975504304727,-85.11255383491516
31.67962535123513,-85.11059045791626
31.677333638453774,-85.10929226875305
31.676557547599185,-85.1085090637207
31.675461878878977,-85.10650277137756
31.674704033783993,-85.10568737983704
31.672667865126364,-85.10388493537903
31.669627225233494,-85.10172843933105
31.668586262577424,-85.10043025016785
31.663856127430428,-85.09562373161316
31.65997504516971,-85.09241580963135
31.658796990481303,-85.0904631614685
31.657984215361353,-85.08818864822388
31.656029873053203,-85.08072137832642
31.65546365405128,-85.07975578308105
31.654641717103253,-85.07905840873718
31.652605108677662,-85.07792115211487
31.651609620159544,-85.0780177116394
31.651244300597853,-85.07835030555725
31.650888112642704,-85.07944464683533
31.6509611769499,-85.08124709129333
31.650851580467567,-85.08182644844055
31.65057758869633,-85.08231997489929
31.650166599525114,-85.08263111114502
31.649171084889648,-85.08284568786621
31.64592873854547,-85.0844657421112
31.64281415289627,-85.08626818656921
31.641370995727705,-85.08687973022461
31.63985474318097,-85.0869870185852
31.638941326099022,-85.08652567863464
31.63855768824908,-85.08616089820862
31.63832019735836,-85.0856351852417
31.637918288315422,-85.08269548416138
31.637141868199926,-85.0804853439331
31.635662084853248,-85.07886528968811
31.63188030933058,-85.07587194442749
31.629468662042093,-85.07368326187134
31.628591683890157,-85.07220268249512
31.627860862448248,-85.07138729095459
31.626664129939495,-85.06942391395569
31.62539429769671,-85.06776094436646
31.62511109533649,-85.06710648536682
31.62490097689929,-85.06616234779358
31.623676799177446,-85.0642740726471
31.622863717013207,-85.06206393241882
31.621621240656626,-85.05945682525635
31.619967625067645,-85.05804061889648
31.618524113405893,-85.05748271942139
31.616989215685837,-85.05752563476562
31.614650275246923,-85.05830883979797
31.611498094568883,-85.06028294563293
31.608464590930407,-85.0605297088623
31.607962043133348,-85.06046533584595
31.60754172834723,-85.06016492843628
31.607285883635356,-85.05967140197754
31.60697521411151,-85.05792260169983
31.606244222907574,-85.0567102432251
31.605860450228136,-85.0563132762909
31.60502893732963,-85.0559914112091
31.600834709637557,-85.05646347999573
31.596411833557347,-85.05768656730652
31.59438308873152,-85.05802989006042
31.588250893210986,-85.0580084323883
31.58397365353807,-85.05843758583069
31.58296829093124,-85.05825519561768
31.582045175714065,-85.05775094032288
31.580381717289246,-85.05636692047119
31.57903813304151,-85.05557298660278
31.5771735350583,-85.05529403686523
31.5762046605965,-85.05560517311096
31.574513676326724,-85.05680680274963
31.572685550720422,-85.05785822868347
31.572182809894198,-85.05798697471619
31.5706562893188,-85.05789041519165
31.569760475188986,-85.05741834640503
31.566167991250673,-85.05487561225891
31.563370694183565,-85.05340576171875
31.562584510623168,-85.05283713340759
31.55896432406687,-85.05187153816223
31.55744672932313,-85.0517213344574
31.55555427237404,-85.0508201122284
31.55247323377012,-85.04868507385254
31.548898370084416,-85.04585266113281
31.54587197179108,-85.04251599311829
31.54445474247689,-85.04182934761047
31.54194025041146,-85.04133582115173
31.53919709090528,-85.04145383834839
31.537212821954867,-85.04205465316772
31.5339299986964,-85.04371762275696
31.531762723434248,-85.04519820213318
31.530043498842314,-85.04605650901794
31.528342532726434,-85.04738688468933
31.52641290462716,-85.04817008972168
31.525406921562514,-85.04814863204956
31.523916217643983,-85.04769802093506
31.520998758929608,-85.0446617603302
31.520011009315148,-85.04449009895325
31.518026332684702,-85.0450587272644
31.51671843517784,-85.04574537277222
31.51388307002818,-85.04830956459045
31.509437776017364,-85.05072355270386
31.506428393184887,-85.05298733711243
31.502879209286302,-85.05467176437378
31.501790643924203,-85.05593776702881
31.50049166699,-85.05673170089722
31.49855231572865,-85.05741834640503
31.494499673576087,-85.05995035171509
31.493456753050836,-85.06033658981323
31.4904377070221,-85.06101250648499
31.488058996059692,-85.06210684776306
31.4868238722783,-85.06316900253296
31.485003178596706,-85.0651216506958
31.484298679573712,-85.0655722618103
31.479312138729455,-85.06757855415344
31.474682195016292,-85.0689947605133
31.470363147754977,-85.07089376449585
31.46841402091257,-85.07158041000366
31.46579681963228,-85.07126927375793
31.461815971122906,-85.07026076316833
31.46040661867189,-85.06957411766052
31.45939992536314,-85.06934881210327
31.45335038585981,-85.0692093372345
31.452371074187457,-85.06888747215271
31.450979884863358,-85.06811499595642
31.44746520928091,-85.06676316261292
31.44304421917622,-85.06597995758057
31.43947432340334,-85.0655722618103
31.43460440015861,-85.06593704223633
31.431025028337093,-85.06579756736755
31.42956943907183,-85.06630182266235
31.42876382020383,-85.06684899330139
31.427967349290995,-85.06761074066162
31.427353970528223,-85.0685441493988
31.427271576060367,-85.06912350654602
31.427454674779515,-85.06964921951294
31.429157475742798,-85.07161259651184
31.42924902330569,-85.07217049598694
31.429111701927848,-85.07335066795349
31.42883705856879,-85.07381200790405
31.427573688755217,-85.0747561454773
31.425165915091917,-85.07579684257507
31.424167998379822,-85.0760543346405
31.418921894601887,-85.0762152671814
31.41638571478493,-85.07664442062378
31.414948210578643,-85.07726669311523
31.41163362648531,-85.07980942726135
31.410626409225337,-85.07997035980225
31.408557001654366,-85.07959485054016
31.405324605593034,-85.07798552513123
31.403337496664086,-85.07749199867249
31.400727635308176,-85.07735252380371
31.3981543325366,-85.07781386375427
31.397320970253926,-85.07809281349182
31.396386863077623,-85.07863998413086
31.39516884662199,-85.07965922355652
31.393785966678877,-85.08044242858887
31.392796874490386,-85.08073210716248
31.38675219583413,-85.08172988891602
31.384773852857787,-85.08235216140747
31.38290537956069,-85.08334994316101
31.380615533167358,-85.08487343788147
31.372628112058383,-85.08762001991272
31.364969809324187,-85.09195446968079
31.36399873592979,-85.09230852127075
31.360096019040633,-85.0926411151886
31.35753076476677,-85.09260892868042
31.356513805306477,-85.09246945381165
31.355579292320964,-85.09198665618896
31.35513035630964,-85.09170770645142
31.354452367250257,-85.09087085723877
31.35456231175413,-85.08868217468262
31.354434043153788,-85.08750200271606
31.353829345966847,-85.08646130561829
31.352986428248556,-85.08591413497925
31.351456330041664,-85.0860857963562
31.349953694400728,-85.08591413497925
31.34792876327624,-85.08632183074951
31.345876299912362,-85.08638620376587
31.34389709639723,-85.08680462837219
31.3403142656023,-85.08707284927368
31.33784927209669,-85.08789896965027
31.33696039242592,-85.08848905563354
31.336227289471946,-85.08928298950195
31.335741605619678,-85.08939027786255
31.334055438448555,-85.08883237838745
31.331480309631676,-85.08693337440491
31.33000484820372,-85.08527040481567
31.328685161244653,-85.08435845375061
31.32720965600082,-85.08388638496399
31.324093606201433,-85.08370399475098
31.32259053354245,-85.08402585983276
31.31900689155901,-85.0837790966034
31.317989515654187,-85.08385419845581
31.316513842781287,-85.08433699607849
31.310757581005756,-85.08753418922424
31.307292655114278,-85.08774876594543
31.30379093386726,-85.08774876594543
31.301774176706235,-85.088210105896
31.297768035591474,-85.08974432945251
31.29697045398928,-85.08980870246887
31.29595284007651,-85.08963704109192
31.29494438301744,-85.08981943130493
31.29348668510736,-85.09042024612427
31.28999361914083,-85.09292006492615
31.28438243909637,-85.09879946708679
31.28348388578327,-85.10102033615112
31.282484464387238,-85.10629892349243
31.282401942881137,-85.10809063911438
31.28169592259925,-85.11034369468689
31.28007297282001,-85.11271476745605
31.279266072139418,-85.11343359947205
31.27734048580283,-85.11454939842224
31.276331829651177,-85.11449575424194
31.275249804696962,-85.11329412460327
31.27397520005769,-85.11228561401367
31.2724713278321,-85.11191010475159
31.270417219715526,-85.11183500289917
31.26777615784928,-85.11202812194824
31.264346335228126,-85.11322975158691
31.262383760328376,-85.11257529258728
31.26033860380737,-85.1124894618988
31.259421478867242,-85.11226415634155
31.25899959840227,-85.11197447776794
31.258036603319777,-85.1116955280304
31.256330702199758,-85.11031150817871
31.254542224374678,-85.10913133621216
31.253120589625098,-85.10846614837646
31.250057123269954,-85.10740399360657
31.24687431492467,-85.1054835319519
31.24590202354896,-85.10510802268982
31.24386568275885,-85.10478615760803
31.241865990065815,-85.10424971580505
31.23779309053654,-85.10241508483887
31.235013510989553,-85.10088086128235
31.233169586368774,-85.09918570518494
31.23271089306276,-85.09893894195557
31.227353190354698,-85.09703993797302
31.225839400820487,-85.09678244590759
31.224839368980103,-85.09699702262878
31.220885011001453,-85.09845614433289
31.219875751608306,-85.09864926338196
31.217306679076568,-85.09883165359497
31.21307673256568,-85.098477602005
31.210929572344327,-85.09887456893921
31.21005784808361,-85.09946465492249
31.207185689195107,-85.10288715362549
31.2045061524212,-85.10565519332886
31.202689163065354,-85.10693192481995
31.2006427140724,-85.10713577270508
31.198642106794615,-85.10764002799988
31.195595229117476,-85.10812282562256
31.193649581199903,-85.10794043540955
31.191648826056564,-85.10743618011475
31.188069387936032,-85.10767221450806
31.187050600031306,-85.1076078414917
31.18561877146819,-85.10706067085266
31.185352595822323,-85.10658860206604
31.185306703393945,-85.10599851608276
31.185627949925383,-85.10428190231323
31.18534341733843,-85.10314464569092
31.184783528137835,-85.10213613510132
31.183314950565965,-85.1006019115448
31.180313474294255,-85.09859561920166
31.177752506467733,-85.09844541549683
31.172299892639884,-85.09933590888977
31.16923380690593,-85.09966850280762
31.166360408930725,-85.10048389434814
31.16591975233193,-85.10047316551208
31.16552499572158,-85.10022640228271
31.16434071602096,-85.09870290756226
31.160420552806148,-85.09240508079529
31.15958508722034,-85.08337140083313
31.15869452788067,-85.07992744445801
31.158079394377555,-85.07831811904907
31.157152096027726,-85.07690191268921
31.156665490293307,-85.07646203041077
31.155600457702963,-85.07607579231262
31.154728223821976,-85.07545351982117
31.152047202058327,-85.07266402244568
31.15001802215472,-85.07081866264343
31.14719913455008,-85.06942391395569
31.14562896862565,-85.06723523139954
31.14264466346559,-85.06415605545044
31.139439874258752,-85.06242871284485
31.137640002454585,-85.06186008453369
31.13172589745534,-85.06050825119019
31.13034833558044,-85.05970358848572
31.12863094709586,-85.05839467048645
31.12695944823659,-85.05753636360168
31.125214445482456,-85.05628108978271
31.124498066639088,-85.05601286888123
31.122468297212095,-85.0556480884552
31.120658918634074,-85.05452156066895
31.119657775560974,-85.05315899848938
31.119189347193664,-85.05085229873657
31.118922984934116,-85.05019783973694
31.116727764052236,-85.04721522331238
31.11433041463216,-85.04524111747742
31.113466986601278,-85.04412531852722
31.109774365351576,-85.03710865974426
31.108855780544243,-85.03604650497437
31.108405670744393,-85.03575682640076
31.10691753744183,-85.03538131713867
31.104354586527762,-85.03542423248291
31.096178402715793,-85.02977013587952
31.093210916999524,-85.02881526947021
31.089728826405576,-85.0280749797821
31.086356865087243,-85.0266695022583
31.08435384504262,-85.02612233161926
31.082828581283472,-85.02618670463562
31.076387287891293,-85.02843976020813
31.075367299836795,-85.02856850624084
31.074356490068222,-85.02847194671631
31.069293090313153,-85.02495288848877
31.066692364583382,-85.02225995063782
31.065387380000445,-85.02132654190063
31.05925738889681,-85.01810789108276
31.05810854601196,-85.01691699028015
31.055737290430407,-85.01302242279053
31.053365975750538,-85.01133799552917
31.051058942353443,-85.01108050346375
31.04856801880152,-85.0103509426117
31.046270061032768,-85.00903129577637
31.04424781230277,-85.00861287117004
31.042639174678868,-85.0085699558258
31.037013325347797,-85.00931024551392
31.033225801647745,-85.00950336456299
31.032214544112136,-85.00933170318604
31.024832038800643,-85.00510454177856
31.023324208946995,-85.0048577785492
31.02075,-85.004901
 31.019251,-85.004579
 31.017614,-85.00313
 31.015113,-85.000223
 31.013771,-84.999461
 31.012235,-84.999429
 31.008668,-84.999965
 31.005385,-85.001253
 31.002047,-85.002197
 31.000686,-85.002363
 31.000557,-85.058384
 31.000805,-85.086966
 31.000869,-85.13031
 31.000704,-85.146275
 31.000934,-85.154074
 31.000961,-85.163258
 31.000796,-85.207214
 31.000888,-85.243349
 31.000189,-85.27192
 30.99686,-85.502644
 30.996253,-85.566759
 30.995517,-85.682019
 30.995609,-85.684594
 30.995296,-85.749321
 30.994836,-85.750222
 30.994818,-85.751424
 30.993806,-85.868196
 30.993604,-85.875567
 30.992868,-85.997629
30.99340172452988,-86.05376243591309
30.9933741333947,-86.05633735656738
30.992868294501392,-86.06171250343323
30.992886688689975,-86.1214828491211
30.993383330440643,-86.13065600395203
30.9936868324597,-86.16362571716309
30.993558074145316,-86.16860389709473
30.993787999584775,-86.17097496986389
30.993668438425416,-86.17576003074646
30.994008727485188,-86.18136048316956
30.994119091243842,-86.22714042663574
30.99435821228284,-86.23872756958008
30.993852378608505,-86.257084608078
30.9936960294755,-86.2906551361084
30.994027121453843,-86.30583643913269
30.994036318436834,-86.31563186645508
30.994192667011994,-86.31802439689636
30.99454215113568,-86.36573553085327
30.994192667011994,-86.38712882995605
30.99443178786653,-86.39252543449402
30.99443178786653,-86.40472412109375
30.994073106359927,-86.41449809074402
30.993787999584775,-86.45424842834473
30.993935151575148,-86.45535349845886
30.993990333513008,-86.45954847335815
30.993346542251494,-86.4993953704834
30.9936960294755,-86.51277422904968
30.993502891957363,-86.51956558227539
30.99327296583064,-86.52058482170105
30.995195131198237,-86.56289935112
30.994983602935115,-86.56528115272522
30.995112359325077,-86.56768441200256
30.99489163397874,-86.59466743469238
30.994910027777102,-86.63363456726074
30.99467090812157,-86.64702415466309
30.99484564946728,-86.65139079093933
30.994615726577475,-86.65377259254456
30.99468930196252,-86.67757987976074
30.994505363393476,-86.68916702270508
30.99467090812157,-86.7037582397461
30.994532954201443,-86.70571088790894
30.994928421571938,-86.70678377151489
30.99524111554121,-86.71097874641418
30.99569176092881,-86.71330690383911
30.995912484423393,-86.71790957450867
30.996335536360178,-86.72025918960571
30.996547061624867,-86.72351002693176
30.996510274656,-86.72709345817566
30.996271159012615,-86.72826290130615
30.99656545510396,-86.7300009727478
30.996409110418508,-86.73300504684448
30.99672179953312,-86.73804759979248
30.99641830717181,-86.74164175987244
30.996307946073696,-86.74581527709961
30.99672179953312,-86.75627589225769
30.997393157991983,-86.8289852142334
30.997632270822216,-86.8857192993164
30.997761023636325,-86.88871264457703
30.997558697707543,-86.90348625183105
30.997687450620983,-86.92666053771973
30.99864389539309,-86.99738502502441
30.999020952715025,-87.0003354549408
30.999315240320634,-87.00475573539734
30.99936122267696,-87.02433586120605
30.99915890014323,-87.02732920646667
30.999177293118592,-87.03472137451172
30.999535955428815,-87.04010725021362
30.999195686090378,-87.04245686531067
30.999232472023337,-87.05231666564941
30.999103721195905,-87.0547091960907
30.99918648960493,-87.06390380859375
30.999379615613297,-87.06707954406738
30.99915890014323,-87.06823825836182
30.999140507164345,-87.06942915916443
30.999416401475305,-87.11883544921875
30.998809432937534,-87.12498307228088
30.999526758976184,-87.14139819145203
30.998193263955166,-87.19512820243835
30.997181634603937,-87.22448229789734
30.996399913664316,-87.23727107048035
30.99672179953312,-87.24145531654358
30.998165674206106,-87.25441575050354
30.99787138305291,-87.25658297538757
30.997880579665193,-87.25713014602661
30.99817487079003,-87.25754857063293
30.99822085369624,-87.25809574127197
30.99775182701249,-87.25974798202515
30.99732878135832,-87.25996255874634
30.997181634603937,-87.26029515266418
30.9975862876322,-87.26062774658203
30.997797810122712,-87.26108908653259
30.997770220259245,-87.26663589477539
30.998285229727692,-87.27580904960632
30.998441571337423,-87.30079650878906
30.9982024605364,-87.30434775352478
30.998413981660242,-87.311772108078
30.997862186439743,-87.31266260147095
30.997834596594906,-87.31325268745422
30.997852989825674,-87.33375549316406
30.99827603315444,-87.33852982521057
30.998266836580274,-87.34774589538574
30.997880579665193,-87.35511660575867
30.997834596594906,-87.36112475395203
30.99790816949673,-87.36790537834167
30.998322016011873,-87.37085580825806
30.99797254573927,-87.37528681755066
30.99806451172465,-87.41486549377441
30.99775182701249,-87.42524027824402
30.997742630387798,-87.43143081665039
30.99787138305291,-87.4570083618164
30.99790816949673,-87.45820999145508
30.99827603315444,-87.45991587638855
30.997898972887107,-87.46209383010864
30.99787138305291,-87.4789810180664
30.998128887861625,-87.48315453529358
30.99794495592635,-87.49794960021973
30.997669057358262,-87.50032067298889
30.997613877548854,-87.51254081726074
30.997457534582182,-87.51492261886597
30.997595484271976,-87.51611351966858
30.99790816949673,-87.54670143127441
30.997898972887107,-87.54790306091309
30.997512714482053,-87.54894375801086
30.997623074185988,-87.58523941040039
30.997457534582182,-87.5986397266388
30.99672179953312,-87.59878993034363
30.996473487672958,-87.59899377822876
30.995710154572855,-87.59868264198303
30.994744483464043,-87.5985324382782
30.99429383360054,-87.59827494621277
30.992831506113603,-87.59803891181946
30.990918490396282,-87.59725570678711
30.990228691664143,-87.596515417099
30.989759625677102,-87.59648323059082
30.989308952262096,-87.59675145149231
30.987303889629327,-87.59648323059082
30.985905839372798,-87.59485244750977
30.985455147752507,-87.59477734565735
30.98504124540954,-87.5950562953949
30.98459974759799,-87.59483098983765
30.983937497050217,-87.59366154670715
30.983505192129776,-87.59336113929749
30.981509205716968,-87.59286761283875
30.980570985697472,-87.59313583374023
30.980055880587944,-87.59229898452759
30.979117646279967,-87.59249210357666
30.97805982202727,-87.5929319858551
30.97776546884567,-87.59321093559265
30.976928397023848,-87.5934362411499
30.976505259023682,-87.59323239326477
30.976045324287146,-87.59345769882202
30.975594586095042,-87.5933825969696
30.975245032562274,-87.59300708770752
30.973819208839654,-87.59250283241272
30.972816520047505,-87.59265303611755
30.971933409269113,-87.5921380519867
30.970443141305307,-87.59175181388855
30.96926562917786,-87.59071111679077
30.967848915651825,-87.59027123451233
30.966146991737748,-87.5890052318573
30.965659407944976,-87.58885502815247
30.963653848426706,-87.58874773979187
30.96214505111747,-87.58909106254578
30.96118824047224,-87.58909106254578
30.959891010731404,-87.58994936943054
30.95894337786902,-87.58991718292236
30.958455757295482,-87.59015321731567
30.957186092046907,-87.59111881256104
30.95669846250205,-87.59129047393799
30.955152752398885,-87.59135484695435
30.95366222254019,-87.59093642234802
30.95318377592651,-87.59109735488892
30.952420096559244,-87.59181618690491
30.951453987408655,-87.59170889854431
30.9510859432577,-87.59273886680603
30.95007381453214,-87.5938868522644
30.94804952491567,-87.59392976760864
30.942169640534985,-87.59592533111572
30.939206557021137,-87.59780287742615
30.938258718990706,-87.59815692901611
30.937724980817855,-87.59975552558899
30.935737240027763,-87.60157942771912
30.932516276003163,-87.60306000709534
30.93157757463881,-87.60289907455444
30.931273875165452,-87.60333895683289
30.93070328566747,-87.60360717773438
30.930565239309647,-87.60383248329163
30.92725206693274,-87.60565638542175
30.92584393391227,-87.60623574256897
30.924702686710745,-87.60723352432251
30.921693042088823,-87.60770559310913
30.919815417659404,-87.60843515396118
30.91853603480428,-87.60940074920654
30.91656630400988,-87.60998010635376
30.91364845068579,-87.61206150054932
30.913169803789998,-87.61224389076233
30.910767328394225,-87.61231899261475
30.909368157842206,-87.61302709579468
30.908180687838897,-87.61408925056458
30.907729629480226,-87.61393904685974
30.907287774332953,-87.6140034198761
30.906873533279704,-87.6142930984497
30.906367236224238,-87.61434674263
30.905584771870533,-87.61503338813782
30.905142906821165,-87.61515140533447
30.904424871765272,-87.61447548866272
30.90400141266884,-87.61457204818726
30.903752859718,-87.61508703231812
30.903357014797173,-87.61531233787537
30.90265737791042,-87.61529088020325
30.90188408908625,-87.61555910110474
30.90144220695349,-87.61582732200623
30.90016257843833,-87.61726498603821
30.899932427609976,-87.61779069900513
30.899932427609976,-87.61835932731628
30.899177529009304,-87.61896014213562
30.899168322892073,-87.62001156806946
30.89840421207561,-87.62070894241333
30.89780580778058,-87.62159943580627
30.89740993826832,-87.62183547019958
30.896636607057484,-87.62198567390442
30.896434066898657,-87.62149214744568
30.895587076137918,-87.62092351913452
30.895172784450207,-87.62109518051147
30.894887382467008,-87.62210369110107
30.89442705489519,-87.62213587760925
30.892963198509115,-87.62186765670776
30.892097763453528,-87.62133121490479
30.8911402517254,-87.62104153633118
30.89022876532077,-87.62052655220032
30.88870960203536,-87.62051582336426
30.88823083043049,-87.62037634849548
30.887807299708157,-87.62058019638062
30.88745742509014,-87.6203441619873
30.88709834191644,-87.62058019638062
30.886877366986603,-87.62099862098694
30.88602108431829,-87.6211166381836
30.885634373507383,-87.62141704559326
30.885045096888703,-87.62222170829773
30.88450185429453,-87.62435674667358
30.884253250723937,-87.62457132339478
30.884032269230648,-87.62433528900146
30.88385732518695,-87.62447476387024
30.883765249246167,-87.62548327445984
30.883489020892764,-87.62581586837769
30.882199944712085,-87.6265025138855
30.88142649067778,-87.62767195701599
30.880653030399156,-87.6284122467041
30.88045045643717,-87.62895941734314
30.88005451518384,-87.62928128242493
30.879124507200068,-87.62959241867065
30.878212906455186,-87.62962460517883
30.87727367237407,-87.63004302978516
30.876260762556917,-87.63021469116211
30.87488871309402,-87.6309335231781
30.873590312625453,-87.6313304901123
30.872715493880065,-87.63193130493164
30.872024841861382,-87.6319420337677
30.870965832432855,-87.63290762901306
30.86895828679235,-87.6330578327179
30.86778873393992,-87.6341199874878
30.866398144655783,-87.6348602771759
30.86548642285223,-87.63458132743835
30.865293026203396,-87.63403415679932
30.864666786758708,-87.63349771499634
30.864583901819785,-87.63292908668518
30.86400370524079,-87.63225317001343
30.863653743701803,-87.63193130493164
30.863230104340165,-87.6318883895874
30.863018283957352,-87.63156652450562
30.86218941709136,-87.63140559196472
30.86226309443628,-87.63089060783386
30.862060481601514,-87.63040781021118
30.86120397716027,-87.62978553771973
30.860135638316542,-87.62855172157288
30.860135638316542,-87.62804746627808
30.859859341850676,-87.62772560119629
30.85899360776883,-87.62714624404907
30.857805513167015,-87.62669563293457
30.85757526057236,-87.62621283531189
30.855714799327295,-87.62573003768921
30.85521744218741,-87.62591242790222
30.854664820117975,-87.62515068054199
30.854176667974617,-87.62511849403381
30.853237198367026,-87.6254403591156
30.852435878782742,-87.62592315673828
30.850934537862145,-87.6261055469513
30.850510842307774,-87.62637376785278
30.850004247340536,-87.62640595436096
30.849645023833503,-87.62671709060669
30.84868708790471,-87.62692093849182
30.847738353469943,-87.6268994808197
30.847102788260678,-87.6262879371643
30.84670670926153,-87.62614846229553
30.84596060251938,-87.62530088424683
30.846154038157845,-87.62486100196838
30.845804011478794,-87.624431848526
30.845675053959326,-87.62365937232971
30.84349196107591,-87.62203931808472
30.84306823265034,-87.62109518051147
30.84268134854058,-87.62105226516724
30.841990480178907,-87.62022614479065
30.84181545940426,-87.61972188949585
30.841824671031926,-87.61896014213562
30.841354876892893,-87.61891722679138
30.841032467819556,-87.61855244636536
30.840277105177183,-87.61711478233337
30.839844150738053,-87.61711478233337
30.8386558189413,-87.61618137359619
30.83814916137532,-87.61621356010437
30.837891225586944,-87.6160204410553
30.837743833396637,-87.61559128761292
30.836362020603666,-87.61494755744934
30.8360027460187,-87.61518359184265
30.83555134783888,-87.61508703231812
30.834980187915797,-87.61564493179321
30.834510360269945,-87.61539816856384
30.834178715841194,-87.61504411697388
30.834132654024334,-87.61398196220398
30.833441724119112,-87.61239409446716
30.833340387314816,-87.61134266853333
30.832603389155988,-87.61055946350098
30.832594176643198,-87.610023021698
30.832806064213756,-87.6095187664032
30.832704726738356,-87.60892868041992
30.83205063682341,-87.60808110237122
30.831267565570414,-87.60655760765076
30.83098197328844,-87.60554909706116
30.83130441612555,-87.60523796081543
30.831359691931716,-87.60439038276672
30.83101882395321,-87.6040256023407
30.82921312474394,-87.60288834571838
30.828319475326797,-87.60304927825928
30.827269196306787,-87.60275959968567
30.82684539625587,-87.6031243801117
30.826016216832745,-87.60207295417786
30.825564771691763,-87.60212659835815
30.825380507758908,-87.60167598724365
30.824993552348932,-87.60141849517822
30.821427961259605,-87.60079622268677
30.82060794871865,-87.6001524925232
30.820138050736066,-87.59913325309753
30.818977116451652,-87.59794235229492
30.81835978853775,-87.59698748588562
30.81816629688231,-87.59593605995178
30.81777931240203,-87.59564638137817
30.817438396210907,-87.59411215782166
30.816664419825553,-87.59357571601868
30.816194502548775,-87.59283542633057
30.816028648843382,-87.59239554405212
30.815862794851597,-87.59028196334839
30.815282303625196,-87.58937001228333
30.815134876723363,-87.58879065513611
30.81511644834474,-87.58735299110413
30.814664951963735,-87.58726716041565
30.813854095992426,-87.58644104003906
30.813605309265423,-87.58487462997437
30.81327359262715,-87.58442401885986
30.813384164967186,-87.5839626789093
30.81324594952226,-87.58359789848328
30.812831301994304,-87.58339405059814
30.81261937034443,-87.58204221725464
30.81194671461961,-87.58119463920593
30.811504417877803,-87.58105516433716
30.811163479416237,-87.58018612861633
30.810822539744727,-87.58015394210815
30.810840968947076,-87.57966041564941
30.810076154078054,-87.57895231246948
30.809182326575947,-87.57840514183044
30.80881373549377,-87.5773537158966
30.808076549087364,-87.57660269737244
30.807072123505613,-87.57664561271667
30.80662980432321,-87.57640957832336
30.80618748310469,-87.575443983078
30.80533969507808,-87.57475733757019
30.80343214467094,-87.57418870925903
30.80306353153123,-87.57378101348877
30.802289439335773,-87.57233262062073
30.80135867736905,-87.57251501083374
30.801082211682182,-87.57217168807983
30.800298887917364,-87.57177472114563
30.80016065364909,-87.57125973701477
30.800437121986825,-87.57035851478577
30.800077712992675,-87.57003664970398
30.8003449659626,-87.56963968276978
30.800363397174504,-87.56917834281921
30.799957909695983,-87.56815910339355
30.79951555776838,-87.56790161132812
30.79864927934635,-87.56808400154114
30.798050252467295,-87.56733298301697
30.797948878318422,-87.56680727005005
30.7971655290176,-87.566077709198
30.79686140345109,-87.56558418273926
30.796299229416217,-87.56403923034668
30.794870739619004,-87.562655210495
30.794456012798747,-87.56256937980652
30.79319338902007,-87.56107807159424
30.79247451551895,-87.56111025810242
30.79230862087076,-87.56079912185669
30.79217037511192,-87.56023049354553
30.79138697872371,-87.55956530570984
30.791156566806524,-87.55906105041504
30.790428461518967,-87.55897521972656
30.790234913616175,-87.55730152130127
30.789903116304945,-87.55715131759644
30.78942385150074,-87.55737662315369
30.789119701443692,-87.55711913108826
30.78906440132995,-87.55673289299011
30.788658866190758,-87.55653977394104
30.788308629921456,-87.55613207817078
30.78794917558179,-87.5550377368927
30.787138094186524,-87.55441546440125
30.786990624106945,-87.5539219379425
30.787082792933184,-87.55334258079529
30.785866157313766,-87.55147576332092
30.785414523507356,-87.55138993263245
30.78494445341548,-87.55155086517334
30.78429003828525,-87.55078911781311
30.783331450337712,-87.55115389823914
30.782842935497023,-87.55113244056702
30.78117459252369,-87.55013465881348
30.78108241803519,-87.54937291145325
30.781331288951396,-87.54885792732239
30.78117459252369,-87.54839658737183
30.780750589145256,-87.54807472229004
30.780796676559532,-87.54727005958557
30.77991179434713,-87.54678726196289
30.77942326213808,-87.54554271697998
30.779045339293166,-87.5451672077179
30.778086699075573,-87.54478096961975
30.777635028739105,-87.54494190216064
30.77716492062644,-87.54589676856995
30.776611849317444,-87.54507064819336
30.776132518277706,-87.545006275177
30.77412298907991,-87.54538178443909
30.77215029115334,-87.54603624343872
30.771772339737623,-87.54573583602905
30.77168015624032,-87.54458785057068
30.771311421367862,-87.54429817199707
30.770315830154274,-87.5440514087677
30.766102890360617,-87.54063963890076
30.764692390096876,-87.53999590873718
30.763917989005552,-87.53924489021301
30.763005294006348,-87.53718495368958
30.762590429782165,-87.53688454627991
30.762074151806083,-87.53685235977173
30.761686941506856,-87.53660559654236
30.761391923090564,-87.53613352775574
30.758893449626626,-87.5355863571167
30.758423249953736,-87.53533959388733
30.755436045454154,-87.53522157669067
30.754652349914714,-87.53459930419922
30.75366580646106,-87.53430962562561
30.752679252899824,-87.53453493118286
30.75212604087243,-87.53528594970703
30.74989472010253,-87.53528594970703
30.74907409739497,-87.5346314907074
30.74848398236189,-87.53366589546204
30.74751581705355,-87.53335475921631
30.746658291081662,-87.5327217578888
30.74607738205333,-87.53177762031555
30.745653224041913,-87.53172397613525
30.7449616580615,-87.53253936767578
30.743449416485404,-87.53255009651184
30.74313590001684,-87.53227114677429
30.743255774081195,-87.53114461898804
30.742850045876818,-87.53005027770996
30.742536527457577,-87.52965331077576
30.741116460663818,-87.53010392189026
30.740932034869108,-87.52961039543152
30.740941256167226,-87.5284731388092
30.74067383816338,-87.52815127372742
30.74036031266186,-87.52606987953186
30.739087757504393,-87.5252115726471
30.73867279023199,-87.52412796020508
30.737953509392728,-87.52328038215637
30.737695304704793,-87.52278685569763
30.737418656057017,-87.52041578292847
30.736339718741096,-87.51922488212585
30.73593396141082,-87.51822710037231
30.73496566996899,-87.51785159111023
30.734264805331566,-87.51720786094666
30.734403134282175,-87.51559853553772
30.734191029810045,-87.51516938209534
30.733231942890573,-87.51486897468567
30.733093612258788,-87.51440763473511
30.733250386959824,-87.51269102096558
30.733582379602414,-87.5122618675232
30.73361926760322,-87.51184344291687
30.73318583270205,-87.51155376434326
30.732733951686885,-87.51051306724548
30.7320330708185,-87.51057744026184
30.731608850974535,-87.51041650772095
30.731009406707205,-87.509526014328
30.7295522804804,-87.5089681148529
30.72853781250525,-87.50898957252502
30.728132022325536,-87.5087320804596
30.727753898120483,-87.50764846801758
30.72696997736034,-87.50692963600159
30.726315168074006,-87.50522375106812
30.72585403210457,-87.50510573387146
30.725245329247215,-87.50595331192017
30.72490408505491,-87.50566363334656
30.72402791200177,-87.50350713729858
30.723612879881426,-87.50319600105286
30.722091080153827,-87.50290632247925
30.721353229214984,-87.50210165977478
30.72072605147724,-87.49929070472717
30.72096585521164,-87.49826073646545
30.7200435298918,-87.4979817867279
30.719951296874576,-87.49754190444946
30.7202095491005,-87.49706983566284
30.71969304395693,-87.49475240707397
30.719960520180262,-87.49370098114014
30.71975760725119,-87.49318599700928
30.719978966788997,-87.49279975891113
30.720375568023336,-87.49252080917358
30.720274112048905,-87.49208092689514
30.719314886650995,-87.49166250228882
30.71897362146765,-87.49125480651855
30.718918281053856,-87.49009609222412
30.718706142506683,-87.48955965042114
30.717857583650858,-87.48893737792969
30.71759932512561,-87.48847603797913
30.718244970141814,-87.48767137527466
30.71833720479124,-87.48713493347168
30.717045911671004,-87.4846351146698
30.716584731366027,-87.48451709747314
30.71607743048318,-87.48460292816162
30.71565314042269,-87.48436689376831
30.715468665901078,-87.48333692550659
30.716842992608537,-87.48258590698242
30.717193488902772,-87.4821674823761
30.717184265332413,-87.48164176940918
30.716852216211542,-87.48127698898315
30.716363364036237,-87.48113751411438
30.71471231667317,-87.47972130775452
30.713716140346197,-87.47836947441101
30.712812193663385,-87.47816562652588
30.712544697612337,-87.47978568077087
30.712129616064352,-87.48011827468872
30.71164073995026,-87.48023629188538
30.711151861358246,-87.4800968170166
30.70973133214396,-87.47935652732849
30.709519173387836,-87.47888445854187
30.709888144837684,-87.47721076011658
30.709297789840488,-87.4755585193634
30.7089472648514,-87.47518301010132
30.708504494623497,-87.47523665428162
30.70812629344447,-87.47556924819946
30.70687176184379,-87.47459292411804
30.706401308287415,-87.47462511062622
30.705921627789422,-87.47564435005188
30.705571090532565,-87.47598767280579
30.705257450854734,-87.47564435005188
30.70442722325643,-87.4726939201355
30.704630168440215,-87.47259736061096
30.705211327286708,-87.47276902198792
30.705598764572844,-87.47254371643066
30.70555264116799,-87.47200727462769
30.705128304808703,-87.47096657752991
30.705155978975966,-87.47036576271057
30.704980709115794,-87.46984004974365
30.70454714546209,-87.46957182884216
30.703191093372855,-87.4695611000061
30.702812871363715,-87.46919631958008
30.702351623004578,-87.46819853782654
30.70186269733652,-87.46796250343323
30.701373769191026,-87.46779084205627
30.70091251395252,-87.46787667274475
30.700515832683948,-87.46817708015442
30.700137600188206,-87.46788740158081
30.70019295137774,-87.46736168861389
30.700681885506423,-87.46637463569641
30.700478932017905,-87.46520519256592
30.70054350817419,-87.46345639228821
30.700220626960604,-87.46235132217407
30.69949183396427,-87.46091365814209
30.698255640852825,-87.45987296104431
30.69795120280571,-87.4587893486023
30.696973304399847,-87.45851039886475
30.696539704766035,-87.45822072029114
30.696576606938375,-87.45774865150452
30.697646763798225,-87.45647192001343
30.698034231459275,-87.45477676391602
30.69864310606923,-87.45383262634277
30.69863388072502,-87.4532961845398
30.698329443871128,-87.45283484458923
30.698218739322513,-87.45229840278625
30.698513951169968,-87.45190143585205
30.699454932906665,-87.45147228240967
30.69951028448777,-87.45120406150818
30.698929091302517,-87.45059251785278
30.698864514065864,-87.44948744773865
30.698061907661252,-87.44883298873901
30.69707478488389,-87.44876861572266
30.69665041124071,-87.44852185249329
30.69642899816436,-87.44800686836243
30.69571862778188,-87.4471914768219
30.694722255318684,-87.44398355484009
30.694150259072092,-87.44346857070923
30.692784834973214,-87.44266390800476
30.69041374858549,-87.44038939476013
30.689555714646637,-87.43763208389282
30.68835629958539,-87.43603348731995
30.68820867824025,-87.43425250053406
30.688347073257916,-87.43308305740356
30.687802718377306,-87.43210673332214
30.687682775363825,-87.43157029151917
30.688162546523618,-87.43056178092957
30.688153320177655,-87.43003606796265
30.687738133696264,-87.42990732192993
30.687239907561704,-87.43005752563477
30.686741678856052,-87.43000388145447
30.686437204492442,-87.42960691452026
30.68623422104993,-87.42822289466858
30.68587438571671,-87.42786884307861
30.684351990621767,-87.42758989334106
30.683992148273816,-87.42717146873474
30.683097149951887,-87.42660284042358
30.682884932638245,-87.42613077163696
30.68333704722309,-87.42509007453918
30.682211370249117,-87.42245078086853
30.681796158216436,-87.42215037345886
30.681288674418674,-87.4220860004425
30.680938047691455,-87.42175340652466
30.680938047691455,-87.42058396339417
30.680744279743433,-87.4201226234436
30.67945248348744,-87.41918921470642
30.67851130676311,-87.41892099380493
30.678289852083267,-87.41841673851013
30.67851130676311,-87.41744041442871
30.679258712558685,-87.4168074131012
30.678446715867288,-87.41535902023315
30.677634712348937,-87.41190433502197
30.676684290468486,-87.40976929664612
30.67562312877506,-87.40817070007324
30.675281709055696,-87.40681886672974
30.67497719855809,-87.40640044212341
30.674478906582262,-87.40638971328735
30.67267026966572,-87.4071729183197
30.67158138008966,-87.40709781646729
30.671156894387675,-87.40613222122192
30.670732406820527,-87.40586400032043
30.66920977302944,-87.40593910217285
30.668286952992318,-87.40545630455017
30.66778862650739,-87.40541338920593
30.66669968191071,-87.40579962730408
30.6664320580549,-87.40559577941895
30.66584143726737,-87.40348219871521
30.66502009923393,-87.40278482437134
30.66452175590064,-87.40265607833862
30.66361734847228,-87.4031388759613
30.662611415981715,-87.4032461643219
30.66133783505606,-87.40233421325684
30.660830243777774,-87.4022376537323
30.66032264983363,-87.40232348442078
30.659455,-87.402892
 30.657978,-87.403278
 30.65712,-87.40272
 30.656769,-87.401749
 30.656308,-87.4011
 30.656456,-87.400671
 30.656769,-87.400564
 30.657065,-87.400489
 30.657231,-87.400199
 30.657037,-87.399867
 30.656511,-87.399856
 30.656013,-87.399781
 30.655837,-87.399641
 30.656243,-87.39888
 30.656151,-87.398354
 30.654665,-87.396712
 30.654176,-87.396551
 30.652127,-87.396508
 30.650309,-87.395908
 30.648315,-87.396959
 30.647853,-87.396766
 30.645684,-87.394438
 30.645297,-87.39447
 30.6449,-87.395457
 30.644457,-87.395715
 30.643958,-87.395629
 30.643026,-87.395124
 30.641854,-87.394073
 30.641346,-87.394052
 30.640349,-87.394331
 30.638826,-87.394245
 30.637552,-87.394384
 30.636177,-87.395146
 30.635669,-87.395167
 30.63385,-87.394148
 30.633453,-87.394266
 30.633213,-87.395393
 30.632816,-87.395597
 30.631773,-87.394352
 30.631672,-87.393773
 30.631376,-87.393429
 30.630351,-87.393408
 30.629345,-87.393665
 30.627111,-87.393397
 30.625643,-87.393912
 30.624295,-87.394642
 30.624249,-87.395757
 30.623907,-87.395951
 30.623335,-87.395135
 30.622836,-87.395232
 30.621849,-87.395114
 30.62038,-87.395414
 30.620094,-87.395854
 30.618645,-87.395843
 30.616863,-87.396433
 30.616512,-87.396305
 30.616346,-87.396026
 30.616133,-87.394931
 30.61569,-87.394717
 30.615182,-87.394706
 30.614167,-87.394942
 30.611156,-87.396401
 30.60919,-87.396616
 30.60871,-87.396809
 30.60653,-87.398365
 30.605542,-87.398665
 30.605533,-87.399116
 30.606096,-87.400103
 30.60605,-87.400671
 30.605579,-87.401701
 30.605478,-87.402892
 30.605228,-87.403386
 30.604757,-87.403557
 30.603742,-87.403375
 30.603308,-87.403654
 30.603049,-87.404137
 30.603012,-87.404727
 30.603363,-87.405778
 30.60304,-87.4061
 30.601581,-87.405735
 30.601534,-87.406111
 30.601719,-87.406615
 30.601516,-87.407076
 30.600722,-87.407581
 30.600242,-87.407516
 30.5999,-87.407055
 30.600048,-87.405832
 30.598764,-87.40536
 30.598256,-87.406175
 30.597536,-87.405521
 30.597166,-87.405789
 30.596206,-87.407109
 30.593186,-87.406873
 30.592281,-87.407141
 30.591284,-87.407774
 30.589279,-87.40772
 30.588845,-87.408042
 30.588411,-87.40801
 30.588143,-87.407548
 30.587737,-87.407398
 30.585825,-87.409297
 30.584126,-87.408128
 30.583682,-87.408149
 30.5831,-87.409061
 30.582103,-87.409276
 30.580209,-87.410982
 30.57972,-87.410896
 30.579618,-87.410499
 30.579831,-87.410048
 30.57947,-87.409844
 30.578233,-87.410735
 30.577974,-87.411754
 30.57694,-87.41154
 30.576459,-87.4117
 30.576422,-87.41202
 30.576903,-87.412136
 30.577124,-87.412468
 30.576644,-87.412594
 30.576422,-87.412462
 30.575582,-87.411829
 30.575092,-87.411786
 30.574076,-87.412012
 30.573642,-87.412301
 30.573014,-87.413224
 30.573143,-87.413675
 30.57354,-87.413986
 30.573272,-87.414265
 30.572774,-87.414426
 30.57258,-87.41479
 30.572727,-87.415338
 30.572552,-87.415874
 30.572109,-87.416292
 30.571129,-87.416207
 30.570603,-87.416496
 30.570631,-87.417086
 30.570076,-87.417086
 30.569836,-87.41773
 30.570159,-87.418124
 30.570132,-87.418519
 30.569263,-87.41802
 30.568903,-87.417612
 30.568044,-87.417237
 30.567952,-87.416722
 30.567019,-87.416732
 30.566215,-87.416196
 30.565587,-87.417033
 30.564728,-87.417387
 30.564529,-87.41758
 30.564737,-87.417773
 30.565129,-87.418267
 30.56479,-87.418385
 30.564266,-87.418116
 30.563728,-87.418063
 30.563042,-87.418267
 30.562372,-87.417966
 30.562085,-87.41832
 30.561457,-87.419039
 30.561291,-87.419624
 30.560644,-87.420509
 30.560607,-87.421024
 30.560931,-87.421442
 30.560746,-87.421743
 30.5603,-87.421799
 30.560113,-87.422027
 30.56024,-87.422191
 30.560811,-87.422268
 30.561429,-87.423062
 30.560949,-87.423255
 30.560866,-87.423451
 30.561005,-87.423926
 30.560764,-87.423996
 30.560284,-87.423931
 30.559822,-87.424146
 30.55973,-87.424597
 30.560118,-87.424897
 30.560256,-87.425294
 30.559797,-87.425664
 30.5593,-87.42582
 30.55897,-87.426319
 30.558602,-87.426431
 30.557605,-87.426345
 30.557383,-87.425905
 30.557013,-87.425669
 30.556228,-87.426324
 30.556441,-87.426635
 30.556782,-87.426941
 30.556274,-87.427118
 30.555683,-87.427268
 30.55535,-87.427043
 30.554833,-87.427118
 30.553429,-87.427794
 30.551913,-87.429328
 30.550943,-87.430648
 30.550066,-87.431184
 30.549696,-87.432289
 30.549456,-87.434671
 30.549142,-87.435046
 30.548144,-87.434918
 30.547257,-87.435347
 30.54637,-87.435218
 30.546213,-87.435712
 30.545825,-87.436033
 30.544947,-87.436323
 30.544577,-87.436624
 30.543782,-87.436624
 30.544092,-87.436377
 30.543995,-87.435658
 30.543681,-87.435336
 30.542988,-87.435347
 30.54272,-87.435669
 30.542923,-87.436173
 30.542803,-87.436656
 30.542018,-87.437332
 30.54174,-87.437128
 30.54162,-87.436559
 30.541241,-87.436495
 30.540317,-87.43687
 30.540096,-87.437932
 30.54028,-87.438394
 30.53955,-87.439123
 30.539467,-87.439553
 30.540107,-87.439614
 30.540267,-87.439805
 30.539181,-87.440486
 30.538728,-87.440486
 30.538525,-87.440218
 30.53837,-87.439888
 30.538104,-87.439901
 30.537832,-87.440486
 30.537407,-87.441505
 30.536982,-87.441409
 30.536658,-87.440958
 30.536215,-87.440754
 30.53518,-87.440711
 30.533008,-87.44025
 30.531917,-87.440625
 30.531566,-87.440486
 30.531317,-87.440228
 30.53104,-87.43937
 30.530633,-87.439016
 30.530263,-87.439123
 30.52982,-87.440561
 30.529801,-87.441741
 30.53018,-87.44202
 30.53115,-87.442117
 30.53164,-87.443125
 30.531539,-87.443705
 30.531178,-87.444059
 30.530688,-87.444198
 30.530236,-87.444059
 30.530051,-87.442954
 30.529755,-87.442675
 30.528387,-87.443522
 30.527999,-87.443876
 30.527934,-87.444327
 30.528812,-87.444681
 30.528785,-87.445174
 30.528406,-87.445561
 30.527445,-87.445947
 30.527214,-87.446387
 30.527251,-87.447524
 30.526853,-87.447846
 30.525347,-87.448179
 30.524968,-87.447889
 30.52494,-87.447309
 30.525245,-87.446977
 30.526215,-87.447202
 30.526437,-87.446773
 30.526382,-87.446162
 30.526178,-87.445636
 30.5258,-87.44526
 30.52482,-87.444917
 30.523951,-87.443876
 30.5236,-87.443984
 30.523794,-87.44511
 30.523545,-87.445614
 30.522574,-87.446998
 30.522112,-87.447224
 30.521123,-87.447031
 30.519811,-87.446086
 30.517814,-87.445529
 30.517324,-87.445529
 30.516945,-87.445807
 30.516973,-87.446376
 30.516742,-87.44688
 30.516317,-87.447159
 30.514977,-87.447202
 30.514649,-87.446778
 30.515097,-87.446097
 30.515374,-87.445689
 30.515476,-87.44511
 30.515273,-87.444617
 30.514986,-87.444456
 30.514108,-87.444649
 30.513775,-87.445046
 30.51371,-87.446816
 30.513932,-87.447342
 30.514921,-87.448415
 30.515282,-87.44908
 30.515143,-87.449841
 30.514579,-87.450271
 30.514321,-87.449348
 30.51372,-87.448382
 30.512795,-87.447953
 30.511243,-87.447889
 30.510281,-87.447535
 30.508109,-87.445046
 30.507647,-87.444788
 30.506861,-87.443308
 30.506602,-87.439767
 30.506325,-87.439306
 30.504892,-87.43789
 30.502581,-87.436548
 30.501491,-87.435315
 30.499734,-87.434081
 30.499383,-87.433652
 30.498948,-87.431935
 30.498671,-87.431431
 30.497839,-87.430776
 30.496822,-87.430519
 30.494835,-87.431678
 30.493818,-87.43186
 30.493309,-87.431763
 30.492348,-87.431377
 30.491016,-87.430487
 30.489648,-87.428577
 30.48865,-87.428373
 30.48816,-87.428545
 30.487429,-87.429135
 30.487494,-87.430004
 30.488113,-87.431635
 30.488187,-87.432235
 30.488086,-87.433394
 30.487734,-87.433813
 30.487272,-87.434038
 30.485293,-87.433105
 30.484295,-87.432922
 30.482076,-87.434274
 30.481891,-87.434789
 30.481521,-87.435186
 30.48056,-87.435551
 30.480079,-87.435379
 30.479237,-87.434703
 30.477693,-87.431635
 30.476454,-87.43053
 30.474947,-87.430176
 30.472358,-87.430133
 30.470869,-87.429682
 30.467642,-87.427171
 30.465469,-87.424918
 30.463,-87.42185
 30.461899,-87.419146
 30.461381,-87.418299
 30.460771,-87.417569
 30.459125,-87.416174
 30.458274,-87.415681
 30.457257,-87.41449
 30.456896,-87.412773
 30.456776,-87.409179
 30.456452,-87.408042
 30.456184,-87.407548
 30.454963,-87.40625
 30.452845,-87.404555
 30.45094,-87.399641
 30.450597,-87.397302
 30.451578,-87.392989
 30.451569,-87.391788
 30.451189,-87.39006
 30.450431,-87.38785
 30.45008,-87.381252
 30.449654,-87.378935
 30.448729,-87.37563
 30.447009,-87.371156
 30.446741,-87.370663
 30.444733,-87.368774
 30.440849,-87.36709
 30.439369,-87.366832
 30.436769,-87.366607
 30.434799,-87.367326
 30.432172,-87.369204
 30.43071,-87.370899
 30.428277,-87.374986
 30.425419,-87.378377
 30.422856,-87.382143
 30.421181,-87.385093
 30.420441,-87.386606
 30.418174,-87.394352
 30.417425,-87.395929
 30.41526,-87.398654
 30.413641,-87.400156
 30.412734,-87.400682
 30.411476,-87.401723
 30.41031,-87.403182
 30.409283,-87.405907
 30.40894,-87.407624
 30.408802,-87.409405
 30.409033,-87.413589
 30.409968,-87.417623
 30.41019,-87.419211
 30.410069,-87.422805
 30.409181,-87.426184
 30.408274,-87.427611
 30.406276,-87.429725
 30.40498,-87.430733
 30.403139,-87.431806
 30.401362,-87.432643
 30.398993,-87.433448
 30.397596,-87.434231
 30.397253,-87.434649
 30.396254,-87.436742
 30.39556,-87.437621
 30.393505,-87.439445
 30.391534,-87.440636
 30.390026,-87.441044
 30.388489,-87.44114
 30.387453,-87.441022
 30.384954,-87.440293
 30.381567,-87.43848
 30.380585,-87.438812
 30.376291,-87.441849
 30.375485,-87.44261
 30.374967,-87.443554
 30.374153,-87.444273
 30.370256,-87.44923
 30.366923,-87.451419
 30.365414,-87.451826
 30.363878,-87.451794
 30.361998,-87.452052
 30.358897,-87.451944
 30.353555,-87.451226
 30.347352,-87.450839
 30.346843,-87.450818
 30.34551,-87.45114
 30.343806,-87.452631
 30.341556,-87.455024
 30.336741,-87.459551
 30.335315,-87.461075
 30.334083,-87.462866
 30.333445,-87.464508
 30.331778,-87.472039
 30.33112,-87.480129
 30.331092,-87.489946
 30.330815,-87.492328
 30.329574,-87.497853
 30.32887,-87.500063
 30.327722,-87.502048
 30.326981,-87.502842
 30.323795,-87.504762
 30.319239,-87.505943
 30.314061,-87.505867
 30.311477,-87.505631
 30.309495,-87.504977
 30.307772,-87.503657
 30.307263,-87.502649
 30.306596,-87.500374
 30.306198,-87.499591
 30.306272,-87.498422
 30.306142,-87.497842
 30.305123,-87.495235
 30.304947,-87.494173
 30.304827,-87.488208
 30.305068,-87.487049
 30.305105,-87.485858
 30.304845,-87.483734
 30.306364,-87.481352
 30.306744,-87.480419
 30.306911,-87.478048
 30.307856,-87.475945
 30.307976,-87.475365
 30.307902,-87.470924
 30.308171,-87.468563
 30.307837,-87.467448
 30.307606,-87.46513
 30.307846,-87.462748
 30.308393,-87.45939
 30.309301,-87.457255
 30.310134,-87.455753
 30.310412,-87.452835
 30.311042,-87.450807
 30.31107,-87.450249
 30.310699,-87.450163
 30.300529,-87.452309
 30.300149,-87.452588
 30.288162,-87.498969
 30.28793,-87.500117
 30.288078,-87.501297
 30.287995,-87.501898
 30.286142,-87.508764
 30.285632,-87.511715
 30.284724,-87.514515
 30.283965,-87.518077
 30.28365,-87.518377
 30.249874,-87.518463
 30.230256, -87.518389