36.9939840475799,-114.05049920082092
36.99974226971219,-114.0505850315094
37.00025637548429,-114.05039191246033
37.00041917492078,-114.04978036880493
37.00052199543792,-114.02804374694824
37.000436311683295,-114.00049209594727
36.99997361773983,-113.96519422531128
36.99998218617178,-113.00533890724182
37.00014498619534,-112.99954533576965
37.00053056380806,-112.87568092346191
37.000487721947636,-112.75105476379395
37.000599110734505,-112.63180375099182
37.00075334109306,-112.61080741882324
37.00065908924446,-112.53870964050293
37.00089043448246,-112.53012657165527
37.00091613946546,-112.52094268798828
37.00123316687449,-112.12643265724182
37.00109607410306,-112.11822509765625
37.00095898108445,-111.9997787475586
37.00125887174159,-111.86176300048828
37.00139596421948,-111.62744522094727
37.00165301194922,-111.61466717720032
37.0016872849142,-111.52496337890625
37.001481646892614,-111.4083194732666
37.001601602472796,-111.4060127735138
37.00089900281109,-111.31502151489258
37.00089900281109,-111.31344437599182
37.001173188817425,-111.31192088127136
37.00076190943713,-111.30532264709473
37.00045344844193,-111.27828598022461
37.00095041276259,-111.26430630683899
37.001070369180916,-111.25571250915527
37.00077904612241,-111.13306045532227
37.00089900281109,-111.12447738647461
37.00223565025256,-111.08273148536682
37.00244128623475,-111.05735778808594
37.002304195641756,-110.99942207336426
37.00371793051217,-110.6258761882782
37.00348659387778,-110.62552213668823
37.00341804955464,-110.62499642372131
37.003452321723934,-110.59833526611328
37.003726498522134,-110.56915283203125
37.003983538372424,-110.50924301147461
37.00424057735364,-110.50045609474182
37.00357227419481,-110.49107909202576
37.00002502831703,-110.47848343849182
36.99990507024947,-110.47692775726318
36.99813995108942,-110.47070503234863
36.99800285274075,-110.46953558921814
36.99860265619121,-110.02644538879395
36.99849983307858,-110.00146865844727
36.99842271565286,-110.00093221664429
36.99807140194598,-110.0006639957428
36.997968578114964,-110.000159740448
36.99790002881704,-109.97468948364258
36.99817422563797,-109.96173977851868
36.99819136290643,-109.9453353881836
36.998482695879616,-109.93856549263
36.998337029532564,-109.90679740905762
36.99849983307858,-109.87521171569824
36.99834559814893,-109.86225128173828
36.998157088365616,-109.75118637084961
36.99844842147012,-109.7433865070343
36.99831132367764,-109.62432861328125
36.999099632608775,-109.49790000915527
36.999116769668696,-109.37524795532227
36.99930527707283,-109.3630599975586
36.999339551096085,-109.19208526611328
36.99920245491033,-109.18608784675598
36.99939096210201,-109.12496566772461
36.99908249554502,-109.04565811157227
36.999073927011686,-109.04522895812988
36.99883400768239,-109.04521822929382
36.64170233875275,-109.04555082321167
36.57997090494439,-109.04545426368713
36.537915659110226,-109.04556155204773
36.52460488869255,-109.04538989067078
36.50839438136264,-109.04554009437561
36.501150291187244,-109.0454113483429
36.480449155951945,-109.04566884040833
36.376713676064504,-109.04594779014587
36.37526245156991,-109.04594779014587
36.37437269935403,-109.04563665390015
36.33317380788362,-109.0458083152771
36.255901744742864,-109.0457546710968
36.24704204661376,-109.04601216316223
36.188866696610035,-109.04590487480164
36.181462922211985,-109.04618382453918
36.12629794499938,-109.04594779014587
36.11742357344027,-109.04573321342468
36.03362230229954,-109.04576539993286
35.99113262203249,-109.04611945152283
35.92095200393484,-109.04601216316223
35.91950101065006,-109.04616236686707
35.91658156625969,-109.04616236686707
35.87500255172049,-109.04601216316223
35.776043045943254,-109.04633402824402
35.73292720472915,-109.046151638031
35.62631740982298,-109.04643058776855
35.61494473644563,-109.0462052822113
35.61348814994755,-109.0463125705719
35.54787066533269,-109.04650568962097
35.38534134016917,-109.04678463935852
35.36091612514103,-109.04678463935852
35.252838732275784,-109.04609799385071
35.124682384749455,-109.0462589263916
34.96784294309083,-109.04584050178528
34.876627987602006,-109.04600143432617
34.87417225478222,-109.04611945152283
34.82859146097599,-109.04607653617859
34.814155656354004,-109.04562592506409
34.80005210160911,-109.04609799385071
34.78546150094205,-109.04536843299866
34.77151167170741,-109.04606580734253
34.76643521684171,-109.04609799385071
34.68418139385459,-109.04601216316223
34.625015343136866,-109.04619455337524
34.51893340951202,-109.04617309570312
34.40875080575131,-109.04637694358826
34.380066765839025,-109.04655933380127
34.29778472564808,-109.04652714729309
34.28373520950235,-109.04633402824402
34.27863780119303,-109.04654860496521
34.25402405201247,-109.0466558933258
34.21208607303596,-109.0467631816864
34.1883048486355,-109.0466558933258
34.0705779334858,-109.04695630073547
34.04128062212255,-109.0468168258667
33.99987736367302,-109.04700994491577
33.875261449340535,-109.04643058776855
33.84489878465263,-109.046870470047
33.749464192325775,-109.04697775840759
33.74032885072382,-109.04714941978455
33.6256262139883,-109.04666662216187
33.61747836818582,-109.04684901237488
33.46946833229071,-109.04682755470276
33.46180698328055,-109.04731035232544
33.455648772673705,-109.04731035232544
33.44296398700443,-109.04693484306335
33.43932023702932,-109.04729962348938
33.4118036427173,-109.04710650444031
33.40930495839814,-109.04728889465332
33.375095312928956,-109.04657006263733
33.372102784383955,-109.04691338539124
33.36910119275577,-109.04704213142395
33.36343820655647,-109.04682755470276
33.31855138784689,-109.04695630073547
33.312526476209484,-109.04712796211243
33.2793102653524,-109.04706358909607
33.26595385688613,-109.04712796211243
33.25024468093892,-109.04747128486633
33.240554003624794,-109.04711723327637
33.182746556230526,-109.0473210811615
33.153648873205825,-109.04708504676819
33.107647665064775,-109.04720306396484
33.09590990537912,-109.04706358909607
33.09240445113745,-109.04689192771912
33.06780841193064,-109.04748201370239
33.06111882597753,-109.04751420021057
33.04320549616555,-109.04733180999756
33.00031381345156,-109.04738545417786
32.992107322387454,-109.04710650444031
32.77839880576726,-109.04711723327637
32.750683540558846,-109.04751420021057
32.68748902049028,-109.04764294624329
32.682793454782086,-109.04778242111206
32.656069180670755,-109.04769659042358
32.500206934903396,-109.04791116714478
32.413733311829795,-109.04762148857117
32.07413831085822,-109.04830813407898
32.02808886243169,-109.0487265586853
31.99963284222856,-109.04846906661987
31.872136618512265,-109.04869437217712
31.871662833120375,-109.0487265586853
31.87160816541839,-109.04898405075073
31.869102527604863,-109.04905915260315
31.79748541066221,-109.04918789863586
31.79647323968844,-109.04929518699646
31.761669703141127,-109.04898405075073
31.700485553109214,-109.04903769493103
31.673471380960784,-109.04920935630798
31.625860209381443,-109.0491235256195
31.574148054073277,-109.04941320419312
31.545039923640818,-109.04930591583252
31.52279131488874,-109.04970288276672
31.499741545329147,-109.04981017112732
31.48050161297428,-109.05017495155334
31.441478973924806,-109.04993891716003
31.37738217500689,-109.05011057853699
31.332433390431834,-109.05003547668457
31.332543360672314,-109.05081868171692
31.332708315792125,-109.1307806968689
31.33395463401812,-109.27096366882324
31.333808009201004,-109.27371025085449
31.33397296210419,-109.28083419799805
31.33396379806056,-109.30072546005249
31.33382633731683,-109.30666923522949
31.334046274414007,-109.33735370635986
31.33391797783644,-109.36851024627686
31.33405543844812,-109.37632083892822
31.3338813216393,-109.39091205596924
31.33409209457566,-109.43610191345215
31.33399129018671,-109.48586225509644
31.33414707874465,-109.49487447738647
31.33389964973966,-109.50077533721924
31.33409209457566,-109.62241888046265
31.33389964973966,-109.72050189971924
31.334064602481043,-109.87664937973022
31.33338646158045,-109.9861478805542
31.333157358817914,-110.00024557113647
31.33397296210419,-110.14064311981201
31.33373469670795,-110.15967607498169
31.333661384156613,-110.21929621696472
31.333276492325115,-110.26610612869263
31.332882434771147,-110.37431716918945
31.332836614018763,-110.44559955596924
31.33301073276042,-110.49922227859497
31.33307488168991,-110.68236351013184
31.333661384156613,-110.74843168258667
31.333661384156613,-110.79817056655884
31.33272664412093,-110.96087336540222
31.332185956918686,-111.00032329559326
31.332231777990522,-111.07488870620728
31.348964140745856,-111.12548589706421
31.349972019370238,-111.12949848175049
31.35404007421585,-111.14155769348145
31.359537166037075,-111.15936756134033
31.39989429587086,-111.28422975540161
31.421448850331107,-111.35216474533081
31.42333486711952,-111.35727167129517
31.423408109724857,-111.35802268981934
31.426319456957195,-111.36744260787964
31.46353645055621,-111.48344278335571
31.46878920810678,-111.50052309036255
31.469928486834057,-111.50331795215607
31.471973663256154,-111.5095567703247
31.47411487390733,-111.51676654815674
31.488187082037054,-111.560218334198
31.48939474120091,-111.56485319137573
31.50008001560415,-111.5981125831604
31.501104566806333,-111.60191059112549
31.503519535931368,-111.60948514938354
31.50880663688748,-111.62570714950562
31.50924569064639,-111.6275954246521
31.519014103282178,-111.65823698043823
31.51963602756002,-111.6606616973877
31.544582751169994,-111.73831701278687
31.549227519268268,-111.75374507904053
31.57902899294629,-111.84796571731567
31.5876020083726,-111.87558174133301
31.62066196447383,-111.97922229766846
31.625293806635298,-111.9946825504303
31.66244069268207,-112.11298942565918
31.67462185743814,-112.15129137039185
31.704164130719356,-112.24587678909302
31.70750484650857,-112.25720643997192
31.74108786846979,-112.36475229263306
31.744039489676098,-112.37599074840546
31.74809496415068,-112.3880124092102
31.748916073469054,-112.39084482192993
31.750138600518298,-112.39408493041992
31.75256536011889,-112.40189552307129
31.78290360719785,-112.50079393386841
31.7840344859792,-112.50405550003052
31.819905345996883,-112.62061357498169
31.82491922693013,-112.63735055923462
31.85937089546911,-112.74963855743408
31.85995409337454,-112.7511191368103
31.867025074417086,-112.77388572692871
31.89585010852556,-112.86812782287598
31.933316448166554,-112.99429893493652
31.97276982580381,-113.12602758407593
31.99988760282659,-113.2111930847168
32.00009383707759,-113.21135759353638
32.00005303140617,-113.21163004094905
32.00017875692905,-113.21157932281494
32.00241697321941,-113.21816682815552
32.01237000498053,-113.25071811676025
32.02299508363007,-113.28365564346313
32.028852904820724,-113.30260276794434
32.033527977756584,-113.31706523895264
32.039476071833995,-113.3366346359253
32.08882851718792,-113.4926962852478
32.09168265212613,-113.5022234916687
32.12530746244499,-113.60957622528076
32.13014114656531,-113.62590551376343
32.169019360983896,-113.75091791152954
32.17879080817157,-113.78078699111938
32.18026188320707,-113.78610849380493
32.20305142839306,-113.85908603668213
32.20797176821007,-113.87562990188599
32.21866487301469,-113.90966176986694
32.233168450038605,-113.9572548866272
32.24469342189255,-113.99390459060669
32.30702994750121,-114.19595003128052
32.30904301495664,-114.20292377471924
32.31825540154092,-114.23232078552246
32.320649017927394,-114.24058198928833
32.32409426377854,-114.25122499465942
32.33234418811993,-114.27871227264404
32.33488247512881,-114.28667306900024
32.33587963983595,-114.29036378860474
32.3461044766626,-114.32349443435669
32.356853812547676,-114.35935020446777
32.36439389954578,-114.3834900856018
32.36511887477482,-114.38660144805908
32.368181830946675,-114.39692258834839
32.375521628983726,-114.42007541656494
32.39842521438051,-114.49530601501465
32.418461086924516,-114.56261873245239
32.439905047339536,-114.63231325149536
32.47595345079116,-114.75193977355957
32.48076846843066,-114.7680115699768
32.480797430160834,-114.76819610595703
32.480858973814684,-114.7683334350586
32.48502212309575,-114.78245258331299
32.487538019947245,-114.790198802948
32.49427448513983,-114.81363916397095
32.49518181213305,-114.81395602226257
32.496189272211055,-114.81387734413147
32.496583807395474,-114.8140640258789
32.49711226465316,-114.81405973434448
32.498668661833136,-114.81341600418091
32.50007120598264,-114.81230020523071
32.50170898792407,-114.81341600418091
32.50424251448445,-114.81371641159058
32.505889268473574,-114.81502532958984
32.50705193100889,-114.81659710407257
32.507747108560245,-114.81660604476929
32.50865791873654,-114.81560468673706
32.509037922902955,-114.81442451477051
32.509128399848706,-114.81280446052551
32.50883887330183,-114.81139898300171
32.50836839067456,-114.8101544380188
32.50845886829407,-114.80854511260986
32.50873030060635,-114.80766534805298
32.509987926291984,-114.80524063110352
32.51040109923567,-114.8040246963501
32.511716001955655,-114.80283737182617
32.513181673603206,-114.8021936416626
32.51437590690509,-114.80206489562988
32.51517205362706,-114.8021936416626
32.51562641702745,-114.80249881744385
32.51635540413106,-114.80359268188477
32.51654719953504,-114.80414628982544
32.51689098272465,-114.8076331615448
32.51763282617975,-114.80978965759277
32.51834821913117,-114.81036901473999
32.51896399333059,-114.81035368783134
32.51940598816495,-114.81009006500244
32.520292556034704,-114.80997204780579
32.52185842078288,-114.81052507053722
32.522481798422874,-114.81096982955933
32.52355604558078,-114.81288224458694
32.52391110971333,-114.81330871582031
32.52418163382075,-114.81335571834019
32.52452172627512,-114.81331408023834
32.525340398267936,-114.81275081634521
32.52596758944299,-114.81173515319824
32.52649828624911,-114.81120586395264
32.52768200451573,-114.81058665684291
32.52885020027064,-114.80878114700317
32.52999488579465,-114.80783505873246
32.53124275731605,-114.80635106563568
32.53286188075067,-114.80550348758698
32.533770928881616,-114.80483293533325
32.53532669139851,-114.80273008346558
32.536321641670625,-114.8021936416626
32.538351862644205,-114.8019394507775
32.539635651070796,-114.80206060409546
32.54018877804385,-114.80249166488647
32.541006804784566,-114.80369567871094
32.54134446475438,-114.80451822280884
32.54169418266988,-114.80483293533325
32.54301465700507,-114.80528354644775
32.5435030467022,-114.80526208877563
32.545127375544254,-114.80593156814575
32.546469504824344,-114.80581998825073
32.54744624397533,-114.80483293533325
32.54795269712915,-114.80408191680908
32.55024978806356,-114.79734420776367
32.55097326909858,-114.7955846786499
32.55162439704431,-114.7946834564209
32.55236595367393,-114.79371786117554
32.5530894176521,-114.79318141937256
32.55397565307689,-114.79285955429077
32.555223602411544,-114.79195833206177
32.55698697949135,-114.79152917861938
32.5587141511461,-114.79152917861938
32.562063905299524,-114.79297637939453
32.56352473672548,-114.79291319847107
32.56549591721938,-114.79230165481567
32.56770214126662,-114.7920548915863
32.56889203302598,-114.79218578338623
32.569420065041896,-114.79292392730713
32.56933266269679,-114.79388236999512
32.56869974662187,-114.79473352432251
32.56831698092693,-114.79494094848633
32.56660908258284,-114.79525089263916
32.564495262201,-114.79757308959961
32.56303645596895,-114.80112075805664
32.560703522325156,-114.80360984802246
32.55978118299037,-114.8050045967102
32.55885581994708,-114.80685710906982
32.55847904073023,-114.80917811393738
32.55867345900347,-114.81047093868256
32.55922054072259,-114.81165647506714
32.56005246024949,-114.8129653930664
32.560884372063335,-114.8135232925415
32.56233115684248,-114.81405973434448
32.5637236651622,-114.81422066688538
32.565929932796884,-114.81405973434448
32.567604941965016,-114.81363862752914
32.5686786493446,-114.813072681427
32.5697998121721,-114.81154918670654
32.570884795113535,-114.80899572372437
32.57192154432779,-114.80704665184021
32.57235492605736,-114.80566120147705
32.5730185566104,-114.80427503585815
32.57394075985062,-114.80318069458008
32.57580321983142,-114.80195760726929
32.57753907003508,-114.80142116546631
32.57842506395574,-114.8015284538269
32.57924475121715,-114.80195045471191
32.580956426922675,-114.80395317077637
32.58140844849953,-114.80407118797302
32.58259876109257,-114.80400323867798
32.58527765998177,-114.8027515411377
32.586561333438134,-114.80176448822021
32.58764611357686,-114.80064868927002
32.58808777029771,-114.80042798178536
32.590086820887144,-114.80024099349976
32.5918947093794,-114.79976892471313
32.59388334459672,-114.79976892471313
32.59462455188817,-114.80009078979492
32.595413961041544,-114.8008918762207
32.59607079236548,-114.80122804641724
32.597878560133296,-114.80131387710571
32.59860165703179,-114.8015284538269
32.5994196533613,-114.8023921251297
32.60069408579771,-114.80594336986542
32.60141565357163,-114.80692148208618
32.603012421721715,-114.808030128479
32.603717400862934,-114.80814814567566
32.604566983744874,-114.80790138244629
32.605454718948025,-114.80788469314575
32.606356504300166,-114.80811595916748
32.608362893919626,-114.80901718139648
32.61295392268665,-114.80888843536377
32.61300091625314,-114.80903434753418
32.61429142222648,-114.80936050415039
32.61620726513824,-114.80958580970764
32.617002508651446,-114.80946779251099
32.61915324548066,-114.80870246887207
32.62136417318945,-114.8073935508728
32.62162923987561,-114.80704307556152
32.62383408234299,-114.80185031890869
32.62459311390447,-114.80088472366333
32.624755762687364,-114.7999620437622
32.625153347356814,-114.79929685592651
32.624743112235954,-114.79840421676636
32.624600859090854,-114.7975526537214
32.62383408234299,-114.79640007019043
32.62338679287266,-114.79535400867462
32.622442507763,-114.79408264160156
32.621900329992386,-114.79235529899597
32.621890289631466,-114.79072570800781
32.62359111056166,-114.78774070739746
32.62392444358067,-114.78547811508179
32.62413127006983,-114.78508710861206
32.624150346273545,-114.78312849998474
32.624389802509874,-114.78239357471466
32.62465817345266,-114.78194189071655
32.62556900216838,-114.78174448013306
32.626364162515024,-114.78185176849365
32.6285327457389,-114.78253841400146
32.63015914867366,-114.78230237960815
32.630662122853906,-114.78173732757568
32.631455732057596,-114.78134214878082
32.632273428296635,-114.7805643081665
32.63366485002226,-114.77914810180664
32.63594167526386,-114.7745132446289
32.63800161008002,-114.77200269699097
32.639844669447264,-114.768226146698
32.64267371750483,-114.76438215800694
32.644560560222544,-114.76331233978271
32.64479544482963,-114.76331233978271
32.646055680575074,-114.76352155208588
32.648065697251035,-114.76496458053589
32.64941396401551,-114.76497262716293
32.65263863053275,-114.76156949996948
32.655021361297855,-114.7585916519165
32.65833339208377,-114.75306272506714
32.65971236508191,-114.75118160247803
32.66182393898406,-114.7494387626648
32.664141193426815,-114.7480058670044
32.66468612586944,-114.74796795845032
32.66513600445189,-114.74819285529
32.66788339735839,-114.7478199005127
32.66979809274562,-114.74638223648071
32.67200174797003,-114.74539518356323
32.67395247937435,-114.74505186080933
32.67772738490939,-114.74485874176025
32.678702693425755,-114.74453687667847
32.68005727091529,-114.74352836608887
32.68138925207938,-114.74278271198273
32.68420315375287,-114.74053382873535
32.686378360895965,-114.73947286605835
32.6869923857939,-114.73889350891113
32.68729939665948,-114.73880767822266
32.68784117796484,-114.73812103271484
32.6889789080057,-114.73760604858398
32.69015274126537,-114.73649024963379
32.698817561094906,-114.73045349121094
32.70040958136216,-114.7297739982605
32.70313611342367,-114.72975254058838
32.70436392847797,-114.73001003265381
32.70663895288799,-114.72848653793335
32.70790283027362,-114.72692012786865
32.709654173628294,-114.72571849822998
32.71034025752906,-114.72541809082031
32.71152584621782,-114.72433805465698
32.71223598824384,-114.72342252731323
32.71355394871479,-114.72243547439575
32.718190126149594,-114.72004079818726
32.721298829777396,-114.71786499023438
32.727978023829166,-114.71569776535034
32.73031562353886,-114.71454977989197
32.73250875981062,-114.71281170845032
32.73407009554976,-114.71046209335327
32.73521626102499,-114.70928192138672
32.73711146293877,-114.70812320709229
32.73946687200261,-114.70706105232239
32.741542468232865,-114.70575213432312
32.74510696633485,-114.70260858535767
32.74561230135953,-114.70160007476807
32.74563937279783,-114.70100998878479
32.745125014063674,-114.69932556152344
32.74422262314472,-114.69788789749146
32.742002702587335,-114.69501256942749
32.74023394580669,-114.69196557998657
32.73805904878254,-114.68946576118469
32.73777026178329,-114.68898296356201
32.7374634245712,-114.6878457069397
32.73755367091971,-114.68499183654785
32.737319030223475,-114.68263149261475
32.7365790055195,-114.67853307723999
32.735035763502765,-114.6724283695221
32.734033995610325,-114.66592669487
32.733564695067194,-114.65431809425354
32.732066526798675,-114.64470505714417
32.73138963528631,-114.63517785072327
32.73106472553464,-114.6334183216095
32.72987337964644,-114.62906241416931
32.7290520637398,-114.62252855300903
32.72823074026636,-114.61766839027405
32.72847443043808,-114.61588740348816
32.728772273076665,-114.61566209793091
32.72971994757929,-114.6158230304718
32.73052320665012,-114.61544752120972
32.731515988758815,-114.61544752120972
32.73298709100659,-114.61477160453796
32.733988870665485,-114.61479306221008
32.73439499434669,-114.61501836776733
32.734512318621206,-114.61461067199707
32.734936489709725,-114.58212375640869
32.73516211180671,-114.58178043365479
32.74188538817369,-114.5817482471466
32.742273427567746,-114.58159804344177
32.74230050002054,-114.56493616104126
32.742453910431045,-114.56450700759888
32.749456363244796,-114.5643675327301
32.749790229335204,-114.54022765159607
32.74997069697119,-114.53917622566223
32.75103544858111,-114.53904747962952
32.756593606265646,-114.53909039497375
32.756945490936815,-114.53890800476074
32.75708083082472,-114.52733159065247
32.75722519314509,-114.52689170837402
32.76303558225591,-114.52761054039001
32.767501384481264,-114.52853322029114
32.76959437023732,-114.52932715415955
32.77184968772986,-114.53066825866699
32.774195157298735,-114.53177332878113
32.777172010425424,-114.53242778778076
32.7788768905483,-114.53238487243652
32.782872857209945,-114.53173041343689
32.79094542510353,-114.53166604042053
32.79335352414459,-114.53080773353577
32.79561725816205,-114.52948808670044
32.7966183333141,-114.52841520309448
32.7988729658021,-114.52525019645691
32.80179488444354,-114.5219349861145
32.8035714361771,-114.52044367790222
32.80455438609277,-114.52028274536133
32.80580785691404,-114.51963901519775
32.80783681898076,-114.51791167259216
32.81130849108409,-114.51547622680664
32.81410376486426,-114.5129120349884
32.816231720791215,-114.51041221618652
32.823336560383346,-114.49408292770386
32.83873443961115,-114.47584390640259
32.84504427443402,-114.46908473968506
32.84551298712275,-114.46892380714417
32.874496252844835,-114.46558713912964
32.87496480993092,-114.46558713912964
32.875271172840506,-114.46595191955566
32.875703683381026,-114.46602702140808
32.8849571012197,-114.46521162986755
32.89066004108568,-114.46432113647461
32.89934438176844,-114.46329116821289
32.90589310871421,-114.46289420127869
32.90809992959966,-114.46295857429504
32.91158569379285,-114.4636344909668
32.912963748757484,-114.46433186531067
32.915710787783986,-114.46741104125977
32.92059220087147,-114.47369813919067
32.92206918055523,-114.47532892227173
32.9237172446381,-114.47670221328735
32.92586058260786,-114.47800040245056
32.928229000733516,-114.47897672653198
32.93356896560701,-114.48073625564575
32.9357480829369,-114.48091864585876
32.937224809615564,-114.4806182384491
32.940745442651526,-114.47830080986023
32.94242917412178,-114.47688460350037
32.94511227352452,-114.47409510612488
32.949343842002484,-114.47082281112671
32.95426841239704,-114.46841955184937
32.9576983441073,-114.46744322776794
32.961722267506794,-114.46727156639099
32.96554797551803,-114.46741104125977
32.9710207003674,-114.46845173835754
32.9721098041681,-114.4689130783081
32.973369907509664,-114.46987867355347
32.973720933095926,-114.47031855583191
32.97461199177963,-114.47247505187988
32.97516102346186,-114.47538256645203
32.975143022477226,-114.4765841960907
32.974864006746095,-114.47774291038513
32.973972950605116,-114.47986721992493
32.97335190615995,-114.48078989982605
32.97243383245878,-114.4811761379242
32.97195679039539,-114.4816267490387
32.971317730008536,-114.48483467102051
32.96994958518409,-114.48869705200195
32.96985057388107,-114.48982357978821
32.97024661842724,-114.49090719223022
32.9711647148636,-114.49233412742615
32.97196579121289,-114.49304223060608
32.97426096973504,-114.49420094490051
32.98016515489193,-114.49572443962097
32.98635692494295,-114.49677586555481
32.990325549152516,-114.49708700180054
32.997155484537316,-114.49856758117676
32.999971891561984,-114.49937224388123
33.004056871689336,-114.49986577033997
33.01076878508641,-114.50268745422363
33.014907243860904,-114.50488686561584
33.01958526773088,-114.5078694820404
33.02339947271998,-114.51130270957947
33.02630499454732,-114.514639377594
33.02870670034328,-114.51805114746094
33.02989403633575,-114.51998233795166
33.03087447596787,-114.52326536178589
33.0324485534798,-114.53145146369934
33.03338399193823,-114.53824281692505
33.03374377331645,-114.54302787780762
33.03395964143827,-114.55286622047424
33.034940035836286,-114.557865858078
33.03527282778503,-114.56084847450256
33.03512891790738,-114.5650327205658
33.03612728784246,-114.56908822059631
33.03660398301027,-114.57173824310303
33.0364690695452,-114.57533240318298
33.03528182214458,-114.57840085029602
33.032700403272415,-114.58125472068787
33.03009192411259,-114.583078622818
33.02813101652817,-114.5849347114563
33.0272404982193,-114.58643674850464
33.026817723751094,-114.58748817443848
33.02626001815908,-114.58961248397827
33.02587322027277,-114.5944082736969
33.02540546242181,-114.59795951843262
33.02541445778852,-114.60116744041443
33.02616107002416,-114.61100578308105
33.02723150303895,-114.61883783340454
33.02934534517581,-114.62555408477783
33.03081151228256,-114.62798953056335
33.032763365608105,-114.62986707687378
33.03925723917188,-114.63438391685486
33.04496821435386,-114.63928699493408
33.04682982230087,-114.64155077934265
33.04861944694933,-114.64482307434082
33.04886225754196,-114.64596033096313
33.048403614749375,-114.64701175689697
33.046613985714934,-114.64911460876465
33.043987931552195,-114.65107798576355
33.04032751310684,-114.65306282043457
33.03736848874329,-114.65487599372864
33.03410355322567,-114.65759038925171
33.03372578428244,-114.65798735618591
33.0326824140254,-114.65999364852905
33.03272738713608,-114.66238617897034
33.03395964143827,-114.66512203216553
33.03583047634074,-114.66795444488525
33.037944112211385,-114.67072248458862
33.040120654452465,-114.67220306396484
33.04178450378216,-114.67356562614441
33.04573264749935,-114.67486381530762
33.047837052707834,-114.67511057853699
33.05435679232252,-114.67442393302917
33.05691060011369,-114.67430591583252
33.05737819069965,-114.67445611953735
33.05863707608671,-114.67558264732361
33.059284495847265,-114.67651605606079
33.06201799345233,-114.67915534973145
33.0640590695286,-114.6807861328125
33.07091925583178,-114.68692302703857
33.07598987545658,-114.68905806541443
33.07648433513568,-114.6891438961029
33.07900154132128,-114.68929409980774
33.08262439377603,-114.68865036964417
33.08311881616132,-114.68868255615234
33.08403573759138,-114.68910098075867
33.08581561660663,-114.69269514083862
33.086256086155885,-114.69504475593567
33.08639991246966,-114.70126748085022
33.08671453171092,-114.70302700996399
33.08710106238065,-114.70476508140564
33.08798198639549,-114.70621347427368
33.0883595225574,-114.7065782546997
33.09071459249585,-114.70765113830566
33.09194603524826,-114.70794081687927
33.09390552173264,-114.70812320709229
33.09741091611915,-114.70788717269897
33.10521216389242,-114.70620274543762
33.11355190244868,-114.70374584197998
33.13125324908449,-114.69677209854126
33.133670059629594,-114.69462633132935
33.13784766070638,-114.69002366065979
33.14192624496746,-114.68726634979248
33.14795393757809,-114.68456268310547
33.15522973614333,-114.68222379684448
33.15937038411475,-114.67945575714111
33.1628372404962,-114.67875838279724
33.16771395927303,-114.67994928359985
33.16968971655058,-114.6801745891571
33.170488987525204,-114.67956304550171
33.17457503425515,-114.67909097671509
33.17694575206341,-114.67780351638794
33.18120210718374,-114.67596888542175
33.1844436229171,-114.67547535896301
33.188223743240485,-114.67521786689758
33.19958108055738,-114.67816829681396
33.203567022066125,-114.67870473861694
33.20696929253582,-114.67767477035522
33.2107753697999,-114.67610836029053
33.21380036504485,-114.67541098594666
33.21895249011066,-114.67381238937378
33.223287579824415,-114.67368364334106
33.225665953933905,-114.67459559440613
33.230251994639225,-114.67806100845337
33.23488266452975,-114.68267440795898
33.23756582808611,-114.68430519104004
33.24249222503866,-114.6877920627594
33.24519310080318,-114.6893584728241
33.2461801109916,-114.68951940536499
33.2466377210245,-114.68936920166016
33.24795670124329,-114.68816757202148
33.24990373089996,-114.68354344367981
33.25235315820886,-114.68056082725525
33.254309061848566,-114.677814245224
33.255708672440804,-114.67438101768494
33.25710826061294,-114.67288970947266
33.258319424588535,-114.67219233512878
33.25879491400382,-114.67212796211243
33.26077758725573,-114.67252492904663
33.265011924239424,-114.67440247535706
33.27004441795065,-114.67697739601135
33.273506892265324,-114.6804428100586
33.27574935418278,-114.68388676643372
33.27778545971149,-114.68842506408691
33.27981254843755,-114.69457268714905
33.281956188400926,-114.70313429832458
33.28334638701328,-114.7111701965332
33.285095315106226,-114.7177255153656
33.286835239559316,-114.72137331962585
33.287767968282374,-114.72280025482178
33.28853028723888,-114.72351908683777
33.29638626873314,-114.72804665565491
33.30040366624405,-114.7302782535553
33.30262750316072,-114.73122239112854
33.30395460462723,-114.73119020462036
33.305532753057626,-114.7300636768341
33.308240645750026,-114.72653388977051
33.30977388545107,-114.72497820854187
33.31223956526887,-114.72345471382141
33.31570933111687,-114.7186803817749
33.318874139218785,-114.71327304840088
33.32047891301783,-114.71096634864807
33.32146507220288,-114.70974326133728
33.3234463219268,-114.70796227455139
33.32789276365517,-114.70518350601196
33.33359391741972,-114.7024154663086
33.336892527823736,-114.70098853111267
33.34452008593643,-114.69952940940857
33.3493329016096,-114.69907879829407
33.352711572286395,-114.69804883003235
33.3567263738361,-114.69819903373718
33.36135929635226,-114.69916462898254
33.367622758811365,-114.70222234725952
33.37117095806851,-114.7041642665863
33.37468317439245,-114.70649242401123
33.37657361987431,-114.70731854438782
33.37801606485447,-114.70750093460083
33.379476404033774,-114.70710396766663
33.38047085410156,-114.70701813697815
33.38147425165243,-114.70705032348633
33.38245972011983,-114.70730781555176
33.384430623548276,-114.70878839492798
33.38840812894493,-114.71373438835144
33.39482192095763,-114.7191846370697
33.39703439025082,-114.72134113311768
33.40029476864823,-114.72414135932922
33.40257875207582,-114.72532153129578
33.40424467859057,-114.72549319267273
33.405194063282636,-114.72513914108276
33.406680814690624,-114.72354054450989
33.40742418085302,-114.72199559211731
33.40783616417925,-114.72026824951172
33.40788990099082,-114.71758604049683
33.40728983804158,-114.71345543861389
33.40725401325677,-114.71105217933655
33.408337706460976,-114.70196485519409
33.40965424117295,-114.69942212104797
33.411006579182924,-114.69767332077026
33.41225142801084,-114.69677209854126
33.41392612454537,-114.69652533531189
33.41512615460753,-114.69558119773865
33.41606646508372,-114.69347834587097
33.417911235102075,-114.68791007995605
33.41801869622528,-114.68463778495789
33.41914702998978,-114.67386603355408
33.41672019874815,-114.66729998588562
33.41570825276952,-114.66522932052612
33.41432912156476,-114.66113090515137
33.41305743572145,-114.65837359428406
33.41283354544103,-114.656742811203
33.412914146008475,-114.65304136276245
33.41360372558347,-114.64969396591187
33.41665751217177,-114.64348196983337
33.41754407526104,-114.64220523834229
33.422505079437485,-114.63547825813293
33.424904885865026,-114.63334321975708
33.42675842228785,-114.63091850280762
33.42837911493967,-114.62951302528381
33.43258740206331,-114.62738871574402
33.43501378976478,-114.62666988372803
33.44402932970482,-114.62336540222168
33.44742222472974,-114.6223247051239
33.45066280793272,-114.62250709533691
33.45460147531839,-114.6233868598938
33.45559506542473,-114.62324738502502
33.45654388859255,-114.62289333343506
33.462845243138815,-114.6182370185852
33.467293508823055,-114.61438536643982
33.46910139059456,-114.61372017860413
33.47078393974722,-114.61243271827698
33.47495437286961,-114.60774421691895
33.47832816008495,-114.60500836372375
33.48048480933678,-114.60349559783936
33.48159443367626,-114.60156440734863
33.484207363879264,-114.59978342056274
33.49052460232091,-114.5973265171051
33.49498039419761,-114.59457993507385
33.49604509767161,-114.59365725517273
33.49880073998061,-114.59224104881287
33.50186942022847,-114.58915114402771
33.50482169213013,-114.58391547203064
33.5062620064173,-114.58091139793396
33.50647670959974,-114.58036422729492
33.50762178424353,-114.57351922988892
33.508167478547705,-114.57184553146362
33.50943776999271,-114.56927061080933
33.51312329878499,-114.56520438194275
33.51555637739347,-114.56202864646912
33.51676394614755,-114.56098794937134
33.51872285516395,-114.5605480670929
33.52122733175777,-114.56053733825684
33.52436676963033,-114.56080555915833
33.52679058814894,-114.56008672714233
33.530752624894724,-114.55946445465088
33.531673794785476,-114.5589816570282
33.53228194040288,-114.5583701133728
33.54253033917311,-114.54191207885742
33.54769879136634,-114.53210592269897
33.5480385749717,-114.53168749809265
33.550184545821,-114.53020691871643
33.55067632330055,-114.52908039093018
33.551633046013514,-114.52569007873535
33.55219634508547,-114.52470302581787
33.5530904630548,-114.52424168586731
33.5535732829105,-114.52435970306396
33.55445844563757,-114.52489614486694
33.55657743471407,-114.52649474143982
33.557498329374425,-114.52689170837402
33.55920598183863,-114.528146982193
33.55976029108699,-114.52868342399597
33.560153669685675,-114.52952027320862
33.56184338919786,-114.53170895576477
33.562737407312376,-114.53224539756775
33.565732300560384,-114.53316807746887
33.56745766951204,-114.53439116477966
33.568941638025876,-114.53578591346741
33.570702700094756,-114.53666567802429
33.57167707940702,-114.53696608543396
33.573661561061755,-114.53720211982727
33.57511860638507,-114.53766345977783
33.57558342548548,-114.5378565788269
33.57722814989603,-114.53918695449829
33.57840804157969,-114.53971266746521
33.58084822093064,-114.54034566879272
33.58283249173505,-114.54064607620239
33.585835625624895,-114.54047441482544
33.588052157404086,-114.54013109207153
33.58998263868636,-114.54065680503845
33.59098361197438,-114.54063534736633
33.591466219945524,-114.54052805900574
33.591868391192385,-114.54021692276001
33.59510356723515,-114.53738451004028
33.596435137593744,-114.53674077987671
33.5989194890753,-114.53484177589417
33.604013079464984,-114.53137636184692
33.60627382229661,-114.5294988155365
33.60885617932371,-114.52667713165283
33.60999989751186,-114.52401638031006
33.61125975701445,-114.52217102050781
33.61221580832023,-114.52191352844238
33.61269829747646,-114.52190279960632
33.61413681393072,-114.52240705490112
33.61783574599836,-114.52733159065247
33.61963154707183,-114.5283830165863
33.62155238739364,-114.52902674674988
33.62391987585361,-114.53117251396179
33.627368252089305,-114.53110814094543
33.62834199137178,-114.53092575073242
33.629074521925965,-114.53015327453613
33.63037876822516,-114.5263123512268
33.6346665620748,-114.52386617660522
33.64051726970914,-114.5253574848175
33.64371489304799,-114.52937006950378
33.64836820533973,-114.53312516212463
33.651360125483535,-114.53320026397705
33.65181560271224,-114.5330822467804
33.65338742718537,-114.53192353248596
33.65440552544556,-114.53060388565063
33.65459306854825,-114.53006744384766
33.65594158072783,-114.52491760253906
33.65594158072783,-114.51849102973938
33.65612912048305,-114.51796531677246
33.658120588859845,-114.51456427574158
33.65957620699246,-114.51418876647949
33.66042456203055,-114.51423168182373
33.6620230187945,-114.51539039611816
33.66279098187378,-114.51692461967468
33.662692754420384,-114.52048659324646
33.663773250239345,-114.5259153842926
33.664246520993636,-114.5269238948822
33.666621765076584,-114.53001379966736
33.66700572694709,-114.53038930892944
33.669863063774905,-114.53213810920715
33.67488996034365,-114.53154802322388
33.679452306575946,-114.53019618988037
33.68280025400599,-114.5276427268982
33.685960596748615,-114.52381253242493
33.688478074770835,-114.51908111572266
33.69117401556804,-114.51265454292297
33.69206669255867,-114.50788021087646
33.69279868077175,-114.50564861297607
33.69437868285515,-114.5025908946991
33.69601221378613,-114.49838519096375
33.69702980752003,-114.4964325428009
33.698823956588534,-114.4956922531128
33.701323206275525,-114.49554204940796
33.70521475031869,-114.49445843696594
33.70840104386379,-114.49422240257263
33.710891090144735,-114.49437260627747
33.71437167900002,-114.49489831924438
33.71638857105331,-114.49541330337524
33.71919964686834,-114.49662566184998
33.72035974656374,-114.49777364730835
33.72173399822483,-114.50009107589722
33.72241219223553,-114.50094938278198
33.7245359756581,-114.50261235237122
33.728239085755845,-114.50437188148499
33.73046979785267,-114.50677514076233
33.73189742316354,-114.50992941856384
33.733922825820116,-114.51204299926758
33.734324331681705,-114.51227903366089
33.737571998917446,-114.51076626777649
33.74182768442947,-114.5080840587616
33.74655597626314,-114.50592756271362
33.75089150155081,-114.50452208518982
33.756074218397174,-114.50432896614075
33.7605430565802,-114.5048975944519
33.76303159002272,-114.50547695159912
33.767847901104055,-114.50706481933594
33.77360036236171,-114.5098328590393
33.77926326088857,-114.51224684715271
33.78513979436596,-114.51531529426575
33.78839445350194,-114.51674222946167
33.79465375152683,-114.5183515548706
33.7966241765639,-114.51871633529663
33.797569251211016,-114.51908111572266
33.80203592507703,-114.5215916633606
33.80487985343502,-114.52267527580261
33.809150026029876,-114.52478885650635
33.81308124911904,-114.52740669250488
33.81499776629975,-114.52801823616028
33.81574653344001,-114.52773928642273
33.817707559172625,-114.52443480491638
33.819062423415616,-114.52267527580261
33.82078271353335,-114.5214307308197
33.82201274431746,-114.52075481414795
33.82394688737607,-114.52014327049255
33.825542299645186,-114.52000379562378
33.82895584713767,-114.5208728313446
33.83543497363092,-114.52345848083496
33.83850057896417,-114.5254647731781
33.847883855990396,-114.52952027320862
33.85032529948653,-114.53009963035583
33.851323241702104,-114.53019618988037
33.85260629313435,-114.53008890151978
33.855216886893885,-114.53057169914246
33.856196952687185,-114.53042149543762
33.857141369083884,-114.53006744384766
33.857934314408084,-114.5293915271759
33.85917271990486,-114.52749252319336
33.859894372380154,-114.52592611312866
33.86009037570301,-114.52475666999817
33.85983200759217,-114.52240705490112
33.85868270548851,-114.51928496360779
33.85825505424564,-114.5175576210022
33.85817486939918,-114.5163881778717
33.85841542371267,-114.51522946357727
33.85889653030688,-114.51417803764343
33.86082092957935,-114.51228976249695
33.86156038628439,-114.51133489608765
33.862130565395276,-114.51014399528503
33.86366290288976,-114.50639963150024
33.86580100227329,-114.50387835502625
33.867155104188654,-114.50313806533813
33.868143941360486,-114.50303077697754
33.86913276707848,-114.50317025184631
33.871475614725746,-114.50386762619019
33.87494077338877,-114.50342774391174
33.87633926801411,-114.50397491455078
33.87714984994923,-114.5046615600586
33.8781742007226,-114.50598120689392
33.881202644135435,-114.51063752174377
33.88417753977357,-114.51374888420105
33.88805187407945,-114.5184051990509
33.89247819699178,-114.52266454696655
33.893716101329346,-114.52367305755615
33.89597812471059,-114.52491760253906
33.899531339498324,-114.52576518058777
33.90102738563989,-114.52582955360413
33.90143701274382,-114.5255720615387
33.90159730107484,-114.5244562625885
33.90104519555491,-114.52279329299927
33.89911279808109,-114.5190703868866
33.89796402491022,-114.51640963554382
33.89783044563011,-114.51521873474121
33.89803526710738,-114.51344847679138
33.8986586337936,-114.51181769371033
33.899753967074695,-114.50976848602295
33.9008581912618,-114.50857758522034
33.90174868422191,-114.50805187225342
33.902728215735756,-114.5078694820404
33.90471395872577,-114.50809478759766
33.90695788168439,-114.50901746749878
33.911383223283806,-114.51176404953003
33.91409886241041,-114.51439261436462
33.91798074053303,-114.51903820037842
33.92127485618938,-114.5235013961792
33.92260136949609,-114.52604413032532
33.923562856162825,-114.528146982193
33.9245599419849,-114.5309042930603
33.92515640738881,-114.53397274017334
33.92560152810321,-114.5348310470581
33.92744430311301,-114.53570008277893
33.92841463721556,-114.53585028648376
33.93339966565488,-114.53568935394287
33.93476159588724,-114.53541040420532
33.936630876426264,-114.53458428382874
33.93837550123891,-114.5334255695343
33.94356465863038,-114.53058242797852
33.947667696362195,-114.52875852584839
33.95104076145107,-114.52623724937439
33.95468067379493,-114.52308297157288
33.95540151815999,-114.52225685119629
33.956131255617805,-114.52090501785278
33.956700802455785,-114.51924204826355
33.957537317461984,-114.51775074005127
33.95805346091601,-114.51605558395386
33.95809795589478,-114.5148754119873
33.95723474915384,-114.51208591461182
33.95703896908695,-114.51091647148132
33.95735933623457,-114.50923204421997
33.96005571192184,-114.50350284576416
33.96145281026633,-114.50101375579834
33.96175536357323,-114.49995160102844
33.967396895764566,-114.49443697929382
33.970128544237255,-114.49097156524658
33.97288679730999,-114.48837518692017
33.97547591475,-114.48483467102051
33.977575622199055,-114.48320388793945
33.980226873625256,-114.48228120803833
33.981427916688645,-114.48125123977661
33.982388738921244,-114.47986721992493
33.98449717186452,-114.47581171989441
33.987139311459664,-114.47219610214233
33.98822461099485,-114.47097301483154
33.98898075411808,-114.4703722000122
33.99026173417288,-114.46980357170105
33.99202305021847,-114.46868777275085
33.992823636351964,-114.46796894073486
33.993339565641016,-114.46696043014526
33.99344630924072,-114.46622014045715
33.99342851865006,-114.4626259803772
33.99363311021749,-114.46084499359131
33.9938288060384,-114.46028709411621
33.99451373786198,-114.45946097373962
33.995785739456544,-114.45850610733032
33.99721783034898,-114.4580340385437
33.998169579265785,-114.4581949710846
33.999930731382534,-114.4591498374939
34.00124712426973,-114.46094155311584
34.00379980098605,-114.46609139442444
34.005285121118526,-114.46729302406311
34.007437455095015,-114.46736812591553
34.007926614300196,-114.46723937988281
34.00935850050447,-114.46672439575195
34.01115499438609,-114.46564078330994
34.01204433372711,-114.46423530578613
34.01222220047748,-114.46306586265564
34.01100380577171,-114.45478320121765
34.012524573098,-114.45035219192505
34.01426764132539,-114.44671511650085
34.01631303289435,-114.44368958473206
34.019229853881114,-114.44064259529114
34.02050148531608,-114.43970918655396
34.02268011027722,-114.43825006484985
34.02768628960385,-114.43629741668701
34.032612152912996,-114.43547129631042
34.03728879095645,-114.43498849868774
34.042738616062344,-114.43553566932678
34.04711244748977,-114.4371235370636
34.050357115692094,-114.438636302948
34.053948329690826,-114.43939805030823
34.05644608932736,-114.43937659263611
34.06704963717926,-114.43840026855469
34.07187545638207,-114.4376814365387
34.07765185822153,-114.43587899208069
34.08713318991876,-114.43423748016357
34.08800396190581,-114.43372249603271
34.088590395136066,-114.43313241004944
34.09279304774575,-114.42806839942932
34.096977722831326,-114.42616939544678
34.099705202221614,-114.42289710044861
34.10338316226634,-114.4205367565155
34.107611730353696,-114.41592335700989
34.11008125849449,-114.41147089004517
34.1115291857128,-114.40583825111389
34.11165354640402,-114.40163254737854
34.11012567380829,-114.390549659729
34.111671312202134,-114.38710570335388
34.11480691711866,-114.3816876411438
34.116014937851936,-114.37906980514526
34.116654471254776,-114.37562584877014
34.11698311848341,-114.37204241752625
34.1173206467402,-114.37028288841248
34.118333223427925,-114.3671178817749
34.119843183687436,-114.36474680900574
34.12342256999795,-114.36059474945068
34.12511006929787,-114.35938239097595
34.12778335450738,-114.3582558631897
34.130332222142684,-114.35643196105957
34.13214391408076,-114.35438275337219
34.1333339258898,-114.35248374938965
34.13414205868513,-114.35028433799744
34.13446175743809,-114.34792399406433
34.13403549216539,-114.33809638023376
34.13412429760783,-114.33570384979248
34.13510115131605,-114.33086514472961
34.13570501887022,-114.3292236328125
34.136779537230524,-114.32458877563477
34.138315808345276,-114.32127356529236
34.144709237838676,-114.3122935295105
34.14551726185203,-114.3115746974945
34.14728423249028,-114.31050181388855
34.148855828584935,-114.30904269218445
34.150560577727916,-114.30779814720154
34.15285128020905,-114.3056845664978
34.15542602666279,-114.3029272556305
34.157317083539816,-114.30123209953308
34.160362217580655,-114.29813146591187
34.166674084440025,-114.29283142089844
34.170642062924586,-114.28699493408203
34.172133335468764,-114.2753541469574
34.17033137782797,-114.26920652389526
34.170233733704265,-114.26817655563354
34.1729144677139,-114.25677180290222
34.17437907118656,-114.25297379493713
34.17943841487929,-114.2444121837616
34.183254912008316,-114.24060344696045
34.185109844773436,-114.23545360565186
34.186893736851346,-114.22985315322876
34.188482345301615,-114.22756791114807
34.1892367019654,-114.22683835029602
34.19102050676456,-114.22592639923096
34.193416603085886,-114.22508955001831
34.19438389675558,-114.2249608039856
34.196371694787395,-114.22505736351013
34.199424293381355,-114.22578692436218
34.20141197258626,-114.22585129737854
34.20333749212624,-114.2253041267395
34.2039674912744,-114.22477841377258
34.205245221567,-114.22316908836365
34.2089540789553,-114.215487241745
34.21146500697483,-114.21187162399292
34.215448622657085,-114.20828819274902
34.22340641787808,-114.19903993606567
34.230822370761324,-114.19090747833252
34.23988739732664,-114.17817234992981
34.241368576017464,-114.17656302452087
34.24179429920242,-114.17629480361938
34.24274329938614,-114.17598366737366
34.24546607230089,-114.17590856552124
34.24636181872759,-114.17545795440674
34.24716000058021,-114.17472839355469
34.247665511838136,-114.17373061180115
34.24960771105776,-114.16668176651001
34.249918104039025,-114.16622042655945
34.25186911941956,-114.16439652442932
34.25362499458506,-114.16388154029846
34.25558479177338,-114.16405320167542
34.25838695641254,-114.1652762889862
34.25887466540515,-114.1652762889862
34.259318034762956,-114.1650402545929
34.25962839192301,-114.16462182998657
34.25962839192301,-114.16406393051147
34.25840469133455,-114.15660738945007
34.258298281746455,-114.1536033153534
34.259521983882834,-114.14735913276672
34.25961952459147,-114.14495587348938
34.25914068730025,-114.14201617240906
34.25819187202378,-114.1379714012146
34.257899244592416,-114.13560032844543
34.258475630985146,-114.13331508636475
34.25883032834083,-114.1329288482666
34.260426447933845,-114.13153409957886
34.262315150328945,-114.13126587867737
34.26280283654646,-114.13127660751343
34.26325505214873,-114.13150191307068
34.26909816839533,-114.13480639457703
34.272272255597876,-114.13604021072388
34.27469263822022,-114.13671612739563
34.27616433864275,-114.1369092464447
34.2776360133019,-114.13686633110046
34.2807654526834,-114.13607239723206
34.281253031898096,-114.13612604141235
34.284178447789074,-114.13675904273987
34.288646159176565,-114.13837909698486
34.295755003840505,-114.13951635360718
34.29819243677715,-114.13914084434509
34.300984318507446,-114.13819670677185
34.30296073740669,-114.13827180862427
34.303403874274345,-114.13845419883728
34.30607150880969,-114.14114713668823
34.308233914482344,-114.14424777030945
34.310724156938875,-114.14718747138977
34.31239018538774,-114.1500198841095
34.31783999428261,-114.15713310241699
34.3206755272575,-114.15817379951477
34.33135222152194,-114.16454672813416
34.33969770357959,-114.16894555091858
34.34501286437108,-114.17288303375244
34.349317897650714,-114.17694926261902
34.351851208980065,-114.18065071105957
34.35410986606302,-114.1849958896637
34.355952176577006,-114.19056415557861
34.356616461300604,-114.19198036193848
34.35908755425086,-114.19630408287048
34.36132830314645,-114.19949054718018
34.36257707396166,-114.21423196792603
34.364011808946096,-114.21998262405396
34.36586275791284,-114.22592639923096
34.366146153188176,-114.22639846801758
34.36900662057911,-114.22972440719604
34.374621000129835,-114.23284649848938
34.37674621912253,-114.2343807220459
34.38155432806314,-114.24002408981323
34.38564498791942,-114.24524903297424
34.388177201009505,-114.24875736236572
34.389230791584254,-114.25066709518433
34.390151565766,-114.25278067588806
34.390842139755755,-114.25362825393677
34.39484381532655,-114.25799489021301
34.400093511040474,-114.26266193389893
34.40111154206715,-114.26398158073425
34.40206759471006,-114.26606297492981
34.402510207975006,-114.26777958869934
34.402943966703035,-114.27215695381165
34.4031829756535,-114.28024649620056
34.40430719378022,-114.2842161655426
34.40542254486759,-114.2868983745575
34.406369696417464,-114.28828239440918
34.40832592875625,-114.29022431373596
34.41023785823963,-114.29136157035828
34.41117610394567,-114.29174780845642
34.412158595243895,-114.29193019866943
34.41600878774337,-114.29190874099731
34.41732754855749,-114.29216623306274
34.419557888644476,-114.29342150688171
34.421611165019335,-114.295095205307
34.4267352856784,-114.30095314979553
34.430460917135605,-114.30858135223389
34.43172635512229,-114.31042671203613
34.4341686847535,-114.31508302688599
34.43509781315444,-114.31707859039307
34.435885351995914,-114.31927800178528
34.43671712653356,-114.32274341583252
34.437221496423,-114.32588696479797
34.4374692559554,-114.3263590335846
34.43829216627318,-114.32701349258423
34.441955346122505,-114.32881593704224
34.44551219315367,-114.3308436870575
34.44835225330946,-114.33326840400696
34.44911312529943,-114.33404088020325
34.450086323556235,-114.33547854423523
34.45078524985342,-114.3370771408081
34.45137800554709,-114.33935165405273
34.45144878206518,-114.34234499931335
34.45113028726142,-114.34471607208252
34.450157101168934,-114.349125623703
34.44995361537075,-114.35392141342163
34.449670503870315,-114.3562924861908
34.44774178123638,-114.36367392539978
34.4469720492197,-114.37150597572327
34.44698089675443,-114.37388777732849
34.44761791679304,-114.37550783157349
34.45029865621441,-114.37878012657166
34.454102858195625,-114.38311457633972
34.457614955940635,-114.38642978668213
34.458039582434054,-114.38675165176392
34.45944614226953,-114.38727736473083
34.46043691233206,-114.38739538192749
34.46210881015177,-114.38714861869812
34.46447948616888,-114.38629031181335
34.470812753084694,-114.38336133956909
34.473174337144926,-114.3824815750122
34.47607536765995,-114.38170909881592
34.478056501272285,-114.3815803527832
34.48888999362878,-114.38302874565125
34.491781634891424,-114.38288927078247
34.49522140782776,-114.38243865966797
34.49920040258514,-114.38140869140625
34.50737885098529,-114.37813639640808
34.51659964159242,-114.37824368476868
34.52950526638932,-114.3807864189148
34.54312471889754,-114.3897020816803
34.558809516278814,-114.39864993095398
34.56944698590909,-114.40514087677002
34.56998589126264,-114.40576314926147
34.58101943128704,-114.4227147102356
34.59375609235838,-114.43557858467102
34.59555779246033,-114.43655490875244
34.59601704309924,-114.43675875663757
34.59682072560776,-114.43621158599854
34.59930237746265,-114.42742466926575
34.60098032068587,-114.42524671554565
34.602278495604075,-114.42439913749695
34.60276420209168,-114.42431330680847
34.61018191180315,-114.42420601844788
34.61061459108147,-114.42437767982483
34.614702857432356,-114.42875504493713
34.62141318211442,-114.43862557411194
34.62576577366842,-114.4394838809967
34.62900578993263,-114.44095373153687
34.630435947595664,-114.44142580032349
34.631415856205294,-114.44151163101196
34.63462916899006,-114.44071769714355
34.63807186598638,-114.44031000137329
34.640040318259295,-114.44053530693054
34.64278548085662,-114.4416081905365
34.644559637275805,-114.44265961647034
34.64620136014535,-114.44398999214172
34.64806370533665,-114.44622159004211
34.65147054135381,-114.44961190223694
34.653394547499296,-114.45240139961243
34.656103966663814,-114.45677876472473
34.65718064936221,-114.45796966552734
34.658142591745396,-114.45817351341248
34.65862797127839,-114.45807695388794
34.65951047223706,-114.45755124092102
34.65991641952227,-114.45721864700317
34.66284624095851,-114.45298075675964
34.66394048504508,-114.45176839828491
34.66476998302959,-114.45111393928528
34.665687715803905,-114.45066332817078
34.666667207838636,-114.450523853302
34.66713488913993,-114.45062041282654
34.66845850115476,-114.45140361785889
34.67002033613236,-114.45314168930054
34.67163508370797,-114.45448279380798
34.67305568259578,-114.4549012184143
34.6755262313247,-114.45487976074219
34.67730851000514,-114.4555127620697
34.68144642497235,-114.45838809013367
34.68586644260677,-114.46221828460693
34.6880984177331,-114.46372032165527
34.690833166874874,-114.46507215499878
34.693206150172564,-114.46590900421143
34.69688458088133,-114.46677803993225
34.69975134995929,-114.4676685333252
34.701691875735136,-114.4680655002594
34.70465549999738,-114.46815133094788
34.7075131799954,-114.4686233997345
34.7098504066051,-114.46961045265198
34.71207291555566,-114.47089791297913
34.71321060536041,-114.47201371192932
34.713924960727745,-114.47359085083008
34.71455111899978,-114.47792530059814
34.71455111899978,-114.48286056518555
34.71527428180883,-114.4848883152008
34.716597124241716,-114.4874095916748
34.71991295627029,-114.48916912078857
34.724648368791954,-114.4908857345581
34.72540671506046,-114.49163675308228
34.72801678392322,-114.49600338935852
34.72898672094258,-114.49874997138977
34.73039751810756,-114.50084209442139
34.733721613709676,-114.51061606407166
34.735326301665864,-114.51421022415161
34.736781074256335,-114.51663494110107
34.740960096683864,-114.52084064483643
34.7421943666712,-114.5218276977539
34.74395757752311,-114.52284693717957
34.74712244659944,-114.52573299407959
34.74960841471036,-114.5286512374878
34.75124805485374,-114.53016400337219
34.75190919086374,-114.53167676925659
34.75365456449987,-114.53475594520569
34.75755948403825,-114.54094648361206
34.761843223973585,-114.54691171646118
34.76687589370226,-114.55267310142517
34.77389996520151,-114.55867052078247
34.78263295174391,-114.56399202346802
34.7840163975823,-114.56462502479553
34.785928510639124,-114.56519365310669
34.78649244335275,-114.5655369758606
34.78628978047764,-114.56536531448364
34.78895960363953,-114.56722140312195
34.79140906833828,-114.5692491531372
34.79451044443737,-114.57110524177551
34.79635183130516,-114.57184553146362
34.801144530610756,-114.57326173782349
34.80443934975751,-114.57452774047852
34.807645945669144,-114.57473158836365
34.81551214836446,-114.57653403282166
34.8211316630575,-114.57875490188599
34.82626640163554,-114.58120107650757
34.828080658111105,-114.58214521408081
34.8302031113148,-114.58366870880127
34.835786399150436,-114.5869517326355
34.841272447239014,-114.59247708320618
34.84466251888998,-114.59684371948242
34.84724240192643,-114.60048079490662
34.849919055151666,-114.60495471954346
34.851847248094224,-114.6094286441803
34.85675116990978,-114.61962103843689
34.85971803274025,-114.62390184402466
34.86123223602587,-114.62543606758118
34.8622094105561,-114.62676644325256
34.86367955216571,-114.62835431098938
34.86650531942,-114.63076829910278
34.869982376401786,-114.63304281234741
34.8746299596513,-114.63503837585449
34.88557890871662,-114.63674426078796
34.88926636945925,-114.63669061660767
34.895276839756384,-114.63539242744446
34.89805752349036,-114.6344268321991
34.90402335637183,-114.63183045387268
34.90722607311241,-114.6308970451355
34.91213548976349,-114.63061809539795
34.915909734132704,-114.63148713111877
34.918241057119495,-114.63242053985596
34.92112652745267,-114.63319301605225
34.92431978031852,-114.63324666023254
34.93065313734305,-114.63217377662659
34.935279697455336,-114.63065028190613
34.938648302334215,-114.62977051734924
34.93963335124524,-114.62974905967712
34.94432976104399,-114.62980270385742
34.945780844508604,-114.63009238243103
34.95120678965557,-114.63164806365967
34.95671151447506,-114.63428735733032
34.95878668218687,-114.63489890098572
34.965178923654385,-114.63521003723145
34.96771106297853,-114.63492035865784
34.969161732537394,-114.63456630706787
34.974770746462106,-114.63232398033142
34.97791795595029,-114.63088631629944
34.98075737357481,-114.62992072105408
34.983183547159626,-114.62940573692322
34.98634801336267,-114.62912678718567
34.99175369350488,-114.62944865226746
34.99466294431849,-114.63026404380798
35.001746669392766,-114.63345050811768
35.00593860990784,-114.63556408882141
35.008750692810445,-114.63664770126343
35.01020063528425,-114.63702321052551
35.01524447735776,-114.63778495788574
35.01967296026699,-114.63792443275452
35.02202769080975,-114.63817119598389
35.026912661765145,-114.63753819465637
35.02966252599196,-114.6362829208374
35.03340500406598,-114.6348774433136
35.03521468551298,-114.63393330574036
35.03958938094451,-114.63120818138123
35.04118810677985,-114.62981343269348
35.04251449842659,-114.62903022766113
35.04451722116724,-114.62729215621948
35.045940178542324,-114.62565064430237
35.05265936458244,-114.61599469184875
35.0559353162631,-114.61000800132751
35.05851734105716,-114.60713267326355
35.06188087674023,-114.60465431213379
35.06372505419624,-114.6038281917572
35.066535149257355,-114.60305571556091
35.06849337705552,-114.60291624069214
35.070451557872445,-114.60319519042969
35.07331410537383,-114.60405349731445
35.075149244048745,-114.60496544837952
35.07842429329185,-114.60761547088623
35.08253328441403,-114.6124005317688
35.08602752000681,-114.61758255958557
35.08863492994575,-114.62239980697632
35.09001322408043,-114.6262514591217
35.092550277858635,-114.63205575942993
35.09441131902479,-114.63857889175415
35.09459566513012,-114.63969469070435
35.09589485443457,-114.6414864063263
35.09666733555873,-114.64297771453857
35.100670075071214,-114.64646458625793
35.10204816578344,-114.64666843414307
35.10512903591429,-114.64503765106201
35.10590142954199,-114.64430809020996
35.108288781750794,-114.64123964309692
35.11100957583808,-114.63892221450806
35.11245770339111,-114.63746309280396
35.117135418375526,-114.63216304779053
35.11902222551798,-114.62820410728455
35.11973305780634,-114.6259617805481
35.12111082618464,-114.62251782417297
35.12167245756404,-114.6194064617157
35.12172511030731,-114.61520075798035
35.12127756090454,-114.60464358329773
35.121646131179624,-114.60234761238098
35.1214004178482,-114.59997653961182
35.121646131179624,-114.59812045097351
35.12347140700958,-114.59000945091248
35.125165015787445,-114.58495616912842
35.1276132273662,-114.57975268363953
35.128990862454984,-114.57816481590271
35.13116695192913,-114.57701683044434
35.13522941495891,-114.57428097724915
35.13932676953315,-114.57267165184021
35.13980931377868,-114.57267165184021
35.14360815311576,-114.57388401031494
35.14506447406952,-114.57390546798706
35.14696817963355,-114.57352995872498
35.16252075070675,-114.56950664520264
35.16855501422829,-114.56888437271118
35.17248406139923,-114.56875562667847
35.177526645056226,-114.56922769546509
35.18376147686439,-114.56925988197327
35.18619915727146,-114.56962466239929
35.189978294204806,-114.57089066505432
35.19212644914336,-114.57138419151306
35.19800070526041,-114.57183480262756
35.199964540916255,-114.57184553146362
35.20092014019989,-114.57215666770935
35.2039622024997,-114.57406640052795
35.20492652122924,-114.5742917060852
35.20541744272923,-114.57424879074097
35.20632037988165,-114.57464575767517
35.20694278702447,-114.57552552223206
35.2081963531272,-114.57867980003357
35.20891517251155,-114.57947373390198
35.2093797718986,-114.57963466644287
35.211001465904765,-114.57988142967224
35.21542808735198,-114.57992434501648
35.21785605244768,-114.58026766777039
35.22024012078826,-114.58036422729492
35.22400890949393,-114.58171606063843
35.23006489867682,-114.58348631858826
35.231037671011904,-114.58338975906372
35.233360008252234,-114.5824670791626
35.23483224799418,-114.58245635032654
35.2388019041359,-114.58287477493286
35.24283270273271,-114.58499908447266
35.24694215851829,-114.58553552627563
35.2488522397719,-114.58601832389832
35.253259273900035,-114.58571791648865
35.25742076610157,-114.58576083183289
35.262282870530015,-114.58659768104553
35.265734349597174,-114.58763837814331
35.26985140390586,-114.58960175514221
35.272190147954696,-114.59047079086304
35.284136835493285,-114.59319591522217
35.285564364285925,-114.59364652633667
35.28824419698799,-114.59511637687683
35.28966289603649,-114.59562063217163
35.292263779718795,-114.5963180065155
35.29469820118338,-114.59670424461365
35.29962811820092,-114.5972728729248
35.30319183211095,-114.59720849990845
35.3091981298162,-114.5963716506958
35.32159455857069,-114.59519147872925
35.32404560477487,-114.59515929222107
35.32645280997144,-114.59553480148315
35.341095826552504,-114.59977269172668
35.3548786685488,-114.60448265075684
35.35958617347134,-114.60615634918213
35.369962714961275,-114.61113452911377
35.373365860089436,-114.61313009262085
35.380127982209856,-114.61768984794617
35.38236731817951,-114.61820483207703
35.38480777370655,-114.61835503578186
35.38942606811929,-114.61897730827332
35.39673782680542,-114.62085485458374
35.39977253673147,-114.6219277381897
35.40802776895885,-114.62573647499084
35.409330689167454,-114.62656259536743
35.41012642202188,-114.62727069854736
35.41128940206117,-114.62919116020203
35.413702750697645,-114.63183045387268
35.428819511099746,-114.65065956115723
35.430296936996804,-114.65223670005798
35.431101204789925,-114.6529233455658
35.43250865410026,-114.6536636352539
35.43298071233513,-114.65381383895874
35.435507051036915,-114.65397477149963
35.43694064743486,-114.65436100959778
35.44151225081291,-114.65783715248108
35.44487741436543,-114.6618390083313
35.44660801512511,-114.66297626495361
35.44846094034418,-114.66370582580566
35.451380085036206,-114.66416716575623
35.45459626556059,-114.66389894485474
35.45507693367291,-114.66399550437927
35.45696462065802,-114.6649181842804
35.45809196815021,-114.66603398323059
35.45894839212009,-114.66661334037781
35.46032913809716,-114.66718196868896
35.46151760932636,-114.66696739196777
35.46378963780411,-114.66586232185364
35.46474212295846,-114.66561555862427
35.46571207331275,-114.66552972793579
35.46717134595174,-114.66573357582092
35.46810631510257,-114.66608762741089
35.47002864743031,-114.66753602027893
35.47373337647272,-114.67229962348938
35.474982810275726,-114.67324376106262
35.47591768860369,-114.67356562614441
35.47688750416613,-114.6734368801117
35.47783109726821,-114.67312574386597
35.47999782469762,-114.67199921607971
35.480950117875224,-114.6718168258667
35.48192860920503,-114.67189192771912
35.485606581681616,-114.67352271080017
35.489764846645016,-114.67677354812622
35.49071702410101,-114.67689156532288
35.49309305074595,-114.6763014793396
35.49399277778892,-114.67673063278198
35.495206956563,-114.67772841453552
35.49780995425329,-114.6786618232727
35.49975777990273,-114.67859745025635
35.50119896578813,-114.67888712882996
35.50410746218426,-114.67846870422363
35.505889191734724,-114.67802882194519
35.51173193920682,-114.67735290527344
35.51315544406074,-114.67702031135559
35.51551334135796,-114.67573285102844
35.51718129354973,-114.67419862747192
35.51825540148538,-114.67297554016113
35.52085765217633,-114.66938138008118
35.5211894767365,-114.66830849647522
35.52100610017545,-114.66652750968933
35.521084690181496,-114.66592669487
35.52141651380304,-114.66482162475586
35.52183565746942,-114.66427445411682
35.52672550517472,-114.66158151626587
35.52803523521882,-114.65980052947998
35.53052366340811,-114.6579122543335
35.53237465467337,-114.65715050697327
35.5347494488484,-114.65678572654724
35.5356836317026,-114.65706467628479
35.53657415102437,-114.65756893157959
35.5403805731518,-114.66028332710266
35.54395111227419,-114.66140985488892
35.54589781847486,-114.66153860092163
35.54880469536591,-114.66112017631531
35.55248833390636,-114.66193556785583
35.55590995078161,-114.66199994087219
35.557341400224956,-114.66238617897034
35.559680543076965,-114.66337323188782
35.560605707603926,-114.66351270675659
35.563957157601386,-114.66281533241272
35.564437171516765,-114.66287970542908
35.56621756165585,-114.66383457183838
35.568617534777914,-114.66454267501831
35.571715575602475,-114.66629147529602
35.57417646913167,-114.66826558113098
35.57553778201129,-114.66997146606445
35.57622715599143,-114.67154860496521
35.578399954146036,-114.67488527297974
35.579333628419356,-114.67566847801208
35.57979609856123,-114.67571139335632
35.5807035793801,-114.67488527297974
35.58328635312142,-114.67050790786743
35.58426359713932,-114.66777205467224
35.58591266937625,-114.66433882713318
35.586497252967966,-114.66091632843018
35.58694223164707,-114.65985417366028
35.58728250779194,-114.65943574905396
35.59664389705095,-114.65453267097473
35.598528256834186,-114.65391039848328
35.60048236086021,-114.65374946594238
35.60290747718192,-114.65397477149963
35.604277024790505,-114.65436100959778
35.60524528952843,-114.65444684028625
35.60756558797407,-114.65356707572937
35.609519471316396,-114.65353488922119
35.61191814677473,-114.65402841567993
35.613880645925995,-114.65512275695801
35.616880995992936,-114.65711832046509
35.61927945070614,-114.65922117233276
35.620256255285604,-114.66053009033203
35.620448126211734,-114.66106653213501
35.62091908016958,-114.66397404670715
35.62174760354878,-114.66556191444397
35.622959848603315,-114.66657042503357
35.62716331859531,-114.6681261062622
35.628951034493745,-114.66908097267151
35.63342450933327,-114.67217087745667
35.63863016777969,-114.67520713806152
35.64156855557341,-114.67743873596191
35.64341698155087,-114.67941284179688
35.646180821754356,-114.68360781669617
35.647540909907015,-114.68608617782593
35.65024358046104,-114.68895077705383
35.651141544310974,-114.68937993049622
35.65161231744163,-114.68947649002075
35.65306820937982,-114.6892511844635
35.65974579286105,-114.68999147415161
35.662639820092934,-114.69048500061035
35.665063051364385,-114.69021677970886
35.666335654159596,-114.68950867652893
35.67080703599303,-114.68596816062927
35.67757028769273,-114.68244910240173
35.681797028958286,-114.68096852302551
35.68437653834981,-114.68070030212402
35.686276258829416,-114.68119382858276
35.687600807809716,-114.68194484710693
35.68878591193955,-114.68297481536865
35.69019755711688,-114.68542098999023
35.691522040986186,-114.6884036064148
35.69311662067565,-114.69122529029846
35.696601929762316,-114.6962571144104
35.7008450879572,-114.70116019248962
35.703772474092794,-114.70348834991455
35.7055933237456,-114.7043251991272
35.70640354490981,-114.70489382743835
35.70686528016913,-114.70490455627441
35.70818948721094,-114.70554828643799
35.70854667086959,-114.70537662506104
35.71049808503782,-114.70554828643799
35.71199645991899,-114.70535516738892
35.72693511052648,-114.69941139221191
35.73182113987176,-114.6978235244751
35.73887530582213,-114.69654679298401
35.74228894939637,-114.69640731811523
35.746172661789636,-114.69667553901672
35.7471740367249,-114.6969223022461
35.74876750303953,-114.69761967658997
35.750709224879614,-114.69772696495056
35.75267702020585,-114.69691157341003
35.75459252644246,-114.69652533531189
35.755019155644035,-114.69626784324646
35.75586370058305,-114.69500184059143
35.75656022574667,-114.69436883926392
35.75792713865628,-114.69476580619812
35.75834504364847,-114.69506621360779
35.75935497165087,-114.69635367393494
35.76084372144897,-114.69749093055725
35.76665915543392,-114.70017313957214
35.769993261900545,-114.70106363296509
35.77193446577587,-114.70118165016174
35.77458939883757,-114.70109581947327
35.780369012133725,-114.70004439353943
35.78805420244978,-114.69904661178589
35.78950760336104,-114.69910025596619
35.7904649187831,-114.69934701919556
35.794372386674276,-114.70290899276733
35.798679951535604,-114.7056770324707
35.80425768344972,-114.71137404441833
35.80510170548799,-114.71194267272949
35.80558027070055,-114.71196413040161
35.80766852152045,-114.71047282218933
35.80960880536359,-114.70962524414062
35.8104179680265,-114.70897078514099
35.812114572648625,-114.70624566078186
35.81474206313728,-114.70357418060303
35.82178017711255,-114.7007417678833
35.82690394915622,-114.69717979431152
35.829957177244424,-114.69552755355835
35.830914005176474,-114.69531297683716
35.83236662189219,-114.6953022480011
35.833279930163236,-114.69572067260742
35.83915964408093,-114.70133185386658
35.84263855953284,-114.70335960388184
35.843421294482354,-114.70408916473389
35.84536940126372,-114.70529079437256
35.84727397725844,-114.705730676651
35.84873499085517,-114.705730676651
35.850535131307424,-114.70486164093018
35.851326484468665,-114.7041642665863
35.85231783882317,-114.70285534858704
35.85294395097667,-114.70123529434204
35.853309180782986,-114.69948649406433
35.85362223356364,-114.69554901123047
35.853778759490424,-114.69483017921448
35.854239639591555,-114.69393968582153
35.85488312808122,-114.69304919242859
35.85839613531128,-114.69103217124939
35.859683039593634,-114.68924045562744
35.86043082572806,-114.6876847743988
35.86273500608462,-114.68199849128723
35.863082801074746,-114.68024969100952
35.863256697997514,-114.6778678894043
35.86524779056818,-114.67134475708008
35.8689863881926,-114.6631371974945
35.869247214003096,-114.6626329421997
35.870003603998555,-114.66190338134766
35.87045569572079,-114.66168880462646
35.87135117747894,-114.66169953346252
35.87303778554126,-114.66268658638
35.87378544567092,-114.66341614723206
35.874211434915146,-114.66445684432983
35.874620034691134,-114.66670989990234
35.87502863235977,-114.66731071472168
35.87537637339657,-114.66841578483582
35.878001768958384,-114.67196702957153
35.88506904049389,-114.6784257888794
35.889510754344535,-114.68463778495789
35.895229854530534,-114.69347834587097
35.897115850174,-114.69537734985352
35.89813270475667,-114.69668626785278
35.90050531465073,-114.69902515411377
35.901669866379386,-114.70009803771973
35.90338190012154,-114.70103144645691
35.90699703751463,-114.70389604568481
35.90785734636433,-114.70531225204468
35.909039169533756,-114.70635294914246
35.91112469677227,-114.70789790153503
35.91248025999867,-114.70852017402649
35.916373030394304,-114.70853090286255
35.92138642788397,-114.70754384994507
35.92332392964283,-114.70739364624023
35.92637344387994,-114.70727562904358
35.927824311076584,-114.70749020576477
35.928250009573816,-114.70771551132202
35.93474814290938,-114.71580505371094
35.93954321429482,-114.72583651542664
35.9414194673916,-114.72934484481812
35.9426789641594,-114.73043918609619
35.944007928639294,-114.7311794757843
35.94496337948787,-114.73129749298096
35.946361791265204,-114.73077178001404
35.94781229161824,-114.72994565963745
35.94869821286707,-114.73014950752258
35.95317977988909,-114.72859382629395
35.95512518721241,-114.72840070724487
35.95656684208807,-114.72843289375305
35.961299801101525,-114.72967743873596
35.96223767490377,-114.72998857498169
35.965563563505356,-114.73220944404602
35.969479769701486,-114.7362220287323
35.97537542107742,-114.74041700363159
35.98369283714949,-114.74351763725281
35.98562012996563,-114.74364638328552
35.98705254683235,-114.74324941635132
35.98746056384771,-114.74301338195801
35.9903339856241,-114.7398054599762
35.991740274753056,-114.7393548488617
35.99268646752754,-114.73958015441895
35.99496943639125,-114.74056720733643
35.99590691017054,-114.74077105522156
35.997287059623474,-114.7408139705658
35.999517816162474,-114.74147915840149
36.001939460972665,-114.7416615486145
36.00471688317135,-114.74224090576172
36.006487438759365,-114.74236965179443
36.00935148861705,-114.74168300628662
36.01111326153768,-114.7406530380249
36.0126667133679,-114.73921537399292
36.014480481512585,-114.73720908164978
36.01588634006897,-114.73742365837097
36.01625081782352,-114.7371768951416
36.021535555849056,-114.72870111465454
36.02666375587439,-114.72326159477234
36.02788718575269,-114.72229599952698
36.028841621401284,-114.72211360931396
36.030195164856785,-114.72272515296936
36.03097604473266,-114.72342252731323
36.03138383447994,-114.72398042678833
36.03305835322332,-114.72749948501587
36.03606892691631,-114.73042845726013
36.03783877819779,-114.73327159881592
36.03803831775906,-114.73444104194641
36.03802964213647,-114.73564267158508
36.037465724618315,-114.73976254463196
36.03812507393235,-114.74130749702454
36.03987752816803,-114.74210143089294
36.042610237887274,-114.74264860153198
36.04599346137846,-114.74236965179443
36.047849835058976,-114.74165081977844
36.048231513941694,-114.74135041236877
36.050252646269705,-114.73936557769775
36.05263803611133,-114.73637223243713
36.05430342907276,-114.73517060279846
36.05670604328254,-114.7353208065033
36.058614204472406,-114.7358787059784
36.05942949559985,-114.73644733428955
36.06261251945006,-114.74011659622192
36.06541382082812,-114.7411036491394
36.067746717058924,-114.74213361740112
36.06870934180854,-114.74217653274536
36.0691689692906,-114.74234819412231
36.07089471642943,-114.74344253540039
36.072334255429226,-114.74504113197327
36.0740859480725,-114.74791646003723
36.0785950763783,-114.75294828414917
36.08012985530093,-114.75442886352539
36.081881374304906,-114.75543737411499
36.08235826628553,-114.7555661201477
36.084855398880784,-114.75593090057373
36.08591318807817,-114.75579142570496
36.08732644159736,-114.75539445877075
36.089953464982024,-114.75382804870605
36.095276602881995,-114.74876403808594
36.103225959966295,-114.73730564117432
36.10446553640216,-114.73473072052002
36.105072314939626,-114.73182320594788
36.10724801087736,-114.71757531166077
36.10737803063875,-114.70978617668152
36.10821015201542,-114.70624566078186
36.10844418456431,-114.70327377319336
36.11029041689047,-114.69705104827881
36.11076713649787,-114.69604253768921
36.112353291815545,-114.69398260116577
36.1125093053623,-114.69341397285461
36.1125093053623,-114.69162225723267
36.111703232034756,-114.688800573349
36.111330528667025,-114.6877920627594
36.10951899175996,-114.68447685241699
36.10917228136832,-114.68272805213928
36.1092676268786,-114.68154788017273
36.10982236209723,-114.67989563941956
36.11074113368479,-114.67849016189575
36.11402608757968,-114.67515349388123
36.11574218299373,-114.6723210811615
36.11594152497938,-114.67179536819458
36.11610619841191,-114.66579794883728
36.1163315404442,-114.66426372528076
36.11778758106406,-114.66213941574097
36.120266254775935,-114.66030478477478
36.12417477356471,-114.65803027153015
36.12588198124154,-114.65590596199036
36.128464387267414,-114.65189337730408
36.129850878938505,-114.64907169342041
36.13194790105317,-114.64576721191406
36.133654939667345,-114.64213013648987
36.134937360494064,-114.6403706073761
36.13517131338449,-114.63987708091736
36.135578563048355,-114.63692665100098
36.13610711797104,-114.63592886924744
36.14162640502309,-114.63110089302063
36.14199896457125,-114.63071465492249
36.142163583342885,-114.63024258613586
36.14179968875394,-114.62850451469421
36.14045672982866,-114.62679862976074
36.13699092316651,-114.62375164031982
36.13389756143114,-114.62201356887817
36.13218186285599,-114.62088704109192
36.1314973059863,-114.6202003955841
36.130318814349465,-114.61835503578186
36.12978155493664,-114.61670279502869
36.12966890330302,-114.61550116539001
36.13029281801095,-114.61323738098145
36.132268515198525,-114.60923552513123
36.13570853590041,-114.6042788028717
36.14045672982866,-114.59819555282593
36.141357814483875,-114.59677934646606
36.142683429827656,-114.59292769432068
36.14316861677217,-114.58998799324036
36.14367979262821,-114.588303565979
36.145585842724394,-114.5835292339325
36.146062348011846,-114.58060026168823
36.147231939626835,-114.57878708839417
36.14869607047448,-114.57722067832947
36.149934929075066,-114.5745599269867
36.15104382087539,-114.57122325897217
36.15116510496483,-114.56884145736694
36.15082724167774,-114.5645821094513
36.15093986293516,-114.560387134552
36.15245590258149,-114.55602049827576
36.15216136002979,-114.55419659614563
36.1513903463476,-114.55198645591736
36.150740609831196,-114.548499584198
36.151866816371815,-114.54308152198792
36.15177152259856,-114.5394766330719
36.151442325036385,-114.53771710395813
36.15020349024675,-114.53446626663208
36.14932849724006,-114.5330286026001
36.148124282981875,-114.5323097705841
36.14770843491452,-114.53126907348633
36.14766511728072,-114.53067898750305
36.1477604160435,-114.52887654304504
36.148124282981875,-114.52651619911194
36.150757936208166,-114.51445698738098
36.15059333547247,-114.51146364212036
36.14976166331496,-114.50828790664673
36.149493100630345,-114.50780510902405
36.14478877286383,-114.50143218040466
36.14444221822433,-114.5010244846344
36.14314262469052,-114.50023055076599
36.14169571856136,-114.5000159740448
36.14077730920933,-114.50033783912659
36.14006683422191,-114.50112104415894
36.13920039260312,-114.50326681137085
36.13740682804926,-114.50592756271362
36.13634106737389,-114.50715065002441
36.133360326517135,-114.50912475585938
36.13144531408133,-114.50896382331848
36.13003285415206,-114.50850248336792
36.12849038421157,-114.50716137886047
36.127190526456594,-114.50464010238647
36.12657525294668,-114.50174331665039
36.12661858222497,-114.49888944625854
36.128022437899595,-114.4918942451477
36.1286463656956,-114.48776364326477
36.12958224809022,-114.48434114456177
36.13268444511098,-114.47826862335205
36.13884514877367,-114.46868777275085
36.13946032609344,-114.46576952934265
36.139633614608584,-114.46276545524597
36.13924371491132,-114.4592034816742
36.13833394141596,-114.45711135864258
36.137753413767555,-114.45627450942993
36.13642771512388,-114.45515871047974
36.13371559517863,-114.45384979248047
36.12986820992941,-114.45131778717041
36.12761514902395,-114.44865703582764
36.12608996339598,-114.44717645645142
36.125370689436046,-114.44498777389526
36.125682664493105,-114.4435715675354
36.1301455052633,-114.43535327911377
36.1372941873612,-114.42319750785828
36.140404743859705,-114.42020416259766
36.142787398711256,-114.41815495491028
36.14516131739372,-114.41516160964966
36.14644355015767,-114.41260814666748
36.146573505011226,-114.41203951835632
36.146980695491465,-114.40923929214478
36.14696336828004,-114.40563440322876
36.14582842759607,-114.39853191375732
36.143081976466455,-114.38882231712341
36.141349150257604,-114.38131213188171
36.14153976301413,-114.379563331604
36.14215491920564,-114.3779969215393
36.143489185071346,-114.37549710273743
36.14361914481944,-114.37492847442627
36.14369712056497,-114.37373757362366
36.14342853711521,-114.37258958816528
36.1427007579845,-114.37035799026489
36.14237152235018,-114.36993956565857
36.14080330207468,-114.3685233592987
36.1385592196451,-114.36739683151245
36.13627174910503,-114.36554074287415
36.13401887203175,-114.36443567276001
36.12959091361581,-114.3607771396637
36.12803976929422,-114.359210729599
36.12675723575471,-114.35741901397705
36.121245569327066,-114.3487286567688
36.1184635907456,-114.34501647949219
36.115733515939404,-114.34250593185425
36.113220029820106,-114.3407142162323
36.11120051544823,-114.33865427970886
36.11043776689625,-114.33733463287354
36.10686661833577,-114.33468461036682
36.10630319414728,-114.33328986167908
36.10577443854078,-114.3285584449768
36.10494229136185,-114.32707786560059
36.104266165288344,-114.32621955871582
36.103902094992314,-114.32584404945374
36.10299191187075,-114.32550072669983
36.10079009195034,-114.32320475578308
36.09854486557925,-114.32208895683289
36.096368928614986,-114.3207585811615
36.09492982963286,-114.31915998458862
36.09298787116011,-114.31658506393433
36.09143600377945,-114.31513667106628
36.08897376025626,-114.31320548057556
36.08250566867612,-114.30698275566101
36.08115302460663,-114.30632829666138
36.07785802500554,-114.30526614189148
36.07559480055725,-114.30421471595764
36.07419000779393,-114.30436491966248
36.071536441888775,-114.30583477020264
36.07034837846632,-114.30686473846436
36.069585233371896,-114.30760502815247
36.06596019306372,-114.31251883506775
36.06434708314617,-114.31348443031311
36.06201408610255,-114.3143105506897
36.060565685103526,-114.31439638137817
36.05884838470348,-114.31334495544434
36.05761676234933,-114.3116819858551
36.05701829100704,-114.30877447128296
36.05744329286347,-114.30086731910706
36.05720043494084,-114.29848551750183
36.05609021775027,-114.29582476615906
36.0545462959354,-114.29351806640625
36.051128743301916,-114.29123282432556
36.050356737516644,-114.29055690765381
36.04929847009207,-114.28843259811401
36.04902088939591,-114.28775668144226
36.04810139634867,-114.28372263908386
36.046080208787096,-114.27947402000427
36.04587201484579,-114.2777144908905
36.04648792032731,-114.27359461784363
36.046297076890504,-114.27242517471313
36.04552502372017,-114.2709231376648
36.04389414494434,-114.2696464061737
36.041525840618526,-114.26903486251831
36.04056288332493,-114.26891684532166
36.036719612157896,-114.26917433738708
36.03518398636034,-114.2686378955841
36.03175691686755,-114.2668354511261
36.027930569442134,-114.26435708999634
36.026108433915994,-114.26236152648926
36.02426022483192,-114.25958275794983
36.01995624598275,-114.25175070762634
36.01834219330645,-114.24804925918579
36.0170752255741,-114.24604296684265
36.01593840842283,-114.24490571022034
36.01533962027679,-114.24397230148315
36.01520944833872,-114.24041032791138
36.0144631250774,-114.23822164535522
36.01327420017007,-114.23681616783142
36.012857638295934,-114.23381209373474
36.01310063299005,-114.23205256462097
36.01419409984343,-114.22957420349121
36.01471479301338,-114.22791123390198
36.014628011057276,-114.2267096042633
36.01372547304947,-114.2247462272644
36.014480481512585,-114.21897411346436
36.014358986386085,-114.21659231185913
36.01475818395561,-114.21486496925354
36.014628011057276,-114.21348094940186
36.014792896692214,-114.21229004859924
36.015391688991826,-114.21066999435425
36.01646776806765,-114.20668959617615
36.01659793792747,-114.20611023902893
36.01658058195857,-114.20430779457092
36.01775210128025,-114.20104622840881
36.017795490550334,-114.19984459877014
36.01969591714192,-114.19113278388977
36.022195038512734,-114.1860044002533
36.02325367019443,-114.1823673248291
36.024225516265375,-114.17967438697815
36.026151818584935,-114.17620897293091
36.026672432748924,-114.17454600334167
36.02697612275585,-114.16686415672302
36.02675920144179,-114.16388154029846
36.026195203229996,-114.16096329689026
36.02504116353705,-114.1575837135315
36.02320160667379,-114.15335655212402
36.02313218859272,-114.15156483650208
36.02343589224581,-114.15043830871582
36.02520602738526,-114.14777755737305
36.02714965937707,-114.14600729942322
36.02856396858707,-114.14565324783325
36.03285880104456,-114.14566397666931
36.03411683893573,-114.14478421211243
36.03535750490011,-114.14297103881836
36.03702326343084,-114.1386365890503
36.03730088642725,-114.13816452026367
36.0380990470904,-114.13745641708374
36.041135453945856,-114.13577198982239
36.043954869759595,-114.13486003875732
36.04541225127504,-114.13484930992126
36.05051287412897,-114.13593292236328
36.05341001952179,-114.13615822792053
36.05720043494084,-114.1351068019867
36.06165849311706,-114.1333794593811
36.06841448502864,-114.12978529930115
36.07294995382459,-114.12585854530334
36.0754387137116,-114.12410974502563
36.08251433939639,-114.12127733230591
36.08591318807817,-114.11957144737244
36.08833217709351,-114.11758661270142
36.093958856394735,-114.11238312721252
36.09486914415694,-114.11202907562256
36.09582276764641,-114.11195397377014
36.096264898246964,-114.11220073699951
36.09979318468539,-114.1151511669159
36.10106748998326,-114.11693215370178
36.10132754974963,-114.1180694103241
36.10182166093424,-114.11909937858582
36.10393676842653,-114.12103056907654
36.10578310669416,-114.12177085876465
36.10821015201542,-114.12166357040405
36.110559113752274,-114.12095546722412
36.11375740257907,-114.11860585212708
36.114095425495115,-114.11818742752075
36.1155861758694,-114.11581635475159
36.11907026114555,-114.10856366157532
36.1193909278919,-114.10683631896973
36.1193909278919,-114.10033464431763
36.120196922309304,-114.09779191017151
36.120846911780426,-114.09703016281128
36.13163595089781,-114.09266352653503
36.13990221105065,-114.08899426460266
36.142354194120614,-114.08708453178406
36.14685074131254,-114.08261060714722
36.15754958111851,-114.07731056213379
36.16186335618667,-114.0745747089386
36.168177671158745,-114.07202124595642
36.173885235560945,-114.06871676445007
36.17986084384551,-114.06501531600952
36.18467564009449,-114.0615713596344
36.18789688529376,-114.05850291252136
36.188927309418574,-114.05646443367004
36.190304073434945,-114.05196905136108
36.1918106931127,-114.04894351959229
36.19316143093898,-114.04454469680786
36.193360576211795,-114.04406189918518
36.19379349897057,-114.04395461082458
36.22426524486052,-114.04404044151306
36.24504328443978,-114.04384732246399
36.27451767986685,-114.04552102088928
36.28884857986341,-114.04556393623352
36.3030298607838,-114.0450382232666
36.31043077364877,-114.04433012008667
36.31686277218819,-114.04406189918518
36.331998351908965,-114.04477000236511
36.346318691677595,-114.04470562934875
36.38266514090333,-114.04301047325134
36.391509437318035,-114.04305338859558
36.418036289557634,-114.04277443885803
36.44745391845018,-114.04283881187439
36.469621984521,-114.04313921928406
36.49162845612908,-114.04483437538147
36.50639370040155,-114.04507040977478
36.52115612897625,-114.045649766922
36.535295066779526,-114.04568195343018
36.56480607840353,-114.04631495475769
36.607087837599366,-114.04749512672424
36.71019661868341,-114.04994130134583
36.73854021298223,-114.049973487854